Tarih;PM10;SO2;CO;NO2;NOX;NO;PM25;IstasyonTipi;Haftasonu/Haftaici;Ay;Yil
;;;;;;;;;;;
;#REF!;#REF!;#REF!;#REF!;#REF!;#REF!;#REF!;;;;
28.02.2019;10,46;4,79;469,61;27,09;35,01;7,92;4,95;Kentsel;Haftaici;2;2019
27.02.2019;17,82;1,58;396,95;35,14;43,9;8,76;3,46;Kentsel;Haftaici;2;2019
26.02.2019;25,72;4,52;426,05;42,61;54,91;12,3;9,85;Kentsel;Haftaici;2;2019
25.02.2019;;2,44;642,36;42,84;57,34;14,49;;Kentsel;Haftaici;2;2019
22.02.2019;34,52;5,24;1281,93;71,05;122,77;51,72;;Kentsel;Haftaici;2;2019
21.02.2019;42,19;16,8;417,72;47,91;64,5;16,59;13,01;Kentsel;Haftaici;2;2019
20.02.2019;44,6;7,35;973,74;67,58;167,74;100,16;9,17;Kentsel;Haftaici;2;2019
19.02.2019;31,25;11,27;797,32;57,23;109,28;52,05;12,68;Kentsel;Haftaici;2;2019
18.02.2019;33,51;20,44;477,12;50,7;78,79;28,09;10,14;Kentsel;Haftaici;2;2019
17.02.2019;30,2;5,15;1041,91;68,53;132,8;64,27;10,99;Kentsel;Haftasonu ;2;2019
16.02.2019;12,58;3,09;466,86;42,78;57,32;14,54;3;Kentsel;Haftasonu ;2;2019
15.02.2019;12,43;2,89;413,01;33,12;42,34;9,22;2,61;Kentsel;Haftaici;2;2019
14.02.2019;12,42;2,7;403,77;24,88;34,81;9,93;2,82;Kentsel;Haftaici;2;2019
13.02.2019;18,25;5;441,18;40,08;50,8;10,72;7,55;Kentsel;Haftaici;2;2019
11.02.2019;19,98;3,85;562,17;44,2;69,8;25,6;5,66;Kentsel;Haftaici;2;2019
10.02.2019;14,61;3,09;489,47;44,01;56,55;12,55;4,63;Kentsel;Haftasonu ;2;2019
9.02.2019;16,69;3,26;502,4;49,83;65,49;15,65;2,79;Kentsel;Haftasonu ;2;2019
8.02.2019;22,66;2,38;707,8;58,48;85,93;27,46;6,04;Kentsel;Haftaici;2;2019
7.02.2019;13,84;2,18;687,91;57,7;88,4;30,7;4,66;Kentsel;Haftaici;2;2019
6.02.2019;28,54;5,85;686,1;62,26;89,01;26,75;5,05;Kentsel;Haftaici;2;2019
5.02.2019;44,71;9,37;710,6;68,39;98,26;29,87;7,85;Kentsel;Haftaici;2;2019
4.02.2019;74,62;8,89;965,84;77,18;124,82;47,64;16,09;Kentsel;Haftaici;2;2019
1.02.2019;16,79;6,48;547,36;41,36;54,09;12,73;3,11;Kentsel;Haftaici;2;2019
31.01.2019;15,94;1,7;169,4;21,02;28,14;7,12;3,79;Kentsel;Haftaici;1;2019
30.01.2019;23,33;2,35;362,18;36,07;46,31;10,23;2,1;Kentsel;Haftaici;1;2019
29.01.2019;31,36;2,96;404,7;40,46;53,06;12,6;6,02;Kentsel;Haftaici;1;2019
28.01.2019;44,8;3,15;913,4;71,8;144,62;72,83;8,08;Kentsel;Haftaici;1;2019
25.01.2019;17,59;2,52;312,13;32,78;43,2;10,42;1,86;Kentsel;Haftaici;1;2019
24.01.2019;44,85;4,83;544,76;50,22;68,4;18,18;10,46;Kentsel;Haftaici;1;2019
23.01.2019;30,54;5,52;463,22;44,42;58,27;13,86;3,99;Kentsel;Haftaici;1;2019
22.01.2019;66,63;5,82;1153,59;79;120,29;41,3;14,83;Kentsel;Haftaici;1;2019
21.01.2019;;3,77;1259,7;84,06;144,41;60,35;;Kentsel;Haftaici;1;2019
20.01.2019;48,63;6,62;661,92;61,86;88,71;26,86;14,06;Kentsel;Haftasonu ;1;2019
19.01.2019;49,19;6,35;1007,51;81,62;136,24;54,63;19,74;Kentsel;Haftasonu ;1;2019
18.01.2019;;4,77;296,77;44,54;62,36;17,82;10,04;Kentsel;Haftaici;1;2019
17.01.2019;31,2;5,26;609,88;52,66;80,81;28,15;7,58;Kentsel;Haftaici;1;2019
16.01.2019;15,78;6,5;331,81;40,83;55,29;14,46;7,61;Kentsel;Haftaici;1;2019
15.01.2019;;2,65;369,42;27,14;36,15;9,01;;Kentsel;Haftaici;1;2019
14.01.2019;27,05;2,48;523,98;;;;6,38;Kentsel;Haftaici;1;2019
13.01.2019;41,95;3,34;795,39;64,72;103,58;38,86;21,69;Kentsel;Haftasonu ;1;2019
12.01.2019;28,88;5,94;1112,97;73,78;125,84;52,06;10,29;Kentsel;Haftasonu ;1;2019
11.01.2019;25,29;6,26;413,06;46,12;56,43;10,31;6,37;Kentsel;Haftaici;1;2019
10.01.2019;64,6;11,93;1327,82;94,07;156,04;61,97;30,22;Kentsel;Haftaici;1;2019
9.01.2019;31,5;8,76;613,12;55,07;83,75;28,69;;Kentsel;Haftaici;1;2019
8.01.2019;23,84;5,93;438,25;37,2;51,41;14,2;7,99;Kentsel;Haftaici;1;2019
7.01.2019;38,63;16,65;884,2;82,74;125,12;42,38;25,03;Kentsel;Haftaici;1;2019
6.01.2019;19,33;13,21;389,32;40,31;52,18;11,87;6,4;Kentsel;Haftasonu ;1;2019
5.01.2019;34,27;3,66;1095,16;67,65;126,42;58,77;13,65;Kentsel;Haftasonu ;1;2019
4.01.2019;9,88;8,48;635,88;45,21;75,59;30,37;2,03;Kentsel;Haftaici;1;2019
3.01.2019;13,83;5,37;379,42;38,37;50,74;12,37;5,94;Kentsel;Haftaici;1;2019
2.01.2019;38,17;9,14;754,07;63,65;100,13;36,48;14,53;Kentsel;Haftaici;1;2019
1.01.2019;24,47;7,54;582,44;43,36;55,84;12,48;8,92;Kentsel;Haftaici;1;2019
31.12.2018;37,16;18,62;549,77;66,07;91,01;24,94;19,33;Kentsel;Haftaici;12;2018
28.12.2018;41,64;76,63;1074,95;90,99;187,43;96,44;19,65;Kentsel;Haftaici;12;2018
27.12.2018;52,11;23,61;832,23;80,82;130,48;49,66;28,92;Kentsel;Haftaici;12;2018
26.12.2018;16,94;4,35;659,73;59,6;82,3;22,7;7,65;Kentsel;Haftaici;12;2018
25.12.2018;16,24;2,04;641,4;62,78;105,31;42,53;5,54;Kentsel;Haftaici;12;2018
24.12.2018;19,36;7,14;243,25;43,81;54,49;10,69;5,93;Kentsel;Haftaici;12;2018
21.12.2018;44,22;7,47;663,71;55,16;123,59;68,43;9,02;Kentsel;Haftaici;12;2018
20.12.2018;15,05;4,63;531,04;46,36;83,32;36,95;3,29;Kentsel;Haftaici;12;2018
19.12.2018;15,27;5,67;424,43;63,49;88,77;25,29;4,36;Kentsel;Haftaici;12;2018
18.12.2018;28,22;3,51;390,94;57,45;74,84;17,38;6,76;Kentsel;Haftaici;12;2018
17.12.2018;63,27;6,82;863,57;74,36;134,46;60,09;29,19;Kentsel;Haftaici;12;2018
14.12.2018;77,15;5,96;1800,46;100,72;205,59;104,88;49,61;Kentsel;Haftaici;12;2018
13.12.2018;17,97;4,94;368,63;55,09;74,98;19,89;6,63;Kentsel;Haftaici;12;2018
12.12.2018;25,64;5,64;392,94;56,05;73,51;17,46;7,81;Kentsel;Haftaici;12;2018
11.12.2018;5,83;2,65;517,16;65,37;97,1;31,74;1,25;Kentsel;Haftaici;12;2018
9.12.2018;71,32;9,82;1353,62;78,15;156,95;78,81;33,66;Kentsel;Haftasonu ;12;2018
8.12.2018;39,69;5,91;969,89;82,76;175,96;93,2;14,42;Kentsel;Haftasonu ;12;2018
7.12.2018;8,7;2,49;256,6;47,5;56,86;9,36;2,3;Kentsel;Haftaici;12;2018
6.12.2018;8,87;1,43;212,77;44,9;54,14;9,24;1,26;Kentsel;Haftaici;12;2018
5.12.2018;31,34;4,59;704,91;81,74;126,48;44,74;10,27;Kentsel;Haftaici;12;2018
4.12.2018;53,8;7,54;1016,99;82,39;145,56;63,17;18,06;Kentsel;Haftaici;12;2018
3.12.2018;67,39;6,02;648,25;66,5;105,02;38,52;26,17;Kentsel;Haftaici;12;2018
2.12.2018;35,94;5;1008,44;73,85;156,81;82,95;11,2;Kentsel;Haftasonu ;12;2018
1.12.2018;24,11;16,35;463,15;48,13;89,8;41,67;7,11;Kentsel;Haftasonu ;12;2018
30.11.2018;22,77;2,24;869,62;62;118,44;56,45;8,86;Kentsel;Haftaici;11;2018
29.11.2018;19,74;4,37;613,88;58,11;78,68;20,57;6,05;Kentsel;Haftaici;11;2018
28.11.2018;17,2;1,59;311,4;44,72;54,64;9,92;3,42;Kentsel;Haftaici;11;2018
27.11.2018;15,01;2,18;353,83;45,09;56,66;11,57;1,98;Kentsel;Haftaici;11;2018
11.11.2018;50,76;9,09;1355,49;;;;;Kentsel;Haftasonu ;11;2018
10.11.2018;46,29;6,33;1206,39;86,74;195,24;108,5;;Kentsel;Haftasonu ;11;2018
8.11.2018;66,62;8,79;1091,23;96,23;215,27;119,03;;Kentsel;Haftaici;11;2018
7.11.2018;48;6,23;1174,9;91,09;222,83;131,73;;Kentsel;Haftaici;11;2018
6.11.2018;49,83;6,43;668,54;72,32;123,18;50,86;;Kentsel;Haftaici;11;2018
5.11.2018;23,84;4,65;578,66;70,8;120,66;49,86;;Kentsel;Haftaici;11;2018
23.10.2018;47,22;3,76;919,36;;;;13,47;Kentsel;Haftaici;10;2018
22.10.2018;42,52;3,35;920,33;;;;13,7;Kentsel;Haftaici;10;2018
21.10.2018;23,48;2,2;450,25;;;;5,64;Kentsel;Haftasonu ;10;2018
20.10.2018;63,71;2,87;311,12;;;;14,57;Kentsel;Haftasonu ;10;2018
19.10.2018;138,49;4,02;835,87;;;;40,43;Kentsel;Haftaici;10;2018
18.10.2018;185,39;4,76;905,61;;;;47,07;Kentsel;Haftaici;10;2018
17.10.2018;342,39;4,61;858,46;;;;88,68;Kentsel;Haftaici;10;2018
16.10.2018;304,66;9,63;581,64;71,68;114,69;43,01;78,66;Kentsel;Haftaici;10;2018
15.10.2018;58,71;3,21;548,44;71,38;113,09;41,71;16,19;Kentsel;Haftaici;10;2018
14.10.2018;45,58;4,33;655,57;71,19;133,53;62,33;12,08;Kentsel;Haftasonu ;10;2018
13.10.2018;39,95;4,06;367,2;56,44;70,2;13,75;12,65;Kentsel;Haftasonu ;10;2018
12.10.2018;29,15;4,36;277,99;49,07;58,14;9,07;6,96;Kentsel;Haftaici;10;2018
11.10.2018;;2,66;570,91;66,91;92,7;25,78;14,5;Kentsel;Haftaici;10;2018
10.10.2018;;2,82;337,39;51,78;63,71;11,93;8,16;Kentsel;Haftaici;10;2018
9.10.2018;;4,63;878,56;92,43;163,91;71,48;;Kentsel;Haftaici;10;2018
7.10.2018;;5,01;1167,13;80,67;191,06;110,39;;Kentsel;Haftasonu ;10;2018
6.10.2018;;2,73;412,46;54,7;70,16;15,46;;Kentsel;Haftasonu ;10;2018
5.10.2018;;2,94;198,52;37,23;43,06;5,83;;Kentsel;Haftaici;10;2018
4.10.2018;;6,75;168,29;25,91;29,39;3,47;;Kentsel;Haftaici;10;2018
3.10.2018;;3,22;699,9;79,62;140,07;60,44;;Kentsel;Haftaici;10;2018
2.10.2018;20,36;4,17;;;;;2,11;Kentsel;Haftaici;10;2018
30.09.2018;;1,82;540,14;30,19;48,5;18,3;;Kentsel;Haftasonu ;9;2018
29.09.2018;;2,53;453,85;38,61;61,72;23,11;;Kentsel;Haftasonu ;9;2018
28.09.2018;;3,72;1137,74;42,5;93,93;51,43;;Kentsel;Haftaici;9;2018
27.09.2018;;2,27;379,34;24,3;30,53;6,23;3,4;Kentsel;Haftaici;9;2018
26.09.2018;;1,94;256,58;20,85;26,28;5,43;3,54;Kentsel;Haftaici;9;2018
25.09.2018;;2,97;278,88;35,8;50,9;15,1;8,89;Kentsel;Haftaici;9;2018
24.09.2018;;5,81;871,32;57,54;118,31;60,77;14,92;Kentsel;Haftaici;9;2018
23.09.2018;;4,72;681,63;45,65;84,08;38,43;7,71;Kentsel;Haftasonu ;9;2018
22.09.2018;36,43;7,28;491,81;43,84;66,77;22,93;5,32;Kentsel;Haftasonu ;9;2018
20.09.2018;28,66;3,02;452,27;35,2;49,76;14,56;6,97;Kentsel;Haftaici;9;2018
19.09.2018;17,7;3,09;437,77;32,86;49,41;16,55;8,98;Kentsel;Haftaici;9;2018
18.09.2018;13;1,81;427,37;25,98;31,54;5,56;5,34;Kentsel;Haftaici;9;2018
17.09.2018;22,05;2,09;298,11;19,8;24,38;4,58;8,76;Kentsel;Haftaici;9;2018
16.09.2018;29,18;2,7;363,27;23,21;28,65;5,44;8,25;Kentsel;Haftasonu ;9;2018
15.09.2018;15,97;4,03;414,95;26,04;32,33;6,28;5,04;Kentsel;Haftasonu ;9;2018
14.09.2018;;8,02;234,99;24,13;29,76;5,64;;Kentsel;Haftaici;9;2018
13.09.2018;27,7;6,31;442,9;62,66;73,82;11,16;15,16;Kentsel;Haftaici;9;2018
12.09.2018;23,45;6,7;277,35;40,27;48,44;8,17;10,41;Kentsel;Haftaici;9;2018
11.09.2018;18,78;7,55;163,72;28,57;34,3;5,73;7,38;Kentsel;Haftaici;9;2018
8.09.2018;24,16;8,59;208,46;;;;12,18;Kentsel;Haftasonu ;9;2018
7.09.2018;18,11;8,04;143,98;;;;6,09;Kentsel;Haftaici;9;2018
6.09.2018;26,45;7,97;151,69;;;;8,07;Kentsel;Haftaici;9;2018
5.09.2018;;7,31;315,35;58,07;67,34;9,27;;Kentsel;Haftaici;9;2018
31.08.2018;22,82;4,2;392,71;32,93;38,89;5,96;7,31;Kentsel;Haftaici;8;2018
30.08.2018;28,2;3,3;503,4;42,5;46,6;4,09;10,58;Kentsel;Haftaici;8;2018
29.08.2018;27,3;4,1;440,36;27,41;30,91;3,5;8,09;Kentsel;Haftaici;8;2018
28.08.2018;30,12;4,05;482,64;53,68;63,39;9,7;14,29;Kentsel;Haftaici;8;2018
27.08.2018;26,42;4,51;389,74;33,32;38,6;5,28;;Kentsel;Haftaici;8;2018
20.08.2018;19,11;3,66;419,71;49,83;62,8;12,97;8,32;Kentsel;Haftaici;8;2018
19.08.2018;21,7;3,09;288,39;17,92;21,28;3,36;7,03;Kentsel;Haftasonu ;8;2018
18.08.2018;18,22;2,67;286,69;18,46;21,53;3,08;8,66;Kentsel;Haftasonu ;8;2018
17.08.2018;27,89;4,48;298,71;32,2;36,19;3,98;9,13;Kentsel;Haftaici;8;2018
16.08.2018;23,32;6,21;398,56;55,72;68,33;12,62;11,59;Kentsel;Haftaici;8;2018
15.08.2018;23,31;4,47;545,82;71,59;114,76;43,17;5,82;Kentsel;Haftaici;8;2018
14.08.2018;20,85;4,08;462,69;53,57;69;15,42;4,47;Kentsel;Haftaici;8;2018
13.08.2018;21,45;3,21;277,93;29,62;35,57;5,95;4,49;Kentsel;Haftaici;8;2018
12.08.2018;14,01;3,18;266,62;24,41;29,28;4,87;3,74;Kentsel;Haftasonu ;8;2018
10.08.2018;15,42;2,67;235,87;;;;4,66;Kentsel;Haftaici;8;2018
9.08.2018;20,22;2,61;256,33;;;;8,37;Kentsel;Haftaici;8;2018
7.08.2018;23,97;3;254,56;;;;8,4;Kentsel;Haftaici;8;2018
6.08.2018;23,09;3,81;234,9;;;;11,73;Kentsel;Haftaici;8;2018
5.08.2018;16,94;3,4;281,86;42,29;49,06;6,77;6,76;Kentsel;Haftasonu ;8;2018
4.08.2018;14,13;3,01;247,55;36,8;43,06;6,26;6,51;Kentsel;Haftasonu ;8;2018
3.08.2018;;2,75;312,94;34,46;40,36;5,9;;Kentsel;Haftaici;8;2018
2.08.2018;33,64;2,81;769,12;64,96;96,73;31,77;;Kentsel;Haftaici;8;2018
1.08.2018;16,8;3,09;346,73;31,32;36,83;5,5;;Kentsel;Haftaici;8;2018
31.07.2018;23,35;2,77;285,28;;;;;Kentsel;Haftaici;7;2018
30.07.2018;;5,13;244,91;35,62;39,72;4,1;;Kentsel;Haftaici;7;2018
28.07.2018;20,64;2,55;424,58;38,4;45,9;7,5;8,08;Kentsel;Haftasonu ;7;2018
27.07.2018;24,77;3,04;524,41;54,52;65,17;10,64;11,1;Kentsel;Haftaici;7;2018
26.07.2018;31,61;2,77;504,94;42,35;55,82;13,47;14,7;Kentsel;Haftaici;7;2018
25.07.2018;26,17;4,26;369,64;36;42;6;8,87;Kentsel;Haftaici;7;2018
24.07.2018;49,67;4,65;368,42;42,45;47,4;4,95;;Kentsel;Haftaici;7;2018
22.07.2018;;2,81;400,74;17,22;21,45;4,23;;Kentsel;Haftasonu ;7;2018
21.07.2018;;2,62;474,47;29,44;34,63;5,19;;Kentsel;Haftasonu ;7;2018
20.07.2018;;4,44;398,82;29,02;35,23;6,2;;Kentsel;Haftaici;7;2018
19.07.2018;;4,24;360,89;27,53;33,18;5,65;;Kentsel;Haftaici;7;2018
18.07.2018;;4,67;493,19;50,08;59,26;9,18;;Kentsel;Haftaici;7;2018
17.07.2018;;4,95;374,62;49,46;66,97;17,51;;Kentsel;Haftaici;7;2018
16.07.2018;;3,1;186,3;16,97;18,88;1,91;;Kentsel;Haftaici;7;2018
15.07.2018;;1,66;233,16;18,15;20,47;2,33;;Kentsel;Haftasonu ;7;2018
14.07.2018;;1,27;404,05;33,86;37,27;3,41;;Kentsel;Haftasonu ;7;2018
13.07.2018;;2,14;306,42;;;;;Kentsel;Haftaici;7;2018
12.07.2018;;1,4;420,53;23,79;25,27;1,48;;Kentsel;Haftaici;7;2018
27.06.2018;;;582,15;6,41;28,78;22,37;22,22;Kentsel;Haftaici;6;2018
26.06.2018;;;396,81;6,13;28,24;22,11;30,27;Kentsel;Haftaici;6;2018
25.06.2018;;;370,09;6,38;25,15;18,77;25,65;Kentsel;Haftaici;6;2018
24.06.2018;;;437,35;5,46;21,05;15,59;16,1;Kentsel;Haftasonu ;6;2018
23.06.2018;;;477,93;8,08;27,54;19,46;21,83;Kentsel;Haftasonu ;6;2018
22.06.2018;;;476,06;7,17;27,35;20,19;23,22;Kentsel;Haftaici;6;2018
21.06.2018;;;303,19;9,58;20,48;10,9;17,86;Kentsel;Haftaici;6;2018
20.06.2018;;;425,64;31,69;50,14;18,45;20,33;Kentsel;Haftaici;6;2018
19.06.2018;;;566,55;35,16;68,66;33,5;26,11;Kentsel;Haftaici;6;2018
18.06.2018;;;391,32;29,83;48,02;18,19;20,51;Kentsel;Haftaici;6;2018
17.06.2018;;;287,87;22,22;34,04;11,82;17,08;Kentsel;Haftasonu ;6;2018
16.06.2018;;;364,02;20,23;30,52;10,29;16,88;Kentsel;Haftasonu ;6;2018
15.06.2018;;;387,4;21,34;34,67;13,33;23,33;Kentsel;Haftaici;6;2018
14.06.2018;;;537,62;31,45;45,85;14,4;22,73;Kentsel;Haftaici;6;2018
13.06.2018;;;560,75;35,03;56,6;21,57;17,36;Kentsel;Haftaici;6;2018
12.06.2018;;;407,05;30,32;49,62;19,31;16,87;Kentsel;Haftaici;6;2018
11.06.2018;;;404,21;27,7;39,47;11,77;22,13;Kentsel;Haftaici;6;2018
10.06.2018;;;416,28;21,33;29,22;7,89;22,17;Kentsel;Haftasonu ;6;2018
9.06.2018;;;528,47;27,59;44,52;16,94;22,09;Kentsel;Haftasonu ;6;2018
8.06.2018;;;480,14;34,82;54,59;19,77;22,17;Kentsel;Haftaici;6;2018
7.06.2018;;;562,91;;;;36,99;Kentsel;Haftaici;6;2018
6.06.2018;;;437,33;36,06;60,78;24,72;24,55;Kentsel;Haftaici;6;2018
5.06.2018;;;381,01;35,18;58,74;23,56;29,7;Kentsel;Haftaici;6;2018
4.06.2018;;;391,01;28,68;45,06;16,38;17,28;Kentsel;Haftaici;6;2018
3.06.2018;;;188,24;19,79;31;11,21;13,82;Kentsel;Haftasonu ;6;2018
2.06.2018;;;284,33;24,11;39,61;15,5;15,15;Kentsel;Haftasonu ;6;2018
1.06.2018;;;435,63;34,78;54,63;19,84;18,36;Kentsel;Haftaici;6;2018
31.05.2018;;;379,3;25,21;45,81;20,6;25,41;Kentsel;Haftaici;5;2018
30.05.2018;;;247,62;20,26;33,69;13,43;17,79;Kentsel;Haftaici;5;2018
29.05.2018;;;479,22;26,43;43,46;17,03;18,88;Kentsel;Haftaici;5;2018
28.05.2018;;;500,31;26,96;43,14;16,19;26,01;Kentsel;Haftaici;5;2018
27.05.2018;;;466,07;23,25;32,76;9,51;18,85;Kentsel;Haftasonu ;5;2018
26.05.2018;;;;30,92;52,16;21,24;;Kentsel;Haftasonu ;5;2018
16.04.2018;64,65;7,12;986,9;21,83;77,47;55,64;19,64;Kentsel;Haftaici;4;2018
15.04.2018;32,04;5,23;166,1;11,37;48,61;37,25;15,13;Kentsel;Haftasonu ;4;2018
14.04.2018;58,98;5,23;398,8;14,63;86,36;71,74;19,86;Kentsel;Haftasonu ;4;2018
13.04.2018;78,14;11,85;84,79;14,41;95,7;81,29;26,41;Kentsel;Haftaici;4;2018
12.04.2018;59,99;4,25;499,25;15,98;89,96;73,97;21,46;Kentsel;Haftaici;4;2018
11.04.2018;50,57;6,53;432,05;19,06;98,63;79,57;22,42;Kentsel;Haftaici;4;2018
10.04.2018;43,85;6,36;219,02;17,75;75,27;57,51;16,22;Kentsel;Haftaici;4;2018
9.04.2018;42,5;3,33;464,49;17,49;43,75;26,26;16,42;Kentsel;Haftaici;4;2018
8.04.2018;43,86;5,34;351,62;12,27;35,49;23,21;15,61;Kentsel;Haftasonu ;4;2018
7.04.2018;44,97;5,37;272,52;18,32;64,56;46,24;11,85;Kentsel;Haftasonu ;4;2018
6.04.2018;44,72;5,54;252,44;16,07;67,94;51,87;11,29;Kentsel;Haftaici;4;2018
5.04.2018;70,95;9,7;525,01;21,75;115,63;93,88;20,51;Kentsel;Haftaici;4;2018
4.04.2018;58,28;7,19;481,03;25,44;87,31;61,88;21,97;Kentsel;Haftaici;4;2018
3.04.2018;32,32;7,96;292,1;24,34;47,99;23,66;16,05;Kentsel;Haftaici;4;2018
2.04.2018;18,13;3,47;210,65;17,46;28,8;11,35;;Kentsel;Haftaici;4;2018
1.04.2018;22,59;3,3;361,24;16,12;31,03;14,91;7,99;Kentsel;Haftasonu ;4;2018
31.03.2018;25,89;4,15;215,28;16,39;53,08;36,69;10,02;Kentsel;Haftasonu ;3;2018
30.03.2018;28,13;5,96;624,94;21,21;41,52;20,31;18,71;Kentsel;Haftaici;3;2018
29.03.2018;21,65;2,53;350,79;26,03;41,66;15,62;;Kentsel;Haftaici;3;2018
28.03.2018;147,12;4,41;375,13;19,51;40,27;20,76;27,09;Kentsel;Haftaici;3;2018
27.03.2018;280,67;6;118,41;21,68;34,45;12,77;51,47;Kentsel;Haftaici;3;2018
26.03.2018;84,64;3,73;433,14;29,54;46,38;16,84;20,65;Kentsel;Haftaici;3;2018
25.03.2018;22,9;3,93;340,78;20,41;31,14;10,73;6,22;Kentsel;Haftasonu ;3;2018
24.03.2018;36,63;3,91;173,47;23,36;33,14;9,78;;Kentsel;Haftasonu ;3;2018
23.03.2018;181,94;3,27;386,56;17,32;25,61;8,28;28,73;Kentsel;Haftaici;3;2018
22.03.2018;75,03;4,6;152,76;22,88;56,86;33,98;11,54;Kentsel;Haftaici;3;2018
21.03.2018;43,9;3,99;303,77;23,33;52,45;29,13;13,51;Kentsel;Haftaici;3;2018
20.03.2018;80,54;4,27;365,92;14,3;22,16;7,86;18,98;Kentsel;Haftaici;3;2018
19.03.2018;75,95;5,19;1076,27;24,91;66,3;41,38;20,38;Kentsel;Haftaici;3;2018
18.03.2018;130,76;4,16;411,03;19,12;44,24;25,12;30,03;Kentsel;Haftasonu ;3;2018
17.03.2018;50,02;5,48;180,85;18,07;36,3;18,24;19,21;Kentsel;Haftasonu ;3;2018
16.03.2018;24,79;4;398,92;23,82;39,36;15,54;15,01;Kentsel;Haftaici;3;2018
15.03.2018;17,83;4,63;193,2;20,25;34,1;13,84;;Kentsel;Haftaici;3;2018
14.03.2018;20,22;2,54;378,69;18,37;31,89;13,51;9,32;Kentsel;Haftaici;3;2018
13.03.2018;53,84;4,13;627,29;24,18;78,53;54,35;29,32;Kentsel;Haftaici;3;2018
12.03.2018;68,25;11,34;630,22;34,88;117,31;82,43;29,48;Kentsel;Haftaici;3;2018
11.03.2018;50,22;7,31;505,71;31,07;101,44;70,37;18,11;Kentsel;Haftasonu ;3;2018
10.03.2018;26,74;5,78;172,93;27,67;64,44;36,77;14,03;Kentsel;Haftasonu ;3;2018
9.03.2018;25,66;2,35;317,2;26,31;48,61;22,3;;Kentsel;Haftaici;3;2018
8.03.2018;94,37;3,6;362,28;25,37;39,94;14,57;28,64;Kentsel;Haftaici;3;2018
7.03.2018;120,45;3,54;287,16;16,56;34,73;18,17;27,75;Kentsel;Haftaici;3;2018
6.03.2018;71,08;3,81;811,96;34,37;85,58;51,21;24,63;Kentsel;Haftaici;3;2018
5.03.2018;70,07;4,27;1190,51;36,29;104,66;68,37;29,69;Kentsel;Haftaici;3;2018
4.03.2018;23,56;3,15;819,1;30,86;45,8;14,94;;Kentsel;Haftasonu ;3;2018
3.03.2018;84,13;3,09;256,11;18,41;24,85;6,45;21,65;Kentsel;Haftasonu ;3;2018
2.03.2018;52,11;5,06;197,46;38,72;78,06;39,34;29,91;Kentsel;Haftaici;3;2018
1.03.2018;31,34;5,99;284,47;27,7;38,52;10,82;21,88;Kentsel;Haftaici;3;2018
28.02.2018;15,45;3,56;927,52;21,79;27,73;5,95;7,16;Kentsel;Haftaici;2;2018
27.02.2018;15,5;5,29;413,1;19,9;26,8;6,9;;Kentsel;Haftaici;2;2018
26.02.2018;21,11;4,03;127,16;27,44;43,17;15,73;;Kentsel;Haftaici;2;2018
25.02.2018;15,72;4,31;365,99;24,48;39,48;15;;Kentsel;Haftasonu ;2;2018
24.02.2018;38,62;3,79;496,17;38,16;78,36;40,21;;Kentsel;Haftasonu ;2;2018
23.02.2018;45,02;5,6;1009,32;39,93;88,7;48,77;22,97;Kentsel;Haftaici;2;2018
22.02.2018;35,07;3,69;927,16;37,72;84,39;46,67;;Kentsel;Haftaici;2;2018
21.02.2018;52,86;4,38;1188,54;44;80,56;36,56;46,44;Kentsel;Haftaici;2;2018
20.02.2018;53,55;11,89;384,39;39,05;70,24;31,19;31,47;Kentsel;Haftaici;2;2018
19.02.2018;72,2;7,86;556,05;45,68;94,97;49,3;40,06;Kentsel;Haftaici;2;2018
18.02.2018;36,1;9,1;323,6;41,34;94,14;52,8;19,11;Kentsel;Haftasonu ;2;2018
17.02.2018;55,13;6,69;395,65;36,21;87,92;53,64;32,71;Kentsel;Haftasonu ;2;2018
16.02.2018;36,78;5,2;864,8;35,8;67,94;32,13;23,79;Kentsel;Haftaici;2;2018
15.02.2018;30,67;5,08;292,92;34,39;65,7;31,32;;Kentsel;Haftaici;2;2018
14.02.2018;34,53;5,05;441,27;40,41;67,97;27,56;;Kentsel;Haftaici;2;2018
13.02.2018;36,26;7,15;671,42;41,85;73,37;31,53;22,09;Kentsel;Haftaici;2;2018
12.02.2018;29,73;5,61;750,04;39,13;70,84;31,72;17,05;Kentsel;Haftaici;2;2018
11.02.2018;59,33;5,62;230,31;28,51;43,98;15,47;28,06;Kentsel;Haftasonu ;2;2018
10.02.2018;88,31;6,34;1228,56;49,27;101,75;52,48;48,41;Kentsel;Haftasonu ;2;2018
9.02.2018;91,74;6,65;1030,87;48,64;104,44;55,8;32,95;Kentsel;Haftaici;2;2018
8.02.2018;94,25;6,83;331,23;55,38;103,1;47,72;39,76;Kentsel;Haftaici;2;2018
7.02.2018;101,04;7,18;132,49;51,19;84,19;33;31,36;Kentsel;Haftaici;2;2018
6.02.2018;94,44;8,34;405,24;59,87;111,27;51,39;41,77;Kentsel;Haftaici;2;2018
5.02.2018;49,17;8,36;520,5;52,64;84,42;31,77;19,19;Kentsel;Haftaici;2;2018
4.02.2018;51,78;7,85;347,23;45,26;67,02;21,75;19,12;Kentsel;Haftasonu ;2;2018
3.02.2018;34,06;8,6;180,11;31,17;42,32;11,15;16,8;Kentsel;Haftasonu ;2;2018
2.02.2018;55,99;8,26;108,18;59,13;91,16;32,03;24,61;Kentsel;Haftaici;2;2018
1.02.2018;83,19;11,94;198,01;57,16;88,53;31,37;42,83;Kentsel;Haftaici;2;2018
31.01.2018;65,48;10,29;605,02;66,14;141,82;75,68;30,2;Kentsel;Haftaici;1;2018
30.01.2018;61,95;7,77;126,01;58,68;112,38;53,69;31,16;Kentsel;Haftaici;1;2018
29.01.2018;53,44;8,2;233,15;45,87;79,4;33,53;28,84;Kentsel;Haftaici;1;2018
28.01.2018;49,24;8,08;204,13;44,61;56,62;12,01;25,31;Kentsel;Haftasonu ;1;2018
27.01.2018;25,42;5,36;107,24;40,85;54,02;13,18;11,28;Kentsel;Haftasonu ;1;2018
26.01.2018;21,9;5,1;205,17;30,58;40,48;9,89;11,4;Kentsel;Haftaici;1;2018
25.01.2018;16,68;6,08;279,63;22,1;30,2;8,09;7,13;Kentsel;Haftaici;1;2018
24.01.2018;15,74;4,02;499,31;25,66;33,2;7,55;7,17;Kentsel;Haftaici;1;2018
23.01.2018;21,65;4,31;93,21;19,99;25,37;5,38;11,94;Kentsel;Haftaici;1;2018
22.01.2018;27,63;5,52;855,98;43,4;68,4;25;13,93;Kentsel;Haftaici;1;2018
21.01.2018;16,69;8,5;77,67;24,42;31,66;7,24;6,63;Kentsel;Haftasonu ;1;2018
20.01.2018;42,16;8,4;145,31;48;69,48;21,48;25,27;Kentsel;Haftasonu ;1;2018
19.01.2018;44,38;8,9;669,8;56,07;113,19;57,12;23,99;Kentsel;Haftaici;1;2018
18.01.2018;19,24;4,34;280,48;27,11;34,44;7,33;10,18;Kentsel;Haftaici;1;2018
17.01.2018;22,23;6,04;111,62;39,35;51,29;11,94;9,79;Kentsel;Haftaici;1;2018
16.01.2018;57,82;8,62;809,51;58,17;150,48;92,31;;Kentsel;Haftaici;1;2018
15.01.2018;39,03;6,95;271,27;32,37;44,58;12,2;17,42;Kentsel;Haftaici;1;2018
14.01.2018;25,82;4,9;814,33;33,6;47,35;13,75;20,27;Kentsel;Haftasonu ;1;2018
13.01.2018;50,45;6,5;325,75;52,46;71,46;19;27,23;Kentsel;Haftasonu ;1;2018
12.01.2018;39,48;6,9;392,61;50,55;83,8;33,25;31,3;Kentsel;Haftaici;1;2018
11.01.2018;123,09;9,55;1282,31;74,14;215,59;141,45;77,12;Kentsel;Haftaici;1;2018
10.01.2018;95,44;10,67;540,92;55,3;101,39;46,09;52,37;Kentsel;Haftaici;1;2018
9.01.2018;132,64;8,82;751,87;56,13;117,36;61,23;89,73;Kentsel;Haftaici;1;2018
8.01.2018;106,47;7,26;699,31;59,34;122,49;63,15;74,57;Kentsel;Haftaici;1;2018
7.01.2018;55,03;6,61;480,28;55,09;129,13;74,04;37,35;Kentsel;Haftasonu ;1;2018
6.01.2018;90,14;10,41;1113,26;67,1;174,92;107,82;49,8;Kentsel;Haftasonu ;1;2018
5.01.2018;70,27;8,86;215,19;60,83;101,1;40,27;38,92;Kentsel;Haftaici;1;2018
4.01.2018;30,16;6,5;939,94;61,21;107,56;46,35;20,98;Kentsel;Haftaici;1;2018
3.01.2018;37,07;7,71;156,43;45,33;64,8;19,47;19,05;Kentsel;Haftaici;1;2018
2.01.2018;70,88;8,83;532,56;52,81;122,94;70,14;44,21;Kentsel;Haftaici;1;2018
1.01.2018;37,27;12,82;564,24;38,14;60,42;22,28;27,45;Kentsel;Haftaici;1;2018
31.12.2017;46,7;9,55;254,68;51,09;70,87;19,78;33,86;Kentsel;Haftasonu ;12;2017
30.12.2017;28,76;6,24;353,47;28,91;36,39;7,48;9,37;Kentsel;Haftasonu ;12;2017
29.12.2017;42,43;8,63;257,27;44,02;58,82;14,8;17,91;Kentsel;Haftaici;12;2017
28.12.2017;82,65;10,5;867,59;78,66;165,09;86,43;43,64;Kentsel;Haftaici;12;2017
27.12.2017;108,22;10,47;1642,77;90,23;245,78;155,55;59,02;Kentsel;Haftaici;12;2017
26.12.2017;96,35;8,2;911,36;74,61;144,13;69,52;60,14;Kentsel;Haftaici;12;2017
25.12.2017;51,77;8,84;816,25;72,08;181,68;109,6;35,68;Kentsel;Haftaici;12;2017
24.12.2017;29,99;6,72;837,19;53,39;87,12;33,72;;Kentsel;Haftasonu ;12;2017
23.12.2017;38,58;5,72;433,57;42,83;61,5;18,67;24,04;Kentsel;Haftasonu ;12;2017
22.12.2017;37,43;5,85;768,19;36,5;64,39;27,89;23,81;Kentsel;Haftaici;12;2017
21.12.2017;70,72;6,19;585,8;51,92;103,26;51,34;36,54;Kentsel;Haftaici;12;2017
20.12.2017;76,03;8,68;297,39;49,98;84,59;34,61;38,38;Kentsel;Haftaici;12;2017
19.12.2017;39,31;7,06;288,55;56,26;90,56;34,3;13,03;Kentsel;Haftaici;12;2017
18.12.2017;41,14;6,82;577,36;;;;28,9;Kentsel;Haftaici;12;2017
17.12.2017;23,42;6,46;530,39;38,53;49,93;11,41;;Kentsel;Haftasonu ;12;2017
16.12.2017;85,47;10,1;235,27;62,47;116,91;54,44;46,13;Kentsel;Haftasonu ;12;2017
15.12.2017;235,64;16,47;2765,55;115,11;417,46;302,35;139,32;Kentsel;Haftaici;12;2017
14.12.2017;208,39;15,6;2597,08;99,66;352,08;252,42;117,72;Kentsel;Haftaici;12;2017
13.12.2017;139,25;10,52;1017,42;82,74;241,7;158,96;65,88;Kentsel;Haftaici;12;2017
12.12.2017;141,55;13,67;1479,18;97,95;287,76;189,81;60,19;Kentsel;Haftaici;12;2017
11.12.2017;70,74;8,64;1292,97;72,94;192,02;119,08;23,47;Kentsel;Haftaici;12;2017
10.12.2017;20,96;8,15;51,69;;;;9;Kentsel;Haftasonu ;12;2017
9.12.2017;147,3;17,33;1845,71;89,72;246,9;157,19;76,07;Kentsel;Haftasonu ;12;2017
8.12.2017;78,26;16,19;714,98;65,44;125,01;59,57;35,15;Kentsel;Haftaici;12;2017
7.12.2017;39,96;8,9;432,41;46,28;54,53;8,25;23,43;Kentsel;Haftaici;12;2017
6.12.2017;23,67;6,38;251,48;41,33;45,89;4,56;10,35;Kentsel;Haftaici;12;2017
5.12.2017;26,81;6,4;690,52;50,33;67,13;16,81;16,65;Kentsel;Haftaici;12;2017
4.12.2017;114,41;11,92;728,87;74,81;158,19;83,38;44,43;Kentsel;Haftaici;12;2017
3.12.2017;126,48;13,59;1807,48;81,23;225,11;143,88;58,14;Kentsel;Haftasonu ;12;2017
2.12.2017;119,89;13,8;1490,72;84,62;201,67;117,05;56,4;Kentsel;Haftasonu ;12;2017
1.12.2017;95,14;9,16;994,99;73,94;163,78;89,85;44,67;Kentsel;Haftaici;12;2017
30.11.2017;61,62;7,96;350,64;60,01;100,9;40,89;27,05;Kentsel;Haftaici;11;2017
29.11.2017;35,13;8,64;315,9;54,43;71,54;17,11;18,53;Kentsel;Haftaici;11;2017
28.11.2017;21,41;6,64;5,09;49,95;58,94;8,99;9,59;Kentsel;Haftaici;11;2017
27.11.2017;64,56;8,46;567,1;59,15;87,63;28,48;34,28;Kentsel;Haftaici;11;2017
26.11.2017;74,39;11,24;922,17;62,81;153,42;90,61;40,59;Kentsel;Haftasonu ;11;2017
25.11.2017;57,24;9,74;898,85;55,1;118,31;63,2;29,44;Kentsel;Haftasonu ;11;2017
24.11.2017;48,48;10,38;492,66;56,64;84,33;27,69;20,73;Kentsel;Haftaici;11;2017
23.11.2017;28,37;9,21;684,26;53,21;84,67;31,46;20,68;Kentsel;Haftaici;11;2017
22.11.2017;24,71;11,34;375,82;37,96;44,29;6,33;14,51;Kentsel;Haftaici;11;2017
21.11.2017;33,29;9,16;852,68;42,3;51,23;8,93;15,41;Kentsel;Haftaici;11;2017
20.11.2017;19,24;4,67;480,4;44,24;47,99;3,74;6,77;Kentsel;Haftaici;11;2017
19.11.2017;76,94;9,48;379,77;62,73;91,54;28,81;30,13;Kentsel;Haftasonu ;11;2017
18.11.2017;154,05;13,34;2034,68;93,63;217,47;123,84;68,05;Kentsel;Haftasonu ;11;2017
17.11.2017;;12,14;1547,38;101,02;253,53;152,51;;Kentsel;Haftaici;11;2017
16.11.2017;93,64;9,28;1095,29;71,93;129,22;57,29;29,64;Kentsel;Haftaici;11;2017
15.11.2017;121,27;12,09;1612,86;85,82;211,97;126,15;40,94;Kentsel;Haftaici;11;2017
14.11.2017;119;12,13;2060,75;80,28;217,62;137,34;38,24;Kentsel;Haftaici;11;2017
13.11.2017;97,57;11,47;357,04;77,42;136,84;59,42;30,18;Kentsel;Haftaici;11;2017
12.11.2017;108,44;8,7;1077,53;66,6;176,96;110,36;47,2;Kentsel;Haftasonu ;11;2017
11.11.2017;109,39;12,49;734,4;71,87;168,92;97,05;55;Kentsel;Haftasonu ;11;2017
10.11.2017;101,95;15,1;735,84;66,56;172,23;105,67;47,82;Kentsel;Haftaici;11;2017
9.11.2017;134,86;9;1468,13;85,47;256,92;171,45;62,86;Kentsel;Haftaici;11;2017
8.11.2017;120,07;9,27;964,15;79,84;212,6;132,76;60;Kentsel;Haftaici;11;2017
7.11.2017;77,24;9,81;1371,28;70,1;193,05;122,95;40,28;Kentsel;Haftaici;11;2017
6.11.2017;42,96;5,23;1302,69;45,79;78,43;32,65;25,88;Kentsel;Haftaici;11;2017
5.11.2017;42,52;7,52;802,59;47,08;66;18,92;30,08;Kentsel;Haftasonu ;11;2017
4.11.2017;91,4;9,36;293,21;64,78;94,28;29,51;34,84;Kentsel;Haftasonu ;11;2017
3.11.2017;112,97;10,93;1197,11;92,52;282,09;189,57;45,05;Kentsel;Haftaici;11;2017
2.11.2017;90,85;8,19;794,84;76,87;211,65;134,78;38,69;Kentsel;Haftaici;11;2017
1.11.2017;37,08;9,8;290,74;45,5;74,43;28,93;18,11;Kentsel;Haftaici;11;2017
31.10.2017;36,46;8,2;2097,86;41,75;62,05;20,3;12,83;Kentsel;Haftaici;10;2017
30.10.2017;26,65;6,13;364,34;37,39;48,65;11,27;11,82;Kentsel;Haftaici;10;2017
29.10.2017;22,91;4,98;1234,61;43,26;76,46;33,2;12,03;Kentsel;Haftasonu ;10;2017
28.10.2017;71,36;6,55;607,56;57,22;110,41;53,19;28,21;Kentsel;Haftasonu ;10;2017
27.10.2017;54,28;6,34;1005,26;56,27;112,2;55,93;22,86;Kentsel;Haftaici;10;2017
26.10.2017;49,94;11,23;742,79;40,64;76,68;36,04;19,32;Kentsel;Haftaici;10;2017
25.10.2017;26,09;6,21;381,22;30,4;40,96;10,56;12,35;Kentsel;Haftaici;10;2017
24.10.2017;119,8;7,6;586,36;50,64;93,91;43,27;22,51;Kentsel;Haftaici;10;2017
23.10.2017;103,57;12,21;686,04;73,35;148,18;74,83;26,06;Kentsel;Haftaici;10;2017
22.10.2017;82,63;22,48;617,96;66,32;159,21;92,89;25,32;Kentsel;Haftasonu ;10;2017
21.10.2017;101,11;22,77;1108,48;73,26;192,24;118,98;28,37;Kentsel;Haftasonu ;10;2017
20.10.2017;113,45;12,05;1322,16;83,28;248,95;165,68;31,33;Kentsel;Haftaici;10;2017
19.10.2017;121,97;9,23;1252,49;83,81;252,37;168,56;28,07;Kentsel;Haftaici;10;2017
18.10.2017;93,44;9,3;2449,68;65,25;166,07;100,82;23;Kentsel;Haftaici;10;2017
17.10.2017;57,36;6,19;1791,65;49,97;101,56;51,59;15,03;Kentsel;Haftaici;10;2017
16.10.2017;44,19;10,34;1465,14;38,08;53,46;15,38;13,13;Kentsel;Haftaici;10;2017
15.10.2017;31,41;5,02;;39,07;63,42;24,35;13,48;Kentsel;Haftasonu ;10;2017
14.10.2017;39,72;6,67;795,3;46,97;58,61;11,63;13,67;Kentsel;Haftasonu ;10;2017
13.10.2017;74,76;10,77;1733,03;78,45;192,74;114,29;23,79;Kentsel;Haftaici;10;2017
12.10.2017;51,85;6,15;2096,83;59,04;122,75;63,72;17,81;Kentsel;Haftaici;10;2017
11.10.2017;51,05;6,33;597,73;62,27;105,62;43,35;18,05;Kentsel;Haftaici;10;2017
10.10.2017;42,69;8,31;1873,19;52,67;85,24;32,57;17,84;Kentsel;Haftaici;10;2017
9.10.2017;30,77;7,19;639,89;45,95;59,07;13,12;16,62;Kentsel;Haftaici;10;2017
8.10.2017;47,92;5,78;402,63;25,93;28,67;2,73;11,43;Kentsel;Haftasonu ;10;2017
7.10.2017;68,83;6,18;1978,32;53,53;68,17;14,64;18,5;Kentsel;Haftasonu ;10;2017
6.10.2017;68,4;6,77;2515,71;74,36;177,1;102,74;17,17;Kentsel;Haftaici;10;2017
5.10.2017;67,17;8,64;2270,86;72,13;150,57;78,44;21,05;Kentsel;Haftaici;10;2017
4.10.2017;59,13;4,91;386,56;58,11;105,32;47,22;15,56;Kentsel;Haftaici;10;2017
3.10.2017;38,41;;1984,79;50,09;66,31;16,21;11,61;Kentsel;Haftaici;10;2017
2.10.2017;19,11;4,37;;29,6;32,47;2,87;7,04;Kentsel;Haftaici;10;2017
1.10.2017;30,01;4,94;;37,23;45,48;8,26;12,32;Kentsel;Haftasonu ;10;2017
30.09.2017;47,06;3,94;816,5;34,72;41,05;6,33;13,05;Kentsel;Haftasonu ;9;2017
29.09.2017;51,06;3,86;751,37;37,42;43,32;5,9;16,72;Kentsel;Haftaici;9;2017
28.09.2017;45,76;5,66;976,34;31,04;34,63;3,59;14,77;Kentsel;Haftaici;9;2017
27.09.2017;50,26;8,71;1012,61;51,83;75,35;23,53;19,86;Kentsel;Haftaici;9;2017
26.09.2017;47,28;4,9;523,48;55,34;77,2;21,87;14,3;Kentsel;Haftaici;9;2017
25.09.2017;57,76;6,65;858,87;51,89;71,48;19,59;12,2;Kentsel;Haftaici;9;2017
24.09.2017;59,38;5,44;1262,36;55,63;73,59;17,96;16,83;Kentsel;Haftasonu ;9;2017
23.09.2017;48,43;8,43;391,68;42,23;51,69;9,46;16,33;Kentsel;Haftasonu ;9;2017
22.09.2017;36,38;6,92;155,29;31,38;34,56;3,18;10,41;Kentsel;Haftaici;9;2017
21.09.2017;112,45;5,51;2138,26;41,3;55,05;13,75;20,63;Kentsel;Haftaici;9;2017
20.09.2017;83,86;8,5;728,21;65,21;134,92;69,71;23,52;Kentsel;Haftaici;9;2017
19.09.2017;105,8;8,53;636,43;56,07;71,56;15,49;25,49;Kentsel;Haftaici;9;2017
18.09.2017;102,72;7,35;887,25;96,71;188,09;91,38;30,31;Kentsel;Haftaici;9;2017
17.09.2017;94,81;8,49;964,21;62,87;102,6;39,73;24,61;Kentsel;Haftasonu ;9;2017
16.09.2017;97,12;7,63;919,06;65;89,42;24,43;24,77;Kentsel;Haftasonu ;9;2017
15.09.2017;99,81;8,65;1399,02;83,75;159,65;75,9;24,7;Kentsel;Haftaici;9;2017
14.09.2017;80,57;8,02;784,53;47,29;55,85;8,56;15,99;Kentsel;Haftaici;9;2017
13.09.2017;131,95;9,64;1022,17;68,81;117,05;48,24;26,77;Kentsel;Haftaici;9;2017
12.09.2017;100,1;9,35;846,98;70,57;120,84;50,26;26,23;Kentsel;Haftaici;9;2017
11.09.2017;99,59;6,11;944,75;69,45;135,4;65,95;21,95;Kentsel;Haftaici;9;2017
10.09.2017;98,91;9,48;1200,35;54,57;101,67;47,1;22,99;Kentsel;Haftasonu ;9;2017
9.09.2017;62,95;8,68;1412,45;70,12;111,16;41,04;15,58;Kentsel;Haftasonu ;9;2017
8.09.2017;63,52;9,29;1161,42;86,79;156,73;69,94;14,83;Kentsel;Haftaici;9;2017
7.09.2017;43,92;5,91;849,87;72,57;120,36;47,79;13,15;Kentsel;Haftaici;9;2017
6.09.2017;27,17;8,33;326,69;15,74;17,69;1,94;10,02;Kentsel;Haftaici;9;2017
5.09.2017;61,09;9,34;1075,89;42,79;52,45;9,66;20,04;Kentsel;Haftaici;9;2017
4.09.2017;40,13;8,51;873,3;49,13;67,71;18,58;14,66;Kentsel;Haftaici;9;2017
3.09.2017;32,04;11,33;958;52,49;79,55;27,06;13,67;Kentsel;Haftasonu ;9;2017
2.09.2017;25,35;10,03;744,67;52,56;81,8;29,24;10,98;Kentsel;Haftasonu ;9;2017
1.09.2017;22,27;8,27;264,51;39,94;47,24;7,31;6,89;Kentsel;Haftaici;9;2017
31.08.2017;20,56;7,4;403,12;10,94;12,33;1,4;8,07;Kentsel;Haftaici;8;2017
30.08.2017;37,44;6,39;877,68;;;;13,22;Kentsel;Haftaici;8;2017
29.08.2017;45,57;6,18;814,43;38,16;42,01;3,84;13,46;Kentsel;Haftaici;8;2017
28.08.2017;37,16;7,82;654,7;18,25;19,32;1,07;11,25;Kentsel;Haftaici;8;2017
27.08.2017;41,47;6,2;631,3;32,53;35,81;3,29;11,55;Kentsel;Haftasonu ;8;2017
26.08.2017;28,36;5,72;516,02;20,9;22,41;1,51;8,47;Kentsel;Haftasonu ;8;2017
25.08.2017;36,03;5,99;538,6;21,26;23,16;1,89;9,55;Kentsel;Haftaici;8;2017
24.08.2017;32,97;6,63;455,49;27,32;29,3;1,98;12,74;Kentsel;Haftaici;8;2017
23.08.2017;30,13;7,88;210,6;36,07;41,08;5;8,77;Kentsel;Haftaici;8;2017
22.08.2017;32,24;9,97;452,8;27,57;29,56;1,98;12,81;Kentsel;Haftaici;8;2017
21.08.2017;37,4;7,59;656,05;47,49;54,02;6,53;11,49;Kentsel;Haftaici;8;2017
20.08.2017;50,08;9,51;686,54;49,69;76,63;26,94;16,15;Kentsel;Haftasonu ;8;2017
19.08.2017;49,26;8,81;799,65;48,56;63,34;14,78;16,75;Kentsel;Haftasonu ;8;2017
18.08.2017;37,31;7,35;613,24;27;29,03;2,02;21,62;Kentsel;Haftaici;8;2017
17.08.2017;39,93;6,51;904,89;48,58;56,04;7,46;16,62;Kentsel;Haftaici;8;2017
16.08.2017;;7,5;913,75;33,73;37,09;3,36;;Kentsel;Haftaici;8;2017
15.08.2017;54,15;9,79;687,05;;;;17,74;Kentsel;Haftaici;8;2017
14.08.2017;71,33;1,65;1233,24;;;;19,73;Kentsel;Haftaici;8;2017
13.08.2017;60,17;12,8;89,88;58,22;112,57;54,35;21,62;Kentsel;Haftasonu ;8;2017
12.08.2017;52,23;43,98;1876,4;26,95;35,45;8,49;17,03;Kentsel;Haftasonu ;8;2017
11.08.2017;50,12;10,74;296,09;17,36;27,95;10,59;17,16;Kentsel;Haftaici;8;2017
10.08.2017;45,06;46,82;;20,88;29,82;8,94;13,07;Kentsel;Haftaici;8;2017
9.08.2017;80,78;;202,14;27,19;38,03;10,85;18,56;Kentsel;Haftaici;8;2017
8.08.2017;49,51;42,16;;43,42;56,52;13,11;15,4;Kentsel;Haftaici;8;2017
7.08.2017;66,34;7,83;893,22;78,01;124,05;46,03;20,6;Kentsel;Haftaici;8;2017
6.08.2017;39,61;40,6;;42,78;54,74;11,96;15,18;Kentsel;Haftasonu ;8;2017
5.08.2017;49,12;12,26;742,65;29,94;41,24;11,29;17,54;Kentsel;Haftasonu ;8;2017
4.08.2017;40,64;31,18;1581,5;48,92;61,97;13,06;20,29;Kentsel;Haftaici;8;2017
3.08.2017;60,02;7,92;495,25;23,45;35,1;11,64;16,57;Kentsel;Haftaici;8;2017
2.08.2017;42,39;40,07;;28,01;37,96;9,95;11,19;Kentsel;Haftaici;8;2017
1.08.2017;45,23;11,26;1252,46;31,86;44,16;12,29;12,59;Kentsel;Haftaici;8;2017
31.07.2017;23,09;34,95;;19,79;28,12;8,33;6,01;Kentsel;Haftaici;7;2017
30.07.2017;30,7;9,61;554,45;17,17;25,82;8,65;10,44;Kentsel;Haftasonu ;7;2017
29.07.2017;23,63;32,5;;21,09;26,27;5,18;;Kentsel;Haftasonu ;7;2017
28.07.2017;47,49;14,18;158,5;20,78;26,07;5,29;13,86;Kentsel;Haftaici;7;2017
27.07.2017;79,83;40,48;;28,81;36,95;8,15;15,99;Kentsel;Haftaici;7;2017
26.07.2017;88,55;9,9;433,45;51,55;81,61;30,06;18,09;Kentsel;Haftaici;7;2017
25.07.2017;43,29;38,43;;54,46;92,7;38,24;15,97;Kentsel;Haftaici;7;2017
24.07.2017;46,22;13,77;399,62;32,32;40,86;8,54;17,24;Kentsel;Haftaici;7;2017
23.07.2017;22,95;35,5;;15,78;20,35;4,57;5,72;Kentsel;Haftasonu ;7;2017
22.07.2017;43,7;;503,07;31,28;35,66;4,38;16,48;Kentsel;Haftasonu ;7;2017
21.07.2017;30,65;17,61;;22,26;25,62;3,36;8,91;Kentsel;Haftaici;7;2017
20.07.2017;44,62;;482,86;17,11;20,45;3,34;14,64;Kentsel;Haftaici;7;2017
19.07.2017;29,71;13,3;;16,92;20,39;3,47;11,5;Kentsel;Haftaici;7;2017
18.07.2017;56,92;;450,95;19,08;22,98;3,9;20,34;Kentsel;Haftaici;7;2017
17.07.2017;37,57;17,59;;54,48;65,89;11,41;12,58;Kentsel;Haftaici;7;2017
16.07.2017;44,05;4,99;770,9;19,37;138,37;118,99;17,98;Kentsel;Haftasonu ;7;2017
15.07.2017;49,79;6,96;641,26;16,3;134,8;118,51;15,95;Kentsel;Haftasonu ;7;2017
14.07.2017;41,11;5,61;316,72;17,1;155,74;138,63;11,75;Kentsel;Haftaici;7;2017
13.07.2017;48,07;3,49;349,85;17,89;150,19;132,3;11,83;Kentsel;Haftaici;7;2017
12.07.2017;48,56;3,48;441,9;21,62;157,13;135,51;11,53;Kentsel;Haftaici;7;2017
11.07.2017;37,86;4,58;332,29;20,12;144,93;124,81;11,02;Kentsel;Haftaici;7;2017
10.07.2017;29,9;5,02;344,36;15,9;129,68;113,78;6,37;Kentsel;Haftaici;7;2017
9.07.2017;23,74;4,14;118,65;13,32;104,45;91,13;7,44;Kentsel;Haftasonu ;7;2017
8.07.2017;29,32;6,26;263,89;12,41;92,5;80,08;9,94;Kentsel;Haftasonu ;7;2017
7.07.2017;28,08;5,53;352,33;12,22;104,85;92,63;10,46;Kentsel;Haftaici;7;2017
6.07.2017;23,94;3,16;473,91;12,13;103,24;91,11;6,97;Kentsel;Haftaici;7;2017
5.07.2017;27,59;3,94;1054,59;12,09;100,19;88,1;7,51;Kentsel;Haftaici;7;2017
4.07.2017;53,6;5,01;381,14;13,82;93,74;79,92;18,61;Kentsel;Haftaici;7;2017
3.07.2017;49,05;6,22;126,49;28,49;198,85;170,35;15,22;Kentsel;Haftaici;7;2017
2.07.2017;35,09;4,58;356,27;31,77;182,23;150,46;12,59;Kentsel;Haftasonu ;7;2017
1.07.2017;53,08;5,22;206,14;17,97;136,97;119,01;15,95;Kentsel;Haftasonu ;7;2017
30.06.2017;64,95;6,07;331,87;15,71;143,63;127,92;17,74;Kentsel;Haftaici;6;2017
29.06.2017;29,58;9,03;227,85;15,98;98,55;82,57;13,1;Kentsel;Haftaici;6;2017
28.06.2017;38,4;11,74;426,16;16,03;95,28;79,24;15,25;Kentsel;Haftaici;6;2017
27.06.2017;33,53;6,77;845;17,62;110,79;93,17;18,22;Kentsel;Haftaici;6;2017
26.06.2017;19,08;3,6;610,77;19,62;99,01;79,39;;Kentsel;Haftaici;6;2017
25.06.2017;21,53;3,39;889,49;14,18;72,24;58,05;9,23;Kentsel;Haftasonu ;6;2017
24.06.2017;32,68;9,21;659,66;11,33;76,07;64,73;16,59;Kentsel;Haftasonu ;6;2017
23.06.2017;36,09;3,67;426,37;16,79;86,14;69,35;14,58;Kentsel;Haftaici;6;2017
22.06.2017;28,1;4,76;589,56;11,19;87,56;76,36;10,81;Kentsel;Haftaici;6;2017
21.06.2017;50,59;2,52;932,26;15,93;74,31;58,37;21,78;Kentsel;Haftaici;6;2017
20.06.2017;28,53;3,49;373,11;12,53;35,88;23,36;12,03;Kentsel;Haftaici;6;2017
19.06.2017;28,9;3,99;428,83;14,09;46,44;32,36;17,99;Kentsel;Haftaici;6;2017
18.06.2017;34,36;8,46;631,68;16,01;36,61;20,6;;Kentsel;Haftasonu ;6;2017
17.06.2017;39,48;4,59;378,43;16,06;48,17;32,1;12,67;Kentsel;Haftasonu ;6;2017
16.06.2017;29,77;4,73;51,45;10,45;33,83;23,38;10,5;Kentsel;Haftaici;6;2017
15.06.2017;37,67;5,17;335,86;19,6;34,22;14,63;14,5;Kentsel;Haftaici;6;2017
14.06.2017;42,53;6,71;314,56;11,29;41,3;30,01;14,65;Kentsel;Haftaici;6;2017
13.06.2017;37,42;3,3;262,1;16,4;74,04;57,64;10,25;Kentsel;Haftaici;6;2017
12.06.2017;28,85;4,77;547,61;12,46;50,36;37,89;9,27;Kentsel;Haftaici;6;2017
11.06.2017;24,32;3,85;320,76;12,95;44,52;31,57;11,94;Kentsel;Haftasonu ;6;2017
10.06.2017;23,96;7,66;119,51;11,23;31,15;19,91;8,65;Kentsel;Haftasonu ;6;2017
9.06.2017;30,79;5,38;503,53;12,78;48,4;35,62;12,27;Kentsel;Haftaici;6;2017
8.06.2017;52,95;6,15;430,34;14,06;76,95;62,89;20,41;Kentsel;Haftaici;6;2017
7.06.2017;46,63;6,09;665,52;19,87;88,87;69;18,29;Kentsel;Haftaici;6;2017
6.06.2017;22,6;5,18;459,94;18,39;58,91;40,52;;Kentsel;Haftaici;6;2017
5.06.2017;33,32;2,84;502,29;18,93;70,56;51,62;13,14;Kentsel;Haftaici;6;2017
4.06.2017;34,61;6,1;654,05;17,21;67,5;50,29;16,54;Kentsel;Haftasonu ;6;2017
3.06.2017;39,64;2,88;472,41;19,27;85,88;66,61;15,73;Kentsel;Haftasonu ;6;2017
2.06.2017;40,32;4,45;1167,58;20,4;68,16;47,75;14,93;Kentsel;Haftaici;6;2017
1.06.2017;36,94;4,67;762,24;15,01;56,38;41,37;18,42;Kentsel;Haftaici;6;2017
31.05.2017;29;6,97;956,3;17,95;44,25;26,3;13,2;Kentsel;Haftaici;5;2017
30.05.2017;19,82;3,09;745,34;12,32;26,8;14,48;8,16;Kentsel;Haftaici;5;2017
29.05.2017;23,62;2,55;673,93;;;;8,26;Kentsel;Haftaici;5;2017
28.05.2017;18,37;3,83;377,9;9,86;39,59;29,72;;Kentsel;Haftasonu ;5;2017
27.05.2017;25,34;4,57;650,93;16,72;51,41;34,69;16,71;Kentsel;Haftasonu ;5;2017
26.05.2017;31,22;3,73;972,2;20,49;63,1;42,61;19,58;Kentsel;Haftaici;5;2017
25.05.2017;36,33;4,06;530,76;19,65;54,94;35,29;11,03;Kentsel;Haftaici;5;2017
24.05.2017;30,48;6,7;654,48;23,07;57,25;34,17;10,39;Kentsel;Haftaici;5;2017
23.05.2017;29,25;3,27;381,25;22,25;37,96;15,7;9;Kentsel;Haftaici;5;2017
22.05.2017;25,89;3,66;125,29;22,89;35,55;12,66;9,09;Kentsel;Haftaici;5;2017
21.05.2017;28,72;7,69;499,86;19,7;36,16;16,45;13,33;Kentsel;Haftasonu ;5;2017
20.05.2017;24,5;6,95;198,04;16,48;34,16;17,69;9,19;Kentsel;Haftasonu ;5;2017
19.05.2017;11,18;4,45;392,9;13,36;39,78;26,42;5,49;Kentsel;Haftaici;5;2017
18.05.2017;33,26;3,16;570,94;21,91;47,19;25,27;9,75;Kentsel;Haftaici;5;2017
17.05.2017;33,95;2,81;548,06;29,16;52,78;23,62;8,59;Kentsel;Haftaici;5;2017
16.05.2017;23,46;1,9;296,66;19,54;51,02;31,48;5,71;Kentsel;Haftaici;5;2017
15.05.2017;15,87;1,57;302,93;15,26;24,92;9,66;3,91;Kentsel;Haftaici;5;2017
14.05.2017;105,78;5,26;480,49;16,26;19,35;3,09;19,78;Kentsel;Haftasonu ;5;2017
13.05.2017;136,13;4,22;670,64;36,61;43,23;6,63;23,01;Kentsel;Haftasonu ;5;2017
12.05.2017;43,7;4,65;397,87;59,37;98,16;38,79;10,48;Kentsel;Haftaici;5;2017
11.05.2017;33,04;4,54;452,71;47;59,93;12,94;10,97;Kentsel;Haftaici;5;2017
10.05.2017;30,2;7,69;323,94;21,51;25,28;3,77;8,66;Kentsel;Haftaici;5;2017
9.05.2017;71,01;3,66;671,95;21,98;28,25;6,28;9,84;Kentsel;Haftaici;5;2017
8.05.2017;54,43;4,19;565,75;24,68;29,41;4,73;12,39;Kentsel;Haftaici;5;2017
7.05.2017;24,9;2,63;772,29;45,5;61,52;16,02;9,38;Kentsel;Haftasonu ;5;2017
6.05.2017;43,92;3,65;337,61;41,28;47,42;6,14;13,24;Kentsel;Haftasonu ;5;2017
5.05.2017;46,62;4,55;598,34;45,98;65,94;19,96;12,19;Kentsel;Haftaici;5;2017
4.05.2017;52,9;3,09;743,06;48,06;69,57;21,51;13,5;Kentsel;Haftaici;5;2017
3.05.2017;50,51;5,22;607,02;41,58;47,46;5,88;12,18;Kentsel;Haftaici;5;2017
2.05.2017;66,78;5,66;911,75;83,14;159,46;76,32;20,95;Kentsel;Haftaici;5;2017
1.05.2017;72,81;3,23;973,18;;;;18,42;Kentsel;Haftaici;5;2017
30.04.2017;69,91;4,62;745,87;63,75;95,08;31,33;16,79;Kentsel;Haftasonu ;4;2017
29.04.2017;54,82;6,56;782,49;66,89;111,22;44,33;15,46;Kentsel;Haftasonu ;4;2017
28.04.2017;62,42;7,16;933,78;72,66;119,21;46,55;16,91;Kentsel;Haftaici;4;2017
27.04.2017;61,04;3,89;805,36;75,62;132,92;57,31;15,88;Kentsel;Haftaici;4;2017
26.04.2017;66,89;7,86;831,27;70,56;133,92;63,36;20,12;Kentsel;Haftaici;4;2017
25.04.2017;44,54;4,39;390,28;45,07;55,59;10,52;11,51;Kentsel;Haftaici;4;2017
24.04.2017;27,91;8,57;306,46;42,08;52,32;10,24;16,33;Kentsel;Haftaici;4;2017
23.04.2017;20,4;2,91;1300,33;35,32;41,9;6,58;;Kentsel;Haftasonu ;4;2017
22.04.2017;34,14;4,85;359,77;49,63;61;11,37;15,34;Kentsel;Haftasonu ;4;2017
21.04.2017;18,3;3,15;1198,97;40,73;49,83;9,1;;Kentsel;Haftaici;4;2017
20.04.2017;46,95;1,7;415,84;18,15;26,11;7,96;12,88;Kentsel;Haftaici;4;2017
19.04.2017;37,02;5,14;569,04;56,13;98,98;42,85;21,04;Kentsel;Haftaici;4;2017
18.04.2017;29,65;7,1;433,83;32,34;39,17;6,83;7,92;Kentsel;Haftaici;4;2017
17.04.2017;27,53;4,03;344,99;37,12;44,39;7,27;13,86;Kentsel;Haftaici;4;2017
16.04.2017;4,56;6,95;1067,93;;;;;Kentsel;Haftasonu ;4;2017
15.04.2017;8,89;12,18;1136,2;;;;;Kentsel;Haftasonu ;4;2017
14.04.2017;21,21;6,11;337,87;;;;;Kentsel;Haftaici;4;2017
13.04.2017;36,09;5,72;1037,99;;;;17,33;Kentsel;Haftaici;4;2017
12.04.2017;32,1;7,18;425,08;;;;13,96;Kentsel;Haftaici;4;2017
11.04.2017;29,08;6,19;264,47;;;;13,41;Kentsel;Haftaici;4;2017
10.04.2017;14,09;5,78;270,71;;;;7,05;Kentsel;Haftaici;4;2017
9.04.2017;15,53;4,03;269,68;;;;;Kentsel;Haftasonu ;4;2017
8.04.2017;17,14;6,17;828,3;;;;;Kentsel;Haftasonu ;4;2017
7.04.2017;26,68;5,5;522,3;;;;12,11;Kentsel;Haftaici;4;2017
6.04.2017;41,87;5,79;766,84;;;;18,63;Kentsel;Haftaici;4;2017
5.04.2017;35,55;4,92;649,34;;;;10,29;Kentsel;Haftaici;4;2017
4.04.2017;25,01;4,33;610,72;;;;14,56;Kentsel;Haftaici;4;2017
3.04.2017;37,68;7,09;874,16;;;;12,52;Kentsel;Haftaici;4;2017
2.04.2017;25,1;6,11;509,12;;;;9,35;Kentsel;Haftasonu ;4;2017
1.04.2017;24,35;3,87;432,94;;;;8,74;Kentsel;Haftasonu ;4;2017
31.03.2017;27,66;5,26;822,01;;;;11,34;Kentsel;Haftaici;3;2017
30.03.2017;37,9;4,91;637,48;;;;12,1;Kentsel;Haftaici;3;2017
29.03.2017;35,44;5,52;522,24;;;;10,68;Kentsel;Haftaici;3;2017
28.03.2017;52,87;5,99;408,95;;;;15,91;Kentsel;Haftaici;3;2017
27.03.2017;21,93;4,21;646,31;;;;15,09;Kentsel;Haftaici;3;2017
26.03.2017;38,37;9,96;1397,24;;;;23,26;Kentsel;Haftasonu ;3;2017
25.03.2017;35,32;8,98;2676,9;;;;16,63;Kentsel;Haftasonu ;3;2017
24.03.2017;38,39;9,13;1294,93;;;;13,6;Kentsel;Haftaici;3;2017
23.03.2017;24,57;4,34;362,41;;;;10,59;Kentsel;Haftaici;3;2017
22.03.2017;27,57;5,01;197,62;;;;11,26;Kentsel;Haftaici;3;2017
21.03.2017;29,66;7,56;526,12;;;;14,25;Kentsel;Haftaici;3;2017
20.03.2017;;9,12;1041,35;;;;;Kentsel;Haftaici;3;2017
19.03.2017;27,78;0,94;2264,22;67,25;77,2;9,95;13,13;Kentsel;Haftasonu ;3;2017
18.03.2017;19,29;4,7;238,8;60,65;68,43;7,78;7,38;Kentsel;Haftasonu ;3;2017
17.03.2017;25,98;0,6;581,56;66;75,78;9,78;16,12;Kentsel;Haftaici;3;2017
16.03.2017;44,26;1,03;1044,74;98,53;115,65;17,13;31,51;Kentsel;Haftaici;3;2017
15.03.2017;18,81;1,75;676,08;58,72;68,34;9,61;;Kentsel;Haftaici;3;2017
14.03.2017;23,05;0,97;497,37;54,25;68,54;14,29;15,95;Kentsel;Haftaici;3;2017
13.03.2017;24,69;1,32;464,97;63,73;74,53;10,8;10,84;Kentsel;Haftaici;3;2017
12.03.2017;11,84;0,89;781,22;;;;7,91;Kentsel;Haftasonu ;3;2017
11.03.2017;101,75;1,33;596,3;78,91;94,42;15,51;25,95;Kentsel;Haftasonu ;3;2017
10.03.2017;24,16;2,18;1054,74;90,57;104,22;13,64;13,06;Kentsel;Haftaici;3;2017
9.03.2017;68,16;4,11;514,22;71,34;81,49;10,16;16,32;Kentsel;Haftaici;3;2017
8.03.2017;34,67;0,84;382,82;89,47;123,89;34,42;15,44;Kentsel;Haftaici;3;2017
7.03.2017;48,92;2,71;573,01;101,01;147,93;46,92;18,38;Kentsel;Haftaici;3;2017
6.03.2017;48,86;2,01;1190,88;94,61;156,2;61,59;19,05;Kentsel;Haftaici;3;2017
5.03.2017;50,1;2,53;687,56;112,32;220,21;107,89;23,53;Kentsel;Haftasonu ;3;2017
4.03.2017;18,27;0,29;308,58;52,48;57,86;5,38;9,14;Kentsel;Haftasonu ;3;2017
3.03.2017;47,55;0,64;847,13;103,46;167,08;63,62;32,22;Kentsel;Haftaici;3;2017
2.03.2017;57,29;2,03;1085,42;;;;26,25;Kentsel;Haftaici;3;2017
1.03.2017;54,19;1,85;571,09;;;;19,41;Kentsel;Haftaici;3;2017
28.02.2017;61,25;4,95;557,81;112,84;192,69;79,84;24,73;Kentsel;Haftaici;2;2017
27.02.2017;94,23;8,28;1454,43;121,03;270,54;149,52;43,41;Kentsel;Haftaici;2;2017
26.02.2017;68,84;3,27;1096,25;115,93;246,84;130,91;38,51;Kentsel;Haftasonu ;2;2017
25.02.2017;42,17;2,6;985,29;126,96;326,43;199,46;18,01;Kentsel;Haftasonu ;2;2017
24.02.2017;41,04;0,78;24,69;61,49;73,86;12,37;15,47;Kentsel;Haftaici;2;2017
23.02.2017;36,05;2;279,77;90,36;167,27;76,91;20,19;Kentsel;Haftaici;2;2017
22.02.2017;40,16;4,19;420,21;67,29;79,54;12,26;22,65;Kentsel;Haftaici;2;2017
21.02.2017;33,07;1,21;194,73;69,45;95,1;25,65;;Kentsel;Haftaici;2;2017
20.02.2017;33,55;;43,68;;;;;Kentsel;Haftaici;2;2017
19.02.2017;55,7;;129,75;;;;24,32;Kentsel;Haftasonu ;2;2017
18.02.2017;53,99;;611,95;115,64;213,43;97,79;19,51;Kentsel;Haftasonu ;2;2017
17.02.2017;47,53;;472,9;111,61;157,36;45,75;24,26;Kentsel;Haftaici;2;2017
16.02.2017;12,87;;251,05;;;;;Kentsel;Haftaici;2;2017
15.02.2017;27,18;1,54;447,54;;;;16,2;Kentsel;Haftaici;2;2017
14.02.2017;18,61;;173,71;;;;6,99;Kentsel;Haftaici;2;2017
13.02.2017;14,36;;390,29;47,38;51,27;3,89;6,14;Kentsel;Haftaici;2;2017
12.02.2017;19,86;3,1;124,01;;;;;Kentsel;Haftasonu ;2;2017
11.02.2017;58,95;2,86;524,57;77,13;90,63;13,5;48,48;Kentsel;Haftasonu ;2;2017
10.02.2017;72,71;7,25;569,44;90,28;133,31;43,03;53,31;Kentsel;Haftaici;2;2017
9.02.2017;91,92;5,9;424,88;105,22;195,68;90,46;54,69;Kentsel;Haftaici;2;2017
8.02.2017;57,28;3,8;628,45;94,5;137,54;43,04;39,67;Kentsel;Haftaici;2;2017
7.02.2017;52,4;;321,99;92,17;134,34;42,17;35,78;Kentsel;Haftaici;2;2017
6.02.2017;24,85;1,58;229,54;75,99;95,44;19,45;15,48;Kentsel;Haftaici;2;2017
5.02.2017;21,95;1;355,68;;;;;Kentsel;Haftasonu ;2;2017
4.02.2017;86,18;5,28;1028,23;129,28;173,86;44,58;70,47;Kentsel;Haftasonu ;2;2017
3.02.2017;69,06;;828,82;138,51;226,98;88,47;29,94;Kentsel;Haftaici;2;2017
2.02.2017;61,49;;745,59;137,91;209,83;71,92;35,05;Kentsel;Haftaici;2;2017
1.02.2017;42,41;;743,15;122,74;177,5;54,76;28,82;Kentsel;Haftaici;2;2017
30.01.2017;75,82;9,16;692,84;96,9;130,87;33,97;37,83;Kentsel;Haftaici;1;2017
29.01.2017;28,32;10,53;452,81;71,73;97,57;25,84;13,59;Kentsel;Haftasonu ;1;2017
28.01.2017;59,02;9,56;623,75;72,82;87,89;15,07;13,29;Kentsel;Haftasonu ;1;2017
27.01.2017;9,19;3,53;247,39;;;;7,35;Kentsel;Haftaici;1;2017
26.01.2017;15,09;3,57;241,89;;;;4,3;Kentsel;Haftaici;1;2017
25.01.2017;60,78;3,73;547,73;107,59;154,29;46,7;35,93;Kentsel;Haftaici;1;2017
24.01.2017;123,53;6,39;1527,8;141,52;243,65;102,12;58,83;Kentsel;Haftaici;1;2017
23.01.2017;47,33;5,07;620,93;91,55;127,43;35,88;22,4;Kentsel;Haftaici;1;2017
22.01.2017;36,07;9,55;375,41;59,25;77,23;17,99;17,37;Kentsel;Haftasonu ;1;2017
21.01.2017;32,12;6,61;553,45;68,96;101,25;32,29;12,16;Kentsel;Haftasonu ;1;2017
20.01.2017;39,28;4,33;661,01;90,19;169,18;79;24,89;Kentsel;Haftaici;1;2017
19.01.2017;83,52;5,04;1285,05;118,81;217,2;98,39;46,15;Kentsel;Haftaici;1;2017
18.01.2017;84,04;4,31;1608,27;152,06;379,28;227,22;53,71;Kentsel;Haftaici;1;2017
17.01.2017;61,65;6,05;1158,26;125,74;191,91;66,18;37,56;Kentsel;Haftaici;1;2017
16.01.2017;37,06;4,47;509,29;93,39;129,66;36,26;25,31;Kentsel;Haftaici;1;2017
15.01.2017;83,63;7,69;1429,15;143,89;210,38;66,49;50,6;Kentsel;Haftasonu ;1;2017
14.01.2017;77,86;6,39;909,95;140,81;216,6;75,8;40,41;Kentsel;Haftasonu ;1;2017
13.01.2017;26,7;8,65;760,73;97,74;139,35;41,61;13,91;Kentsel;Haftaici;1;2017
12.01.2017;16,72;5,55;391,19;82,93;109,19;26,26;;Kentsel;Haftaici;1;2017
11.01.2017;20,28;4,97;514,14;99,72;156,34;56,62;8,51;Kentsel;Haftaici;1;2017
10.01.2017;30,53;7,26;612,18;77,72;99,63;21,91;16,92;Kentsel;Haftaici;1;2017
9.01.2017;39,44;12,19;846,08;98,14;149,68;51,54;24,37;Kentsel;Haftaici;1;2017
8.01.2017;30,14;5,93;671,6;66,8;97,19;30,4;16,28;Kentsel;Haftasonu ;1;2017
7.01.2017;18,72;4,06;720,18;53,26;69,31;16,05;9,82;Kentsel;Haftasonu ;1;2017
6.01.2017;11,02;5,03;203,68;40,46;52,93;12,47;7,28;Kentsel;Haftaici;1;2017
5.01.2017;24,71;4,38;578,93;78,05;102,86;24,81;;Kentsel;Haftaici;1;2017
4.01.2017;61,35;5,56;1359,28;136,31;206,18;69,87;37,54;Kentsel;Haftaici;1;2017
3.01.2017;109,65;4,52;796,99;124,64;203,05;78,41;45,3;Kentsel;Haftaici;1;2017
2.01.2017;89,98;5,73;1263,98;127,97;221,6;93,63;56,33;Kentsel;Haftaici;1;2017
1.01.2017;44,22;5,77;1022,97;91,26;131,81;40,55;;Kentsel;Haftasonu ;1;2017
31.12.2016;37,58;12,14;609,21;74,11;105,89;31,78;;Kentsel;Haftasonu ;12;2016
30.12.2016;31,67;5,42;1220,82;88,29;144,6;56,3;;Kentsel;Haftaici;12;2016
29.12.2016;23,78;3,6;959,65;79,63;110,24;30,6;;Kentsel;Haftaici;12;2016
28.12.2016;33,92;5,45;751,54;84,2;114,1;29,89;30,68;Kentsel;Haftaici;12;2016
27.12.2016;25;8,7;584,57;73,62;100,86;27,24;18,62;Kentsel;Haftaici;12;2016
26.12.2016;25,78;5,1;914,26;61,43;83,81;22,38;;Kentsel;Haftaici;12;2016
25.12.2016;37,16;12,09;885;74,71;102,52;27,81;;Kentsel;Haftasonu ;12;2016
24.12.2016;60,78;6,01;807,18;133,99;274,38;140,39;;Kentsel;Haftasonu ;12;2016
23.12.2016;41,07;4,05;1781,08;100,59;130,92;30,33;;Kentsel;Haftaici;12;2016
22.12.2016;30,2;8,64;1051,32;50,63;62,98;12,35;15,86;Kentsel;Haftaici;12;2016
21.12.2016;45,85;9,05;321,34;45,5;64,34;18,84;31,55;Kentsel;Haftaici;12;2016
20.12.2016;51,28;9,3;896,18;60,86;101,06;40,2;23,19;Kentsel;Haftaici;12;2016
19.12.2016;60,85;8,43;1017,73;70,64;139,31;68,67;32,29;Kentsel;Haftaici;12;2016
18.12.2016;47,96;9,24;946,73;58,16;87,73;29,57;37,04;Kentsel;Haftasonu ;12;2016
17.12.2016;41,33;9,65;583,32;53,04;78,38;25,34;;Kentsel;Haftasonu ;12;2016
16.12.2016;38,52;29,26;1208,79;52,19;87;34,81;;Kentsel;Haftaici;12;2016
15.12.2016;44,55;7,47;190,89;50,04;70,5;20,46;33,12;Kentsel;Haftaici;12;2016
14.12.2016;20,75;5,48;932,48;46,09;67,25;21,17;;Kentsel;Haftaici;12;2016
13.12.2016;13,88;8,7;114,96;35,23;46,29;11,06;;Kentsel;Haftaici;12;2016
12.12.2016;115,9;12,83;1649,71;106,88;258,57;151,69;83,42;Kentsel;Haftaici;12;2016
11.12.2016;76,07;15,15;1598,92;105,22;284,23;179,02;56,58;Kentsel;Haftasonu ;12;2016
10.12.2016;68,49;22,29;1239,98;83,25;200,32;117,07;52,6;Kentsel;Haftasonu ;12;2016
9.12.2016;68,2;12,22;1019,74;74,72;185,14;110,42;49,25;Kentsel;Haftaici;12;2016
8.12.2016;35,43;6,16;829,22;70,78;127,42;56,65;21,72;Kentsel;Haftaici;12;2016
7.12.2016;52,39;22,42;317,8;59,85;83,37;23,53;39,86;Kentsel;Haftaici;12;2016
6.12.2016;97,88;9,65;1400,57;93,15;219,57;126,42;72,35;Kentsel;Haftaici;12;2016
5.12.2016;42,69;7,95;520,76;62,61;99,32;36,7;34,36;Kentsel;Haftaici;12;2016
4.12.2016;72,48;10,64;1347,67;83,38;178,82;95,44;62,49;Kentsel;Haftasonu ;12;2016
3.12.2016;24,5;6,2;524,98;49,18;71,37;22,19;;Kentsel;Haftasonu ;12;2016
2.12.2016;20,2;7,49;628,84;33,61;44,07;10,46;;Kentsel;Haftaici;12;2016
1.12.2016;15,19;4,24;270,57;37,47;47,89;10,41;11,85;Kentsel;Haftaici;12;2016
30.11.2016;11,75;6,7;703,08;30,94;40,34;9,4;;Kentsel;Haftaici;11;2016
29.11.2016;44,07;6,88;595,48;66,71;101,05;34,34;30,2;Kentsel;Haftaici;11;2016
28.11.2016;89,08;11,5;1148,73;65,65;97,07;31,42;45,89;Kentsel;Haftaici;11;2016
27.11.2016;118,08;17,88;1748,71;105,18;230,38;125,21;79,11;Kentsel;Haftasonu ;11;2016
26.11.2016;150,26;19,12;2176,32;130,23;329,17;198,94;97,87;Kentsel;Haftasonu ;11;2016
25.11.2016;171,23;21,3;2685,62;177,05;562,4;385,35;109,45;Kentsel;Haftaici;11;2016
24.11.2016;124,95;18,56;2559,56;132,42;380,72;248,3;73,18;Kentsel;Haftaici;11;2016
23.11.2016;120,11;15,88;1544,08;125,84;313,7;187,86;73,97;Kentsel;Haftaici;11;2016
22.11.2016;87,42;15,37;1740,8;93,27;179,07;85,8;48,87;Kentsel;Haftaici;11;2016
21.11.2016;112,36;17,68;1491,86;124,4;329,34;204,94;65,88;Kentsel;Haftaici;11;2016
20.11.2016;109,81;19,81;2676,24;119,84;323,22;203,38;70,12;Kentsel;Haftasonu ;11;2016
19.11.2016;85,95;11,05;825,46;89,33;175,43;86,1;58,26;Kentsel;Haftasonu ;11;2016
18.11.2016;85,31;12,57;1895,7;97,06;215,67;118,61;59,27;Kentsel;Haftaici;11;2016
17.11.2016;38,99;9,05;493,81;67,53;127,26;59,73;26,42;Kentsel;Haftaici;11;2016
16.11.2016;20,33;2,7;408,69;41,98;53,8;11,81;;Kentsel;Haftaici;11;2016
15.11.2016;25,09;9,23;587,95;38,43;44,96;6,53;18,88;Kentsel;Haftaici;11;2016
14.11.2016;43,34;11,21;415,47;79,79;125,1;45,31;25,99;Kentsel;Haftaici;11;2016
13.11.2016;27,53;7,98;640,23;48,94;58,32;9,38;14,82;Kentsel;Haftasonu ;11;2016
12.11.2016;57,12;6,57;805,14;83,62;162,7;79,08;39,72;Kentsel;Haftasonu ;11;2016
11.11.2016;38,08;7,56;867,38;78,91;145,71;66,81;18,62;Kentsel;Haftaici;11;2016
10.11.2016;23,31;4,68;319,44;56,09;68,78;12,69;9,63;Kentsel;Haftaici;11;2016
9.11.2016;98,11;9,09;433,73;53,47;74,6;21,13;36,24;Kentsel;Haftaici;11;2016
8.11.2016;72,69;8,19;1033,27;98,51;226,49;127,99;30,42;Kentsel;Haftaici;11;2016
7.11.2016;66,63;11,17;1758,49;140,39;286,61;146,22;30,97;Kentsel;Haftaici;11;2016
6.11.2016;67,81;9,12;971,17;99,18;222,35;123,17;41,01;Kentsel;Haftasonu ;11;2016
5.11.2016;68,85;20,17;1757,71;109,4;259,16;149,75;42,47;Kentsel;Haftasonu ;11;2016
4.11.2016;79,84;21,18;1669,79;110,41;213,11;102,7;46,13;Kentsel;Haftaici;11;2016
3.11.2016;86,96;12,26;1579,38;;;;45,88;Kentsel;Haftaici;11;2016
2.11.2016;32,97;10,16;808,12;;;;22,66;Kentsel;Haftaici;11;2016
1.11.2016;22,12;11,62;500,24;30,6;67,44;36,84;;Kentsel;Haftaici;11;2016
31.10.2016;23,15;7,22;232,74;36,69;52,77;16,07;;Kentsel;Haftaici;10;2016
30.10.2016;25,26;18,07;345,97;32,7;55,22;22,51;;Kentsel;Haftasonu ;10;2016
29.10.2016;45,87;7,44;700,59;32,78;73,86;41,08;41,5;Kentsel;Haftasonu ;10;2016
28.10.2016;36,56;9,52;952,82;40,83;84,24;43,41;15,53;Kentsel;Haftaici;10;2016
27.10.2016;60,73;5,2;613,26;54,03;118,05;64,02;26,38;Kentsel;Haftaici;10;2016
26.10.2016;63,2;11,16;1543,07;;;;35,78;Kentsel;Haftaici;10;2016
25.10.2016;;4,78;313,16;46,67;59,14;12,48;12,76;Kentsel;Haftaici;10;2016
24.10.2016;;8,92;537,57;51,15;67,71;16,56;;Kentsel;Haftaici;10;2016
23.10.2016;19,22;15,16;749;99,05;154,43;55,38;;Kentsel;Haftasonu ;10;2016
22.10.2016;68,08;12,27;2125,38;127,43;288,67;161,24;41,58;Kentsel;Haftasonu ;10;2016
21.10.2016;54,03;8,64;1110,45;100,34;198,22;97,88;29,7;Kentsel;Haftaici;10;2016
20.10.2016;43,67;11,52;1160,25;83,62;160,66;77,03;27,71;Kentsel;Haftaici;10;2016
19.10.2016;45,37;6,53;883,14;87;177,02;90,03;31,82;Kentsel;Haftaici;10;2016
18.10.2016;16,49;9,11;799,97;41,02;56,55;15,53;7,98;Kentsel;Haftaici;10;2016
17.10.2016;27,46;5,65;152,67;30,86;39,3;8,44;19,85;Kentsel;Haftaici;10;2016
16.10.2016;42,08;8,58;1334;89,51;167,46;77,96;21,68;Kentsel;Haftasonu ;10;2016
15.10.2016;29,09;6,46;939,29;70,14;151,63;81,49;;Kentsel;Haftasonu ;10;2016
14.10.2016;17,29;6,36;579,81;36,84;43,51;6,68;;Kentsel;Haftaici;10;2016
13.10.2016;;7,8;360,78;49,59;62,59;13;;Kentsel;Haftaici;10;2016
12.10.2016;;7,58;569,96;33,33;44,49;11,15;;Kentsel;Haftaici;10;2016
11.10.2016;30,69;8,19;605,13;75,15;156,58;81,42;;Kentsel;Haftaici;10;2016
10.10.2016;29,6;9,46;1738,75;93,26;215,93;122,68;;Kentsel;Haftaici;10;2016
9.10.2016;16,05;6,35;518,18;65,38;114,68;49,3;;Kentsel;Haftasonu ;10;2016
8.10.2016;21,89;7,16;570,88;59,81;81,19;21,38;;Kentsel;Haftasonu ;10;2016
7.10.2016;28,69;9,46;773,1;86,05;164,19;78,15;;Kentsel;Haftaici;10;2016
6.10.2016;30,1;9,58;1073,34;79,28;124,38;45,1;;Kentsel;Haftaici;10;2016
5.10.2016;38,27;14,93;638,08;71,34;89,85;18,51;;Kentsel;Haftaici;10;2016
4.10.2016;24,91;14,68;910,46;93,64;210,02;116,37;;Kentsel;Haftaici;10;2016
3.10.2016;;8,35;1015,44;98,44;185,65;87,21;;Kentsel;Haftaici;10;2016
2.10.2016;;9,62;1032,88;79,48;138,02;58,54;;Kentsel;Haftasonu ;10;2016
1.10.2016;27,41;7,67;1464,8;75,36;176,24;100,88;;Kentsel;Haftasonu ;10;2016
30.09.2016;12,12;7,02;424,52;43,58;59,47;15,89;;Kentsel;Haftaici;9;2016
29.09.2016;12,49;9,12;1063,72;55,6;110,02;54,42;;Kentsel;Haftaici;9;2016
28.09.2016;10,48;3,75;241,38;35,87;47,35;11,48;6,49;Kentsel;Haftaici;9;2016
27.09.2016;19,49;6,68;769,5;66,69;122,85;56,16;;Kentsel;Haftaici;9;2016
26.09.2016;19,13;6,57;584,23;64,6;144,75;80,15;;Kentsel;Haftaici;9;2016
25.09.2016;12,92;5,12;310,24;42,39;56,41;14,03;;Kentsel;Haftasonu ;9;2016
24.09.2016;6,4;5,08;147,77;31,23;38,74;7,51;;Kentsel;Haftasonu ;9;2016
23.09.2016;8,2;3,47;195,12;23,56;27,9;4,34;;Kentsel;Haftaici;9;2016
22.09.2016;9,68;14,74;440,59;41,18;53,24;12,06;;Kentsel;Haftaici;9;2016
21.09.2016;9,84;5,98;670,17;40,21;53,42;13,21;;Kentsel;Haftaici;9;2016
20.09.2016;23,36;7,84;1179,41;30,78;37,17;6,39;9,93;Kentsel;Haftaici;9;2016
19.09.2016;25,8;6,58;385,58;51,17;68,21;17,05;17,6;Kentsel;Haftaici;9;2016
18.09.2016;17,48;7,66;1267,53;73,39;116,04;42,65;;Kentsel;Haftasonu ;9;2016
17.09.2016;8,05;5,74;941,34;60,51;113,8;53,29;;Kentsel;Haftasonu ;9;2016
16.09.2016;8,34;6,91;868,17;45,35;59,9;14,55;;Kentsel;Haftaici;9;2016
15.09.2016;10,29;6,48;118,8;26,56;30,35;3,79;;Kentsel;Haftaici;9;2016
14.09.2016;9,14;8,27;989,8;31,57;35,91;4,34;;Kentsel;Haftaici;9;2016
13.09.2016;12,38;6,95;251,64;43,04;53,71;10,67;;Kentsel;Haftaici;9;2016
12.09.2016;8,9;6,37;890,07;21,06;24,1;3,04;;Kentsel;Haftaici;9;2016
11.09.2016;14,5;6,47;418,46;36,76;40,72;3,97;;Kentsel;Haftasonu ;9;2016
10.09.2016;23,45;7,89;1591,9;66,12;109,24;43,12;17,88;Kentsel;Haftasonu ;9;2016
9.09.2016;21,97;7,9;443,9;57,16;63,71;6,55;;Kentsel;Haftaici;9;2016
8.09.2016;12,13;8,95;996,06;68,33;121,67;53,33;;Kentsel;Haftaici;9;2016
7.09.2016;15,62;6,54;223,53;52,02;59,76;7,74;;Kentsel;Haftaici;9;2016
6.09.2016;49,03;9,53;1104,88;64,94;102,31;37,37;16,61;Kentsel;Haftaici;9;2016
5.09.2016;41,18;6,68;934,48;53,02;91,28;38,26;17,25;Kentsel;Haftaici;9;2016
4.09.2016;27,5;7,98;750,02;37,42;44,06;6,64;9,77;Kentsel;Haftasonu ;9;2016
3.09.2016;23,1;5,99;136,96;32,47;39,14;6,67;9,05;Kentsel;Haftasonu ;9;2016
2.09.2016;32,78;8,04;1038,06;36,42;43,04;6,62;13,21;Kentsel;Haftaici;9;2016
1.09.2016;30,44;5,58;151,47;34,73;39,96;5,23;11,51;Kentsel;Haftaici;9;2016
31.08.2016;37,45;7,34;624,49;29,93;33,85;3,92;23,81;Kentsel;Haftaici;8;2016
30.08.2016;34;6,72;640,78;39,29;44,59;5,3;16,59;Kentsel;Haftaici;8;2016
29.08.2016;29,12;7,6;1324,6;50,63;62,02;11,4;;Kentsel;Haftaici;8;2016
28.08.2016;98,96;6,08;485,19;29,52;33,13;3,61;16,65;Kentsel;Haftasonu ;8;2016
27.08.2016;105,06;7,05;1164,08;40,62;50,33;9,71;19,19;Kentsel;Haftasonu ;8;2016
26.08.2016;74,32;6,39;368,85;29,37;33,26;3,88;23,22;Kentsel;Haftaici;8;2016
25.08.2016;;6,68;864,41;25,94;29,28;3,34;;Kentsel;Haftaici;8;2016
24.08.2016;;7,37;1311,51;48,3;66,65;18,35;30,9;Kentsel;Haftaici;8;2016
23.08.2016;108,11;8,29;996,81;38,63;42,71;4,08;17,81;Kentsel;Haftaici;8;2016
22.08.2016;;6,11;;44,34;49,93;5,59;17,51;Kentsel;Haftaici;8;2016
21.08.2016;70,18;8,28;966,38;38,37;42,38;4,01;17,93;Kentsel;Haftasonu ;8;2016
20.08.2016;96,82;6,28;226,95;51,23;59,49;8,27;13,92;Kentsel;Haftasonu ;8;2016
19.08.2016;75,91;7,32;1096,87;69,61;79,75;10,13;14,99;Kentsel;Haftaici;8;2016
18.08.2016;56,67;6,21;598,41;86,14;108,85;22,71;19,42;Kentsel;Haftaici;8;2016
17.08.2016;131,46;7,25;1121,42;51,89;58,75;6,87;8,08;Kentsel;Haftaici;8;2016
16.08.2016;28,38;6,52;349,85;41,89;46,68;4,79;6,36;Kentsel;Haftaici;8;2016
15.08.2016;16,55;6,32;558,39;37,04;42,62;5,58;;Kentsel;Haftaici;8;2016
14.08.2016;14,05;5,04;37,99;26,46;30,16;3,69;9,51;Kentsel;Haftasonu ;8;2016
13.08.2016;21,81;5,92;785,1;39;43,61;4,6;;Kentsel;Haftasonu ;8;2016
12.08.2016;23,65;7,67;206,47;49,98;54,33;4,35;;Kentsel;Haftaici;8;2016
11.08.2016;16,01;7,96;855,75;63,39;69,04;5,65;;Kentsel;Haftaici;8;2016
10.08.2016;28,29;6,76;408,18;73,95;87,57;13,63;20,73;Kentsel;Haftaici;8;2016
9.08.2016;14,84;7,58;534,9;72,07;85,93;13,87;;Kentsel;Haftaici;8;2016
8.08.2016;21,24;6,71;336,53;37,92;41,91;3,99;15,17;Kentsel;Haftaici;8;2016
7.08.2016;24,93;7,24;1078,44;28,33;31,54;3,21;;Kentsel;Haftasonu ;8;2016
6.08.2016;25,93;8,67;249,56;41,52;45,37;3,85;;Kentsel;Haftasonu ;8;2016
5.08.2016;24,2;6,67;827,55;50,48;55,24;4,76;;Kentsel;Haftaici;8;2016
4.08.2016;20,72;6,94;147,51;33,67;37,3;3,63;;Kentsel;Haftaici;8;2016
3.08.2016;22,85;9,42;1008,12;45,12;49,5;4,39;;Kentsel;Haftaici;8;2016
2.08.2016;;6,14;622,33;80,88;99,01;18,13;18,22;Kentsel;Haftaici;8;2016
1.08.2016;19,62;7,29;533,59;70,46;76,08;5,62;10,17;Kentsel;Haftaici;8;2016
31.07.2016;20,94;6,51;120,88;46,65;50,77;4,12;;Kentsel;Haftasonu ;7;2016
30.07.2016;33,96;7,88;1112,95;44,13;47,9;3,77;22,48;Kentsel;Haftasonu ;7;2016
29.07.2016;22,92;7,14;366,59;58,58;65,71;7,12;;Kentsel;Haftaici;7;2016
28.07.2016;25,31;7,58;1120,17;43,26;47,22;3,96;17,8;Kentsel;Haftaici;7;2016
27.07.2016;29,81;6,4;176,89;39,95;43,77;3,82;21,98;Kentsel;Haftaici;7;2016
26.07.2016;25,84;7,29;870,5;50,61;56,18;5,57;;Kentsel;Haftaici;7;2016
25.07.2016;16,64;5,11;792,76;43,88;49,36;5,49;7,92;Kentsel;Haftaici;7;2016
24.07.2016;22,11;;1180,11;22,2;25,38;3,18;10,83;Kentsel;Haftasonu ;7;2016
23.07.2016;20,5;;507,85;31,59;35,29;3,69;16,08;Kentsel;Haftasonu ;7;2016
22.07.2016;24,71;;1385,02;48,61;57,21;8,6;12,02;Kentsel;Haftaici;7;2016
21.07.2016;31,26;;624,52;25,77;29,11;3,34;13,49;Kentsel;Haftaici;7;2016
20.07.2016;36,91;;1479,81;29,04;32,82;3,78;19,42;Kentsel;Haftaici;7;2016
19.07.2016;;;611,69;22,98;26,44;3,46;12,09;Kentsel;Haftaici;7;2016
18.07.2016;;;1847,1;29,18;32,78;3,6;24,41;Kentsel;Haftaici;7;2016
17.07.2016;;;1177,45;77,54;98,76;21,22;14,99;Kentsel;Haftasonu ;7;2016
16.07.2016;;;1356,63;44,04;47,58;3,54;14,78;Kentsel;Haftasonu ;7;2016
15.07.2016;;;590,08;102,25;153,33;51,08;13,97;Kentsel;Haftaici;7;2016
14.07.2016;33,5;;1448,84;59,44;71,14;11,69;17,07;Kentsel;Haftaici;7;2016
13.07.2016;36,07;;862,06;90,89;121,55;30,67;11,98;Kentsel;Haftaici;7;2016
12.07.2016;32,43;;1452,83;42,03;47,02;4,99;12,15;Kentsel;Haftaici;7;2016
11.07.2016;24,5;;;;;;7,96;Kentsel;Haftaici;7;2016
10.07.2016;28,74;;1510,8;16,73;19,81;3,08;8,76;Kentsel;Haftasonu ;7;2016
9.07.2016;26,5;;;54,58;64,8;10,22;8,58;Kentsel;Haftasonu ;7;2016
8.07.2016;15,84;;1204,38;19,73;22,99;3,26;9;Kentsel;Haftaici;7;2016
7.07.2016;28,15;;;;;;12,63;Kentsel;Haftaici;7;2016
6.07.2016;20,37;;1506,64;23,03;26;2,97;12,36;Kentsel;Haftaici;7;2016
5.07.2016;23,19;;;14,91;17,66;2,75;12,94;Kentsel;Haftaici;7;2016
4.07.2016;23,31;;1380,25;16,99;20,1;3,11;10,27;Kentsel;Haftaici;7;2016
3.07.2016;23,02;;;;;;13,33;Kentsel;Haftasonu ;7;2016
2.07.2016;24,15;;1627,16;22,87;26,01;3,14;9,74;Kentsel;Haftasonu ;7;2016
1.07.2016;27,36;;;;;;17,96;Kentsel;Haftaici;7;2016
30.06.2016;28,62;;1407,04;28,56;32,38;3,82;20,86;Kentsel;Haftaici;6;2016
29.06.2016;32,69;;;35,16;39,59;4,44;16,93;Kentsel;Haftaici;6;2016
28.06.2016;41,61;;1224,07;26,28;30,25;3,97;;Kentsel;Haftaici;6;2016
27.06.2016;38,92;;2895,15;28,52;31,68;3,16;12,72;Kentsel;Haftaici;6;2016
26.06.2016;43,05;;683,45;46,78;51,47;4,68;17,44;Kentsel;Haftasonu ;6;2016
25.06.2016;36,23;;;30,82;35,17;4,35;11,35;Kentsel;Haftasonu ;6;2016
24.06.2016;26,96;;2268,49;27,26;31,48;4,22;;Kentsel;Haftaici;6;2016
23.06.2016;44,87;;1152,58;24,19;86,15;61,95;14,76;Kentsel;Haftaici;6;2016
22.06.2016;;;2203,76;30,31;33,4;3,09;15,41;Kentsel;Haftaici;6;2016
21.06.2016;;;;;;;8,68;Kentsel;Haftaici;6;2016
20.06.2016;;;2405,14;34,22;37,86;3,64;15,22;Kentsel;Haftaici;6;2016
19.06.2016;;;;28,24;30,84;2,6;11,83;Kentsel;Haftasonu ;6;2016
18.06.2016;;;2381,26;32,2;35,77;3,57;13,91;Kentsel;Haftasonu ;6;2016
17.06.2016;;;;;;;7,96;Kentsel;Haftaici;6;2016
16.06.2016;71,55;;372,59;22,75;25,27;2,52;8,19;Kentsel;Haftaici;6;2016
15.06.2016;41,18;;1423,36;24,8;26,77;1,97;2,67;Kentsel;Haftaici;6;2016
14.06.2016;;;;58,98;82,31;23,33;4,41;Kentsel;Haftaici;6;2016
13.06.2016;26,88;;1392,21;42,03;45,08;3,06;8,61;Kentsel;Haftaici;6;2016
12.06.2016;35,58;;;;;;15,5;Kentsel;Haftasonu ;6;2016
11.06.2016;26,32;;;44,68;52;7,32;12,7;Kentsel;Haftasonu ;6;2016
10.06.2016;24,97;;632,56;30,17;33,36;3,19;11,04;Kentsel;Haftaici;6;2016
9.06.2016;20,21;;;26,32;28,11;1,79;;Kentsel;Haftaici;6;2016
8.06.2016;15,72;;568,77;24,41;26,74;2,33;;Kentsel;Haftaici;6;2016
7.06.2016;24,84;;;;;;11,52;Kentsel;Haftaici;6;2016
6.06.2016;32,44;;44,44;59,94;68,05;8,11;;Kentsel;Haftaici;6;2016
5.06.2016;21,21;;;;;;8,51;Kentsel;Haftasonu ;6;2016
4.06.2016;44,19;;;;;;13,98;Kentsel;Haftasonu ;6;2016
3.06.2016;75,81;;;30,16;32,96;2,8;21,04;Kentsel;Haftaici;6;2016
2.06.2016;85,81;;;;;;25,67;Kentsel;Haftaici;6;2016
1.06.2016;78,11;;1270,87;36,01;37,84;1,83;28,35;Kentsel;Haftaici;6;2016
31.05.2016;92,58;;2733,1;74,34;93,78;19,45;28,03;Kentsel;Haftaici;5;2016
30.05.2016;37,45;;;;;;23,51;Kentsel;Haftaici;5;2016
29.05.2016;29,16;;861,76;55,6;83,78;28,18;15,04;Kentsel;Haftasonu ;5;2016
28.05.2016;23,96;;;35,15;37,12;1,98;14,88;Kentsel;Haftasonu ;5;2016
27.05.2016;16,43;;;30,38;33,59;3,21;10,07;Kentsel;Haftaici;5;2016
26.05.2016;19,77;;;32,32;34,87;2,55;13,34;Kentsel;Haftaici;5;2016
25.05.2016;28,15;;1001,86;56,87;73,37;16,5;14,66;Kentsel;Haftaici;5;2016
24.05.2016;;;1199,41;63,38;78,49;15,11;;Kentsel;Haftaici;5;2016
23.05.2016;39,05;3,7;399,17;34,02;36,96;2,94;11,58;Kentsel;Haftaici;5;2016
22.05.2016;;5,06;439,06;47,12;52,23;5,11;9,98;Kentsel;Haftasonu ;5;2016
21.05.2016;86,83;3,88;598,64;54,71;61,69;6,97;14,79;Kentsel;Haftasonu ;5;2016
20.05.2016;42,03;8,32;446,81;59,72;87,38;27,66;14,55;Kentsel;Haftaici;5;2016
19.05.2016;29,65;6,2;222,69;42,01;48,48;6,46;11,91;Kentsel;Haftaici;5;2016
18.05.2016;23,11;2,6;469,09;59,7;70,66;10,96;12,69;Kentsel;Haftaici;5;2016
17.05.2016;31,33;8,85;224,47;;;;15,75;Kentsel;Haftaici;5;2016
16.05.2016;32,52;4,55;458;51,56;77,02;25,47;10,76;Kentsel;Haftaici;5;2016
15.05.2016;56,42;3,29;684,4;38,92;43,58;4,66;17,79;Kentsel;Haftasonu ;5;2016
14.05.2016;60,88;4,06;328,8;33,35;36,11;2,77;11,89;Kentsel;Haftasonu ;5;2016
13.05.2016;118,09;3,25;799,67;44,33;59,74;15,41;17,72;Kentsel;Haftaici;5;2016
12.05.2016;63,42;4,01;919,02;78,53;100,07;21,54;14,74;Kentsel;Haftaici;5;2016
11.05.2016;38,23;4,91;556,76;52,49;61,47;8,98;13,28;Kentsel;Haftaici;5;2016
10.05.2016;22,72;4,21;353,86;53,57;60,39;6,82;;Kentsel;Haftaici;5;2016
9.05.2016;30,23;3,01;493,81;36,89;39,09;2,2;7,91;Kentsel;Haftaici;5;2016
8.05.2016;28,99;3,72;574,52;55,32;63,69;8,37;15,56;Kentsel;Haftasonu ;5;2016
7.05.2016;;8,76;614,71;57,69;70,95;13,25;16,01;Kentsel;Haftasonu ;5;2016
6.05.2016;;4,63;513,62;68,13;80,18;12,05;6,59;Kentsel;Haftaici;5;2016
5.05.2016;;4,04;536,34;56,28;65,87;9,59;9,78;Kentsel;Haftaici;5;2016
4.05.2016;;3,91;429,52;51,96;59,71;7,75;9,74;Kentsel;Haftaici;5;2016
3.05.2016;;4,23;362,6;42,09;45,87;3,78;14,46;Kentsel;Haftaici;5;2016
2.05.2016;;4,03;382,22;49,54;55,24;5,7;11,25;Kentsel;Haftaici;5;2016
1.05.2016;;4,29;341,51;37,54;40,13;2,59;9,61;Kentsel;Haftasonu ;5;2016
30.04.2016;;11,88;206,49;42,68;46,72;4,04;8,01;Kentsel;Haftasonu ;4;2016
29.04.2016;47,19;3,96;481,48;52,66;57,22;4,56;13,12;Kentsel;Haftaici;4;2016
28.04.2016;34,51;5,59;536,29;58,35;84,16;25,81;15,88;Kentsel;Haftaici;4;2016
27.04.2016;25,16;5,94;567,07;56,73;82,11;25,39;9,25;Kentsel;Haftaici;4;2016
26.04.2016;26,17;3,24;705,5;50,88;58,85;7,97;9,71;Kentsel;Haftaici;4;2016
25.04.2016;26,61;4,48;697,04;59,55;83,38;23,84;9,87;Kentsel;Haftaici;4;2016
24.04.2016;38,65;3,6;116,45;28,47;30,82;2,35;10,6;Kentsel;Haftasonu ;4;2016
23.04.2016;37,06;3,67;808,04;44,36;52,96;8,6;8,63;Kentsel;Haftasonu ;4;2016
22.04.2016;32,83;6,68;585,56;60,35;88,32;27,97;8,31;Kentsel;Haftaici;4;2016
21.04.2016;26,67;4,06;154,3;30,37;31,67;1,29;6,87;Kentsel;Haftaici;4;2016
20.04.2016;59,36;;;53,52;67,13;13,61;10,08;Kentsel;Haftaici;4;2016
19.04.2016;90,58;5,51;953,63;61,58;116,46;54,88;14,8;Kentsel;Haftaici;4;2016
18.04.2016;57;4,96;450,43;65,06;114,26;49,19;7,88;Kentsel;Haftaici;4;2016
17.04.2016;50,11;6,12;;63,26;95,48;32,22;12,85;Kentsel;Haftasonu ;4;2016
16.04.2016;45,86;5,55;626,75;70,27;95,21;24,94;12,46;Kentsel;Haftasonu ;4;2016
15.04.2016;112,73;3,96;207,54;54,23;70,32;16,1;11,1;Kentsel;Haftaici;4;2016
14.04.2016;53,17;5,06;329,83;48,76;54,29;5,53;9;Kentsel;Haftaici;4;2016
13.04.2016;43,27;6,05;288,59;55,31;66,67;11,35;7,95;Kentsel;Haftaici;4;2016
12.04.2016;25,8;4,13;382,47;50,42;56,04;5,63;8,36;Kentsel;Haftaici;4;2016
11.04.2016;52,71;3,72;520,86;49,02;55,96;6,95;6,35;Kentsel;Haftaici;4;2016
10.04.2016;59,38;4,81;;43,21;51,59;8,38;11,88;Kentsel;Haftasonu ;4;2016
9.04.2016;152,72;4,63;380,75;44,9;51,55;6,65;14,48;Kentsel;Haftasonu ;4;2016
8.04.2016;75,97;5,27;;58,87;71,17;12,3;12,39;Kentsel;Haftaici;4;2016
7.04.2016;84,89;7,01;860,73;75,23;126,9;51,67;13,53;Kentsel;Haftaici;4;2016
6.04.2016;90,07;5,92;1052,3;85,65;141,76;56,12;12,8;Kentsel;Haftaici;4;2016
5.04.2016;80,6;7,18;903,08;79,27;131,83;52,56;13,91;Kentsel;Haftaici;4;2016
4.04.2016;66,85;6,73;862,65;78,65;117,25;38,59;8,09;Kentsel;Haftaici;4;2016
3.04.2016;24,81;4,22;;44,14;47,8;3,66;5,72;Kentsel;Haftasonu ;4;2016
2.04.2016;54,35;6,99;382,82;56,91;86,28;29,37;9,77;Kentsel;Haftasonu ;4;2016
1.04.2016;62,31;5,85;923,31;78,47;125,96;47,49;13,96;Kentsel;Haftaici;4;2016
31.03.2016;51,49;5,9;743,85;67,45;102,16;34,71;17,49;Kentsel;Haftaici;3;2016
30.03.2016;33,83;9,48;426,34;52,26;63,62;11,36;13,36;Kentsel;Haftaici;3;2016
29.03.2016;6,92;6,33;255,88;52,75;58,21;5,46;;Kentsel;Haftaici;3;2016
28.03.2016;9,1;5,81;554,5;39,71;41,89;2,18;;Kentsel;Haftaici;3;2016
27.03.2016;;5,27;818,81;43,77;49,9;6,13;12,56;Kentsel;Haftasonu ;3;2016
26.03.2016;;3,41;214,28;42,35;47,51;5,17;13,43;Kentsel;Haftasonu ;3;2016
25.03.2016;27,42;3,64;483,59;53,7;63,1;9,4;11,22;Kentsel;Haftaici;3;2016
24.03.2016;94,43;6,6;420,59;39,49;40,67;1,18;25,62;Kentsel;Haftaici;3;2016
23.03.2016;48,41;1,37;477,66;40,71;44,11;3,4;12,54;Kentsel;Haftaici;3;2016
22.03.2016;45,15;;553,63;43,34;47,34;4,01;17,75;Kentsel;Haftaici;3;2016
21.03.2016;40,33;6,78;987,26;44,57;52,43;7,86;19,3;Kentsel;Haftaici;3;2016
20.03.2016;28,47;;208,87;35,8;38,72;2,92;13,96;Kentsel;Haftasonu ;3;2016
19.03.2016;51,49;13,11;1157,65;55,1;89,43;34,33;28,04;Kentsel;Haftasonu ;3;2016
18.03.2016;43,48;7,73;451,26;45,99;59,28;13,28;17,01;Kentsel;Haftaici;3;2016
17.03.2016;37;10,29;351,99;40,59;48,22;7,62;;Kentsel;Haftaici;3;2016
16.03.2016;22,04;7,45;387,01;31,12;33,12;2;;Kentsel;Haftaici;3;2016
15.03.2016;23,55;7,85;154,82;29,12;30,97;1,85;12,96;Kentsel;Haftaici;3;2016
14.03.2016;27,14;6,8;679,26;44,98;57,03;12,05;;Kentsel;Haftaici;3;2016
13.03.2016;51,8;9,83;376,35;45,36;62,06;16,7;16,61;Kentsel;Haftasonu ;3;2016
12.03.2016;62,78;11,34;1599,8;61,32;121,63;60,31;24,24;Kentsel;Haftasonu ;3;2016
11.03.2016;47,95;10,52;988,34;53,77;92,72;38,94;22,92;Kentsel;Haftaici;3;2016
10.03.2016;69,56;8,11;1244,37;51,01;79,55;28,54;29,66;Kentsel;Haftaici;3;2016
9.03.2016;66,8;9,89;740,91;53,86;69,24;15,38;29,37;Kentsel;Haftaici;3;2016
8.03.2016;92,42;10,81;1640,37;65,77;138,74;72,97;26,09;Kentsel;Haftaici;3;2016
7.03.2016;55,36;9,97;922,39;55,23;82,81;27,58;14,05;Kentsel;Haftaici;3;2016
6.03.2016;40,85;12,29;923,61;48,76;73,32;24,55;24,8;Kentsel;Haftasonu ;3;2016
5.03.2016;27,13;11,36;579,34;43,84;59,93;16,09;;Kentsel;Haftasonu ;3;2016
4.03.2016;15,85;8,1;533,86;40,68;44,14;3,46;;Kentsel;Haftaici;3;2016
3.03.2016;33,55;5,53;880,3;40,88;44,18;3,3;23,23;Kentsel;Haftaici;3;2016
2.03.2016;91,56;4,36;;60,15;100,33;40,17;20,51;Kentsel;Haftaici;3;2016
1.03.2016;58,71;2,7;;55,03;86,49;31,46;15,09;Kentsel;Haftaici;3;2016
29.02.2016;71,97;;2104,24;61,27;89,47;28,19;19,1;Kentsel;Haftaici;2;2016
28.02.2016;94,69;14,22;1382,95;59,12;127,95;68,83;42;Kentsel;Haftasonu ;2;2016
27.02.2016;49,66;8,84;927,79;60,68;90,03;29,35;28,48;Kentsel;Haftasonu ;2;2016
26.02.2016;59,66;7,91;345,63;47,85;66,89;19,04;;Kentsel;Haftaici;2;2016
25.02.2016;66,37;11,28;1278,41;59,34;111,42;52,08;25,93;Kentsel;Haftaici;2;2016
24.02.2016;103,59;15,5;951,81;68,67;123,14;54,46;30,48;Kentsel;Haftaici;2;2016
23.02.2016;56,33;12,57;686,47;63,19;97,07;33,88;18,22;Kentsel;Haftaici;2;2016
22.02.2016;64,63;13,71;1155,63;65,86;113,62;47,75;28,21;Kentsel;Haftaici;2;2016
21.02.2016;23,06;6,96;440,83;32,39;38,05;5,66;10,95;Kentsel;Haftasonu ;2;2016
20.02.2016;43,3;13,89;553,77;41,73;54,41;12,68;17,8;Kentsel;Haftasonu ;2;2016
19.02.2016;64,75;10,17;350,05;43,22;58,59;15,37;20,11;Kentsel;Haftaici;2;2016
18.02.2016;108;26,35;880,39;46,67;113,07;66,4;30,17;Kentsel;Haftaici;2;2016
17.02.2016;176,5;20,32;2205,9;81,5;239,83;158,33;49,16;Kentsel;Haftaici;2;2016
16.02.2016;182,3;19,66;2230,97;66,67;279,65;212,98;53,46;Kentsel;Haftaici;2;2016
15.02.2016;97,85;12,05;1974,48;64,78;154,94;90,16;27,65;Kentsel;Haftaici;2;2016
14.02.2016;28,77;5,15;620,51;39,19;49,41;10,22;15,65;Kentsel;Haftasonu ;2;2016
13.02.2016;13,73;4,38;356,39;29,22;31,6;2,38;7,3;Kentsel;Haftasonu ;2;2016
12.02.2016;42,11;5,35;548,37;43,73;56,75;13,02;12,01;Kentsel;Haftaici;2;2016
11.02.2016;20,26;6,05;849,24;49,64;73,48;23,85;16,25;Kentsel;Haftaici;2;2016
10.02.2016;;9,46;912,98;;;;21,48;Kentsel;Haftaici;2;2016
9.02.2016;72;11,02;1207,03;71,19;146,52;75,33;41,2;Kentsel;Haftaici;2;2016
8.02.2016;87,09;12,78;1327,87;73,13;162,3;89,17;34,42;Kentsel;Haftaici;2;2016
7.02.2016;27,06;6,89;684,92;39,61;46,73;7,12;16,87;Kentsel;Haftasonu ;2;2016
6.02.2016;10,64;4,54;368,2;34,58;37,83;3,25;;Kentsel;Haftasonu ;2;2016
5.02.2016;34,55;6,18;308,15;47,25;53,24;5,99;10,96;Kentsel;Haftaici;2;2016
4.02.2016;65,36;11,02;;66,63;115,7;49,07;22,85;Kentsel;Haftaici;2;2016
3.02.2016;73,43;12,49;540,43;74,8;164,36;89,56;34,17;Kentsel;Haftaici;2;2016
2.02.2016;50,27;9,63;1045,15;90,9;173,43;82,53;;Kentsel;Haftaici;2;2016
1.02.2016;50,39;6,6;670,69;;;;;Kentsel;Haftaici;2;2016
31.01.2016;45,28;5,9;499,36;;;;;Kentsel;Haftasonu ;1;2016
30.01.2016;216,82;12,58;920,92;;;;;Kentsel;Haftasonu ;1;2016
29.01.2016;82,24;10,2;875,38;;;;;Kentsel;Haftaici;1;2016
28.01.2016;62,47;10,5;812,6;120,95;147,71;26,76;;Kentsel;Haftaici;1;2016
27.01.2016;76,33;9,36;1080,56;155,31;212,61;57,3;61,11;Kentsel;Haftaici;1;2016
26.01.2016;64,68;7,81;793,41;115,18;138,56;23,38;61,11;Kentsel;Haftaici;1;2016
25.01.2016;37,05;6,84;578,29;94,06;117,83;23,77;;Kentsel;Haftaici;1;2016
24.01.2016;19,17;2;550,52;65,36;79,68;14,32;;Kentsel;Haftasonu ;1;2016
23.01.2016;14,18;1,7;391,8;48,11;50,59;2,49;;Kentsel;Haftasonu ;1;2016
22.01.2016;14,36;6,14;412,33;69,4;75,84;6,44;;Kentsel;Haftaici;1;2016
21.01.2016;;3,7;1382,62;137,9;232,64;94,74;;Kentsel;Haftaici;1;2016
20.01.2016;;1,64;331,02;52,75;56,98;4,24;13,19;Kentsel;Haftaici;1;2016
19.01.2016;22,38;3,14;476,82;51,03;56,86;5,83;;Kentsel;Haftaici;1;2016
18.01.2016;15,88;;334,95;56,34;61,04;4,7;;Kentsel;Haftaici;1;2016
17.01.2016;13,65;1,27;175,25;32,3;33,51;1,21;8,79;Kentsel;Haftasonu ;1;2016
16.01.2016;19,29;2,77;264,39;58,11;60,76;2,65;;Kentsel;Haftasonu ;1;2016
15.01.2016;47,45;6,75;1338,47;104,15;154,06;49,91;;Kentsel;Haftaici;1;2016
14.01.2016;19,02;4,09;504,79;72,36;83,79;11,42;;Kentsel;Haftaici;1;2016
13.01.2016;;11,05;597,32;86,17;99,8;13,63;;Kentsel;Haftaici;1;2016
12.01.2016;;5,29;266,51;57,18;61,01;3,84;8,12;Kentsel;Haftaici;1;2016
11.01.2016;;;395,4;74,56;85,62;11,06;14,28;Kentsel;Haftaici;1;2016
10.01.2016;;9,88;818,67;87,66;133,77;46,1;37,45;Kentsel;Haftasonu ;1;2016
9.01.2016;;6,97;687,61;66,13;87,03;20,9;19,21;Kentsel;Haftasonu ;1;2016
8.01.2016;;5,7;519,53;60,39;68,3;7,9;28,09;Kentsel;Haftaici;1;2016
7.01.2016;;4,73;177,08;37,7;39,52;1,83;7,2;Kentsel;Haftaici;1;2016
6.01.2016;;7,51;1531,21;99,12;185,62;86,5;57,06;Kentsel;Haftaici;1;2016
5.01.2016;;11,6;1561,69;120,19;237,71;117,52;56,28;Kentsel;Haftaici;1;2016
4.01.2016;;8,25;546,94;83,79;95,36;11,57;19,65;Kentsel;Haftaici;1;2016
3.01.2016;;9,49;414,6;66,72;71,02;4,29;22,03;Kentsel;Haftasonu ;1;2016
2.01.2016;;9,86;638,09;69,57;84;14,43;24,58;Kentsel;Haftasonu ;1;2016
1.01.2016;68,04;10,11;621,6;76,31;94,27;17,96;23,78;Kentsel;Haftaici;1;2016
31.12.2015;20,66;6,93;515,89;58,84;63,08;4,24;8,49;Kentsel;Haftaici;12;2015
30.12.2015;25,19;4,99;345,73;45,16;46,85;1,69;8,41;Kentsel;Haftaici;12;2015
29.12.2015;88,47;3,41;980,37;115,52;212,09;96,57;32,99;Kentsel;Haftaici;12;2015
28.12.2015;178,04;7,98;2553,44;194,36;482,75;288,39;98,81;Kentsel;Haftaici;12;2015
27.12.2015;202,84;13,54;2714,09;194,12;467,07;272,95;126,61;Kentsel;Haftasonu ;12;2015
26.12.2015;138,99;5,99;1665,97;113,35;254,11;140,76;61,77;Kentsel;Haftasonu ;12;2015
25.12.2015;162,16;9,63;2508,45;157,13;343,89;186,76;83,62;Kentsel;Haftaici;12;2015
24.12.2015;112,35;6,19;1715,79;126,56;257,1;130,54;74,18;Kentsel;Haftaici;12;2015
23.12.2015;79,96;6,44;989,01;105,52;172,87;67,35;44,88;Kentsel;Haftaici;12;2015
22.12.2015;121,61;4,79;1146,38;124,23;215,24;91,01;63,26;Kentsel;Haftaici;12;2015
21.12.2015;180,6;6,24;1996,04;136,44;242,11;105,67;94,62;Kentsel;Haftaici;12;2015
20.12.2015;80,58;4,44;830,33;103,75;146,78;43,03;26,91;Kentsel;Haftasonu ;12;2015
19.12.2015;91,37;7,31;1461,04;115,96;186,64;70,68;42,93;Kentsel;Haftasonu ;12;2015
18.12.2015;93,76;9,26;1356,05;103,29;145,41;42,11;39,31;Kentsel;Haftaici;12;2015
17.12.2015;43,91;8,71;779,03;66,27;73,63;7,36;19,5;Kentsel;Haftaici;12;2015
16.12.2015;78,22;5,26;739,48;75,64;83,12;7,49;40,69;Kentsel;Haftaici;12;2015
15.12.2015;83,29;6,55;812,65;113,42;141,13;27,7;36,7;Kentsel;Haftaici;12;2015
14.12.2015;68,55;5,33;827,68;104,93;139,9;34,97;36,93;Kentsel;Haftaici;12;2015
13.12.2015;69,24;5,9;986,12;101,5;123,46;21,96;30,43;Kentsel;Haftasonu ;12;2015
11.12.2015;234,32;5,97;1593,88;109,74;254,27;144,53;60,92;Kentsel;Haftaici;12;2015
10.12.2015;108,29;6,78;2009,54;113,28;258,49;145,21;51,73;Kentsel;Haftaici;12;2015
9.12.2015;61,95;4,91;1093,94;79,25;127,44;48,19;21,3;Kentsel;Haftaici;12;2015
8.12.2015;213,85;8,12;3560,21;162,46;495,48;333,03;84,68;Kentsel;Haftaici;12;2015
7.12.2015;209,44;9,84;3781,68;164,83;491,69;326,86;76,44;Kentsel;Haftaici;12;2015
6.12.2015;;10,83;1694,55;95,67;222,69;127,02;35;Kentsel;Haftasonu ;12;2015
5.12.2015;262,28;7,64;1201,24;86,17;166,65;80,48;22,89;Kentsel;Haftasonu ;12;2015
4.12.2015;28,04;7,46;575,9;50,06;54,08;4,02;12,3;Kentsel;Haftaici;12;2015
3.12.2015;29,96;7,38;446,99;53,5;60,73;7,22;11,25;Kentsel;Haftaici;12;2015
2.12.2015;25,05;7,64;522,26;56,52;64,69;8,17;11,76;Kentsel;Haftaici;12;2015
1.12.2015;31,23;9,72;599,2;56,57;71,31;14,75;16,56;Kentsel;Haftaici;12;2015
30.11.2015;24,73;;545,11;45,66;55,28;9,61;13,04;Kentsel;Haftaici;11;2015
29.11.2015;23,09;9,79;546,55;43,73;54,52;10,79;3,17;Kentsel;Haftasonu ;11;2015
28.11.2015;33,87;6,42;366,19;38,47;41;2,53;11,36;Kentsel;Haftasonu ;11;2015
27.11.2015;74,85;20,17;1484,08;78,47;118,73;40,25;23,4;Kentsel;Haftaici;11;2015
26.11.2015;;3,08;515;48,4;54,81;6,41;21,85;Kentsel;Haftaici;11;2015
25.11.2015;;4,41;2694,24;142,28;269,61;127,33;64,39;Kentsel;Haftaici;11;2015
24.11.2015;109,67;34,67;1706,89;106,06;168,15;62,09;;Kentsel;Haftaici;11;2015
23.11.2015;120,45;21,78;1971,25;111,87;180,56;68,68;;Kentsel;Haftaici;11;2015
22.11.2015;39,21;24,87;559,93;41,94;48,1;6,16;;Kentsel;Haftasonu ;11;2015
21.11.2015;59,12;;464,08;53,79;57,34;3,54;;Kentsel;Haftasonu ;11;2015
20.11.2015;165,01;45,14;2704,53;117,94;217,17;99,24;68,83;Kentsel;Haftaici;11;2015
19.11.2015;114,3;;1963,9;107,65;184,9;77,25;36,16;Kentsel;Haftaici;11;2015
18.11.2015;121,67;;1806,13;99,27;189,2;89,93;30,64;Kentsel;Haftaici;11;2015
17.11.2015;67,62;;1018,28;;;;20,78;Kentsel;Haftaici;11;2015
16.11.2015;80,91;1,25;898,04;;;;47,06;Kentsel;Haftaici;11;2015
15.11.2015;79,09;3,87;912,32;;;;28,41;Kentsel;Haftasonu ;11;2015
14.11.2015;126,72;4,63;1931,82;;;;44,3;Kentsel;Haftasonu ;11;2015
13.11.2015;86,4;24,66;1009,77;;;;30,59;Kentsel;Haftaici;11;2015
12.11.2015;100,94;18,99;1962,38;;;;33,04;Kentsel;Haftaici;11;2015
11.11.2015;55,1;16,75;593,97;62,11;90,14;28,03;18,87;Kentsel;Haftaici;11;2015
10.11.2015;45,57;28,1;954,21;74,79;142,7;67,9;10,8;Kentsel;Haftaici;11;2015
9.11.2015;44,15;12,67;447,26;50,36;57,92;7,55;15,03;Kentsel;Haftaici;11;2015
8.11.2015;50,39;17,42;705,09;63,47;101,86;38,39;15,56;Kentsel;Haftasonu ;11;2015
7.11.2015;121,9;19,63;1982,74;129,74;325,26;195,52;25,55;Kentsel;Haftasonu ;11;2015
6.11.2015;149,17;30,07;2682,58;150,94;391,92;240,98;31,74;Kentsel;Haftaici;11;2015
5.11.2015;127,4;36,34;2526,95;147,33;412,23;264,9;29,54;Kentsel;Haftaici;11;2015
4.11.2015;126,43;26,98;2088,03;117,67;285,39;167,73;24,63;Kentsel;Haftaici;11;2015
3.11.2015;220,76;;2184,31;137,12;382,07;244,95;43,99;Kentsel;Haftaici;11;2015
2.11.2015;72,4;;1376,34;90,27;182,83;92,56;15,81;Kentsel;Haftaici;11;2015
1.11.2015;38,01;8,13;800,82;63,11;101,22;38,11;9,36;Kentsel;Haftasonu ;11;2015
31.10.2015;56,06;3,6;776,21;60;90,77;30,78;12,81;Kentsel;Haftasonu ;10;2015
30.10.2015;57,59;2,77;815,22;58,56;99,51;40,95;16,07;Kentsel;Haftaici;10;2015
29.10.2015;30,99;4,91;717,78;52,22;72,13;19,9;10,1;Kentsel;Haftaici;10;2015
28.10.2015;18,52;5,69;510,45;39,74;49,29;9,55;9,97;Kentsel;Haftaici;10;2015
27.10.2015;31,24;4,86;622,01;49,63;66,45;16,82;11,9;Kentsel;Haftaici;10;2015
26.10.2015;35,8;15,91;731,67;58,33;98,75;40,42;11,95;Kentsel;Haftaici;10;2015
25.10.2015;20,02;7,26;492,61;36,35;45,57;9,22;6,12;Kentsel;Haftasonu ;10;2015
24.10.2015;39,38;2,16;722,74;64,62;114,26;49,64;11,19;Kentsel;Haftasonu ;10;2015
23.10.2015;46,25;12,33;335,38;35,5;54,8;19,3;17,53;Kentsel;Haftaici;10;2015
22.10.2015;51,31;11,41;733,98;61,94;119,38;57,44;14,03;Kentsel;Haftaici;10;2015
21.10.2015;85,42;2,68;790,91;72,28;130,64;58,35;17,7;Kentsel;Haftaici;10;2015
20.10.2015;101,62;3,63;1095,92;89,29;203,94;114,65;22,3;Kentsel;Haftaici;10;2015
19.10.2015;113,94;9,37;1331,51;106,16;228,59;122,43;25,08;Kentsel;Haftaici;10;2015
18.10.2015;99,8;;1387,92;92,13;206,37;114,24;16,26;Kentsel;Haftasonu ;10;2015
17.10.2015;99,26;6,91;1420,47;95,05;230,23;135,19;19,34;Kentsel;Haftasonu ;10;2015
16.10.2015;81,4;26,55;711,27;67,67;105,8;38,13;12,66;Kentsel;Haftaici;10;2015
15.10.2015;80,36;14,48;987,76;83,19;163,36;80,18;14,09;Kentsel;Haftaici;10;2015
14.10.2015;56,69;8,37;719,31;63,54;123,95;60,41;12,37;Kentsel;Haftaici;10;2015
13.10.2015;51,84;9,6;363,34;42,39;59,71;17,32;16,48;Kentsel;Haftaici;10;2015
12.10.2015;80,62;4,54;595,35;55,26;102,64;47,38;17,17;Kentsel;Haftaici;10;2015
11.10.2015;58,44;17,67;798,73;70,99;118,83;47,84;12,78;Kentsel;Haftasonu ;10;2015
10.10.2015;;;;;;;7,87;Kentsel;Haftasonu ;10;2015
9.10.2015;;;;;;;36,58;Kentsel;Haftaici;10;2015
8.10.2015;38,08;12,36;673,15;70,41;105,12;34,71;9,63;Kentsel;Haftaici;10;2015
7.10.2015;26,54;9,81;401,29;57,56;74,46;16,9;9,89;Kentsel;Haftaici;10;2015
6.10.2015;52,24;;506,52;79,75;103,48;23,73;15,08;Kentsel;Haftaici;10;2015
5.10.2015;75,8;;1273,07;102,16;225,9;123,74;;Kentsel;Haftaici;10;2015
4.10.2015;48,22;13,72;564,42;64,85;87,09;22,24;8,73;Kentsel;Haftasonu ;10;2015
3.10.2015;49,88;14,47;683,42;71,35;123,06;51,71;10,08;Kentsel;Haftasonu ;10;2015
2.10.2015;30,62;7,88;390,64;48;58,59;10,59;9,6;Kentsel;Haftaici;10;2015
1.10.2015;17,9;;297,95;33,86;39,29;5,43;5,15;Kentsel;Haftaici;10;2015
30.09.2015;26,94;10,79;333,71;44,96;56,08;11,11;11,56;Kentsel;Haftaici;9;2015
29.09.2015;50,01;20,18;324,31;55,69;67,16;11,46;10,75;Kentsel;Haftaici;9;2015
28.09.2015;40,3;;476,14;67,23;87,15;19,93;7,39;Kentsel;Haftaici;9;2015
27.09.2015;42,78;;761,98;68,24;120,6;52,37;10,35;Kentsel;Haftasonu ;9;2015
26.09.2015;47,12;;657,25;62,03;99,81;37,79;10,61;Kentsel;Haftasonu ;9;2015
25.09.2015;26,54;;416,96;55,72;76,05;20,33;8,32;Kentsel;Haftaici;9;2015
24.09.2015;19,9;;494,23;62,65;101,11;38,46;6,76;Kentsel;Haftaici;9;2015
23.09.2015;50,99;6,51;285,67;37,94;43,78;5,84;8,09;Kentsel;Haftaici;9;2015
22.09.2015;60,44;;323,23;44,26;53,16;8,9;9,23;Kentsel;Haftaici;9;2015
21.09.2015;63,64;17,47;491,67;76,7;109,2;32,5;10,4;Kentsel;Haftaici;9;2015
20.09.2015;58,98;;297,55;35,06;41,19;6,13;9,36;Kentsel;Haftasonu ;9;2015
19.09.2015;61,21;;872,1;79,19;132,92;53,73;11,36;Kentsel;Haftasonu ;9;2015
18.09.2015;38,37;;496,48;63,76;82,8;19,04;8,78;Kentsel;Haftaici;9;2015
17.09.2015;65,61;;604,71;68,51;98,38;29,87;15,82;Kentsel;Haftaici;9;2015
16.09.2015;61,03;;457,58;56,81;79,4;22,59;13,14;Kentsel;Haftaici;9;2015
15.09.2015;;;361,81;42,68;49,31;6,63;;Kentsel;Haftaici;9;2015
10.09.2015;82,08;;672,98;69,16;118,5;49,34;12,17;Kentsel;Haftaici;9;2015
9.09.2015;59,95;14,74;331,61;32,22;36,54;4,31;8,28;Kentsel;Haftaici;9;2015
8.09.2015;76,12;9,78;287,48;32,16;36,32;4,16;9,36;Kentsel;Haftaici;9;2015
7.09.2015;106,4;11,32;629,85;71,08;121,63;50,55;15,54;Kentsel;Haftaici;9;2015
6.09.2015;50,05;;690,01;76,2;131;54,8;9,79;Kentsel;Haftasonu ;9;2015
5.09.2015;59,65;8,66;940,93;91,2;193,85;102,65;10,69;Kentsel;Haftasonu ;9;2015
4.09.2015;48,05;;526,2;73,25;90,85;17,6;8,07;Kentsel;Haftaici;9;2015
3.09.2015;52,73;;641,33;88,59;130,95;42,36;7,43;Kentsel;Haftaici;9;2015
2.09.2015;51,48;30,21;856,59;88,66;170,32;81,65;6,34;Kentsel;Haftaici;9;2015
1.09.2015;27,61;;520,57;61,4;91,21;29,81;10,83;Kentsel;Haftaici;9;2015
31.08.2015;41,54;;397,91;43,81;50,02;6,21;7,6;Kentsel;Haftaici;8;2015
30.08.2015;33,82;;292,02;23,21;26,3;3,1;6,42;Kentsel;Haftasonu ;8;2015
29.08.2015;41,61;2,49;297,54;20,16;23,21;3,05;5,86;Kentsel;Haftasonu ;8;2015
28.08.2015;31,4;4,83;336,38;34,97;40,49;5,51;9,19;Kentsel;Haftaici;8;2015
27.08.2015;38,9;;313,68;29,85;34,56;4,71;7,16;Kentsel;Haftaici;8;2015
26.08.2015;50,44;7,75;289,35;29,68;33,93;4,24;6,98;Kentsel;Haftaici;8;2015
25.08.2015;41,48;;261;21,31;25,33;4,01;20,9;Kentsel;Haftaici;8;2015
24.08.2015;17,35;2,93;290,17;23,44;27,23;3,78;6,6;Kentsel;Haftaici;8;2015
23.08.2015;28,46;3,7;247,05;18,68;21,86;3,18;17,47;Kentsel;Haftasonu ;8;2015
22.08.2015;20,47;4,89;369,09;35,19;41,18;5,99;6,02;Kentsel;Haftasonu ;8;2015
21.08.2015;32,65;4,61;684,89;65,03;93,76;28,73;14,85;Kentsel;Haftaici;8;2015
20.08.2015;47,51;;331,29;35,95;39,32;3,37;11,3;Kentsel;Haftaici;8;2015
19.08.2015;57,69;;394,2;;;;26,12;Kentsel;Haftaici;8;2015
18.08.2015;56,64;4,65;397,03;81,34;87,31;5,96;14,52;Kentsel;Haftaici;8;2015
16.08.2015;30,98;18,49;573,1;;;;10,43;Kentsel;Haftasonu ;8;2015
15.08.2015;43,49;;287,6;;;;9,65;Kentsel;Haftasonu ;8;2015
14.08.2015;57,36;;347,12;;;;18,2;Kentsel;Haftaici;8;2015
13.08.2015;48,95;6,01;412,27;61,53;67,48;5,96;10,3;Kentsel;Haftaici;8;2015
12.08.2015;38,66;5,46;337,17;56,67;61,3;4,63;10,76;Kentsel;Haftaici;8;2015
11.08.2015;37,68;;327,21;40,16;43,55;3,39;12,09;Kentsel;Haftaici;8;2015
10.08.2015;7,18;4,98;366,31;45,63;47,16;1,53;;Kentsel;Haftaici;8;2015
9.08.2015;26,73;5,34;396,25;44,55;48,18;3,63;6,76;Kentsel;Haftasonu ;8;2015
8.08.2015;34,92;5,67;442,08;45,35;52,38;7,03;5,79;Kentsel;Haftasonu ;8;2015
7.08.2015;37,06;6,04;366,18;44,63;45,99;1,36;7,74;Kentsel;Haftaici;8;2015
6.08.2015;44,09;;251,4;39,15;39,95;0,79;;Kentsel;Haftaici;8;2015
5.08.2015;55,38;6,58;361,28;51,67;52,8;1,13;8,52;Kentsel;Haftaici;8;2015
4.08.2015;53,98;4,8;289,87;44,2;46,19;1,99;10,32;Kentsel;Haftaici;8;2015
3.08.2015;44,36;;431,55;53,2;55,35;2,16;10,59;Kentsel;Haftaici;8;2015
2.08.2015;51,79;20,63;325,63;42,77;44,49;1,72;16,89;Kentsel;Haftasonu ;8;2015
1.08.2015;41,1;8,95;294,26;35,85;37,65;1,8;13,59;Kentsel;Haftasonu ;8;2015
31.07.2015;68,82;10,1;568,64;58,97;71,35;12,38;11,9;Kentsel;Haftaici;7;2015
30.07.2015;50,53;8,7;325,95;47,94;50,08;2,14;11,6;Kentsel;Haftaici;7;2015
29.07.2015;43,91;8,99;423,43;53,88;59,31;5,43;10,49;Kentsel;Haftaici;7;2015
28.07.2015;44,62;13,72;;48,13;50,64;2,51;9,46;Kentsel;Haftaici;7;2015
27.07.2015;40,84;6,68;;36,78;38,22;1,43;15,4;Kentsel;Haftaici;7;2015
26.07.2015;43,53;8,21;;37,32;40,5;3,18;14,84;Kentsel;Haftasonu ;7;2015
25.07.2015;48,15;5,16;;57,69;60,34;2,65;15,61;Kentsel;Haftasonu ;7;2015
24.07.2015;70,04;;;;;;;Kentsel;Haftaici;7;2015
23.07.2015;39,16;2,45;554,11;46,18;51,04;4,86;8,44;Kentsel;Haftaici;7;2015
22.07.2015;35,29;6,55;504,29;30,58;31,81;1,23;7,61;Kentsel;Haftaici;7;2015
21.07.2015;26,8;2,15;629,65;32,74;33,93;1,19;7,73;Kentsel;Haftaici;7;2015
20.07.2015;27,29;3,97;602,7;49,69;57,03;7,34;7,12;Kentsel;Haftaici;7;2015
19.07.2015;23,79;;509,36;29,26;30,53;1,27;6,1;Kentsel;Haftasonu ;7;2015
18.07.2015;18;3,89;537,72;31,1;32,55;1,45;5,88;Kentsel;Haftasonu ;7;2015
17.07.2015;17,61;1,59;506,03;28,5;30,44;1,94;6,35;Kentsel;Haftaici;7;2015
16.07.2015;17,55;3,66;549,3;30,78;33,06;2,28;5,88;Kentsel;Haftaici;7;2015
15.07.2015;28,27;5,13;623,9;38,6;41,3;2,7;9,89;Kentsel;Haftaici;7;2015
14.07.2015;32,48;6,54;594,41;41,73;44,6;2,87;11,97;Kentsel;Haftaici;7;2015
13.07.2015;26,7;;300,34;42,96;44,94;1,98;8,24;Kentsel;Haftaici;7;2015
12.07.2015;26,35;9,37;588,98;32,09;32,13;0,04;10,31;Kentsel;Haftasonu ;7;2015
11.07.2015;36,97;14,36;646,09;;;;2,67;Kentsel;Haftasonu ;7;2015
10.07.2015;42,7;;659,41;;;;17,3;Kentsel;Haftaici;7;2015
9.07.2015;41,67;17,21;638,03;;;;16,02;Kentsel;Haftaici;7;2015
8.07.2015;29,47;14,36;333,85;;;;10,84;Kentsel;Haftaici;7;2015
7.07.2015;29,1;;217,49;19,67;23,28;3,61;10,97;Kentsel;Haftaici;7;2015
6.07.2015;29,23;;238,54;24,06;26,64;2,58;19,23;Kentsel;Haftaici;7;2015
5.07.2015;35,03;12,29;577,64;28,38;32,67;4,29;7,21;Kentsel;Haftasonu ;7;2015
4.07.2015;30,02;22,91;525,74;34,71;40,85;6,14;6,22;Kentsel;Haftasonu ;7;2015
3.07.2015;21,78;25,35;506,69;18,45;23,32;4,88;5,98;Kentsel;Haftaici;7;2015
2.07.2015;34,77;30,02;535,16;32,84;39,75;6,91;6,68;Kentsel;Haftaici;7;2015
1.07.2015;41,91;24,95;616,91;33,25;40,59;7,34;8,46;Kentsel;Haftaici;7;2015
30.06.2015;35,39;19,75;597,01;34,25;40,49;6,24;7,82;Kentsel;Haftaici;6;2015
29.06.2015;25,31;14,65;624,2;34,26;37,53;3,27;6,07;Kentsel;Haftaici;6;2015
28.06.2015;15,03;15,45;491,78;24,92;26,22;1,31;5,61;Kentsel;Haftasonu ;6;2015
27.06.2015;22,32;24,68;597,56;46,17;49,05;2,88;10,43;Kentsel;Haftasonu ;6;2015
26.06.2015;24,64;18,09;551,98;22,56;26,86;4,3;6,3;Kentsel;Haftaici;6;2015
25.06.2015;21,35;10,93;609,72;22,4;28,99;6,6;6,4;Kentsel;Haftaici;6;2015
24.06.2015;23,24;10,93;675,55;34,76;42,11;7,35;7,31;Kentsel;Haftaici;6;2015
23.06.2015;23,85;10,78;537,5;29,64;35,02;5,38;7,56;Kentsel;Haftaici;6;2015
22.06.2015;37,86;26,7;629,73;34,07;42,96;8,89;11,23;Kentsel;Haftaici;6;2015
21.06.2015;21,28;20,11;550,12;24,91;29,25;4,34;7,22;Kentsel;Haftasonu ;6;2015
20.06.2015;28,05;17,74;549,5;33,53;38,29;4,76;6,47;Kentsel;Haftasonu ;6;2015
19.06.2015;36,42;20,65;531,51;42,83;50,45;7,62;9,02;Kentsel;Haftaici;6;2015
18.06.2015;36,29;19,12;574,39;35,53;40,26;4,73;8,34;Kentsel;Haftaici;6;2015
17.06.2015;43,05;14,83;559,59;26,82;30,77;3,94;10,94;Kentsel;Haftaici;6;2015
16.06.2015;49,23;26,33;791,55;60,42;81,57;21,15;14,54;Kentsel;Haftaici;6;2015
15.06.2015;45,9;11,52;684,55;45,21;56,99;11,78;10,88;Kentsel;Haftaici;6;2015
14.06.2015;18,16;17,35;543,34;26,31;29,42;3,11;6,36;Kentsel;Haftasonu ;6;2015
13.06.2015;29,59;2,99;583,86;25,07;28,74;3,67;7,89;Kentsel;Haftasonu ;6;2015
12.06.2015;34,72;16,07;756,57;60,29;73,57;13,27;7,8;Kentsel;Haftaici;6;2015
11.06.2015;27,08;23,88;720,46;57,08;69,62;12,54;8,04;Kentsel;Haftaici;6;2015
10.06.2015;37,81;17,88;632,26;38,45;42,13;3,68;6,98;Kentsel;Haftaici;6;2015
9.06.2015;49,62;;672,17;57,21;76,57;19,36;7,36;Kentsel;Haftaici;6;2015
8.06.2015;31,93;3,2;586,71;34,34;40,02;5,67;6,69;Kentsel;Haftaici;6;2015
7.06.2015;32,39;;571,54;29,59;34,32;4,73;6,62;Kentsel;Haftasonu ;6;2015
6.06.2015;27,07;;691,46;30,41;35,87;5,46;10,42;Kentsel;Haftasonu ;6;2015
5.06.2015;32,24;5,09;677,34;44,35;50,63;6,28;10,07;Kentsel;Haftaici;6;2015
4.06.2015;10,07;0,51;705,26;44,36;49,34;4,98;;Kentsel;Haftaici;6;2015
3.06.2015;4,35;12,61;627,71;43,38;50,81;7,43;;Kentsel;Haftaici;6;2015
2.06.2015;6,96;6,99;472,93;28,89;34,08;5,18;;Kentsel;Haftaici;6;2015
1.06.2015;20,62;;440,51;32,98;37,17;4,19;;Kentsel;Haftaici;6;2015
31.05.2015;23,68;4,67;394,15;27,11;39,28;12,18;11,41;Kentsel;Haftasonu ;5;2015
30.05.2015;;;400,3;32,86;44,09;11,23;;Kentsel;Haftasonu ;5;2015
29.05.2015;25,14;4,66;422,05;29,61;41,1;11,49;19,63;Kentsel;Haftaici;5;2015
28.05.2015;17,27;7,01;334,69;24,39;26,58;2,19;10,74;Kentsel;Haftaici;5;2015
27.05.2015;48,03;5,21;428,58;35,51;59,89;24,38;24,75;Kentsel;Haftaici;5;2015
26.05.2015;51;5,78;598,27;37,89;56,2;18,31;21,53;Kentsel;Haftaici;5;2015
25.05.2015;52,32;11,09;518,22;35,59;49,93;14,33;25,57;Kentsel;Haftaici;5;2015
24.05.2015;47,63;6,61;400,36;31,01;39,79;8,78;16,91;Kentsel;Haftasonu ;5;2015
23.05.2015;54,85;7,73;720,8;40,44;60,89;20,44;26,4;Kentsel;Haftasonu ;5;2015
22.05.2015;52,08;;344,84;31,13;35,69;4,55;21,09;Kentsel;Haftaici;5;2015
21.05.2015;52,99;;284,57;26,56;27,42;0,86;29,65;Kentsel;Haftaici;5;2015
20.05.2015;74,81;;282,98;31,1;35,51;4,41;31,23;Kentsel;Haftaici;5;2015
19.05.2015;61,55;5,92;626,64;39,56;61,07;21,52;24,04;Kentsel;Haftaici;5;2015
18.05.2015;78,45;3,4;264,84;23,28;36,03;12,75;34,81;Kentsel;Haftaici;5;2015
17.05.2015;85,57;5,94;418,71;32,71;54,63;21,92;33,7;Kentsel;Haftasonu ;5;2015
16.05.2015;70,87;7,49;946,52;36,21;78,51;42,31;35,8;Kentsel;Haftasonu ;5;2015
15.05.2015;45,18;6,5;530,52;38,35;53,23;14,88;23,88;Kentsel;Haftaici;5;2015
14.05.2015;34,95;3,78;454,36;34,33;42,08;7,75;17,48;Kentsel;Haftaici;5;2015
13.05.2015;23,66;7,97;305,6;19,69;24,36;4,67;7,11;Kentsel;Haftaici;5;2015
12.05.2015;19,9;2,42;289,32;18,44;24,05;5,61;8,72;Kentsel;Haftaici;5;2015
11.05.2015;27,81;;385,87;25,81;30,37;4,56;3,08;Kentsel;Haftaici;5;2015
10.05.2015;18,19;;310,91;20,12;24,31;4,19;4,27;Kentsel;Haftasonu ;5;2015
9.05.2015;17,78;5,34;313,22;20,74;28,81;8,07;10,27;Kentsel;Haftasonu ;5;2015
8.05.2015;22,06;3,45;431,26;27,2;39,72;12,51;13,44;Kentsel;Haftaici;5;2015
7.05.2015;37,49;6,35;386,04;29,47;44,49;15,03;13,34;Kentsel;Haftaici;5;2015
6.05.2015;22,83;;360,33;23,34;38,51;15,17;13,92;Kentsel;Haftaici;5;2015
5.05.2015;38;6,46;448,34;31,54;55,13;23,58;11,51;Kentsel;Haftaici;5;2015
4.05.2015;;;410,42;30,05;41,97;11,92;;Kentsel;Haftaici;5;2015
3.05.2015;;1,9;408,93;63,32;76,98;13,66;;Kentsel;Haftasonu ;5;2015
2.05.2015;;1,55;495,48;74,88;104,16;29,27;;Kentsel;Haftasonu ;5;2015
1.05.2015;;3,12;363,89;56,08;63,42;7,34;;Kentsel;Haftaici;5;2015
30.04.2015;30,53;3,49;326,25;62,14;68,2;6,06;;Kentsel;Haftaici;4;2015
29.04.2015;69,76;2,94;350,77;75,35;90,68;15,33;;Kentsel;Haftaici;4;2015
28.04.2015;60,09;4,45;270,65;66,35;81,95;15,6;;Kentsel;Haftaici;4;2015
27.04.2015;38,36;5,18;539,08;93,03;128,92;35,89;;Kentsel;Haftaici;4;2015
26.04.2015;35,84;3,42;465,4;86,12;115,51;29,4;;Kentsel;Haftasonu ;4;2015
25.04.2015;35,69;7,05;908,2;100,25;171,33;71,08;;Kentsel;Haftasonu ;4;2015
24.04.2015;30,37;5,25;575,26;85,43;112,81;27,37;;Kentsel;Haftaici;4;2015
23.04.2015;18,35;0,71;374,84;47,04;51,16;4,12;;Kentsel;Haftaici;4;2015
22.04.2015;23,2;0,95;483,81;82,18;100,24;18,06;;Kentsel;Haftaici;4;2015
21.04.2015;27,13;4,36;321,11;54,15;58,5;4,34;;Kentsel;Haftaici;4;2015
20.04.2015;27,56;;490,86;75,86;87,23;11,37;;Kentsel;Haftaici;4;2015
19.04.2015;40,09;2,78;299,24;50,03;54,74;4,71;;Kentsel;Haftasonu ;4;2015
18.04.2015;39,64;0,71;359,44;47,27;51,75;4,48;;Kentsel;Haftasonu ;4;2015
17.04.2015;40,85;1,55;428,98;76,59;104,15;27,55;;Kentsel;Haftaici;4;2015
16.04.2015;47,94;10,55;710,89;92,3;154,25;61,95;;Kentsel;Haftaici;4;2015
15.04.2015;39,13;7,17;482,51;72,65;100,69;28,04;;Kentsel;Haftaici;4;2015
14.04.2015;48,22;9,75;659,55;91,9;122,58;30,69;;Kentsel;Haftaici;4;2015
13.04.2015;32,2;1,81;370,84;71,65;82,23;10,58;;Kentsel;Haftaici;4;2015
12.04.2015;22,78;3,35;514,65;69,68;81,34;11,67;;Kentsel;Haftasonu ;4;2015
11.04.2015;24,37;5,18;600,87;73,4;80,38;6,98;;Kentsel;Haftasonu ;4;2015
10.04.2015;14,57;0,35;368,02;49,44;56,77;7,33;;Kentsel;Haftaici;4;2015
9.04.2015;23,5;1,37;715,57;87,87;128,08;40,21;;Kentsel;Haftaici;4;2015
8.04.2015;29,71;8,67;494,66;65,1;71,55;6,46;6,98;Kentsel;Haftaici;4;2015
7.04.2015;17,32;6,24;406,15;64,35;73,13;8,78;;Kentsel;Haftaici;4;2015
6.04.2015;25,2;1,53;287,43;62,43;77,45;15,02;12,58;Kentsel;Haftaici;4;2015
5.04.2015;36,93;3,01;821,07;82,65;125,69;43,04;17,44;Kentsel;Haftasonu ;4;2015
4.04.2015;28,28;3,64;626,68;75,71;115,18;39,48;14,28;Kentsel;Haftasonu ;4;2015
3.04.2015;42,33;2,16;652,55;88,83;136,27;47,44;14,53;Kentsel;Haftaici;4;2015
2.04.2015;20,47;3,52;400,71;62,07;71,2;9,13;;Kentsel;Haftaici;4;2015
1.04.2015;10,67;;511,05;71,7;90,07;18,36;;Kentsel;Haftaici;4;2015
30.03.2015;29,75;7,31;460,44;11,1;17,95;6,85;;Kentsel;Haftaici;3;2015
29.03.2015;41,57;3,41;738,42;16,14;33,72;17,61;;Kentsel;Haftasonu ;3;2015
28.03.2015;38,05;3,72;558,98;;;;20,75;Kentsel;Haftasonu ;3;2015
27.03.2015;33,95;4,71;405,71;;;;20,9;Kentsel;Haftaici;3;2015
26.03.2015;56,62;8,99;1102,93;;;;24,38;Kentsel;Haftaici;3;2015
25.03.2015;41,96;5,54;615,43;;;;23,87;Kentsel;Haftaici;3;2015
24.03.2015;53,45;3,86;523,48;;;;36,44;Kentsel;Haftaici;3;2015
23.03.2015;43,06;6,33;424,16;;;;;Kentsel;Haftaici;3;2015
22.03.2015;34,95;;426,07;17,83;22,98;5,15;21,65;Kentsel;Haftasonu ;3;2015
21.03.2015;24,82;5,02;408,55;;;;11,61;Kentsel;Haftasonu ;3;2015
20.03.2015;62,24;9,54;520,72;;;;36,39;Kentsel;Haftaici;3;2015
19.03.2015;27,79;2,05;675,31;33,95;44,49;10,54;;Kentsel;Haftaici;3;2015
18.03.2015;64,82;5,93;611,2;;;;35,93;Kentsel;Haftaici;3;2015
17.03.2015;29,2;6,11;375,42;;;;5,96;Kentsel;Haftaici;3;2015
16.03.2015;29,13;5,27;428,37;;;;14,02;Kentsel;Haftaici;3;2015
15.03.2015;26,82;3,2;575,35;;;;16,99;Kentsel;Haftasonu ;3;2015
14.03.2015;22,37;0,83;419,35;;;;10,54;Kentsel;Haftasonu ;3;2015
13.03.2015;65,45;;1118,95;;;;40,69;Kentsel;Haftaici;3;2015
12.03.2015;32,48;5,4;634,86;72,57;102,15;29,58;;Kentsel;Haftaici;3;2015
11.03.2015;76,72;7,9;539,76;63,94;87,26;23,32;;Kentsel;Haftaici;3;2015
10.03.2015;72,11;5,72;489,08;61,3;96,05;34,75;17,9;Kentsel;Haftaici;3;2015
9.03.2015;77,38;6,67;599,84;62,9;85,02;22,12;23,48;Kentsel;Haftaici;3;2015
8.03.2015;73,86;12,7;602,22;59,64;75,66;16,02;24,08;Kentsel;Haftasonu ;3;2015
7.03.2015;86,98;13,52;945,14;73,73;117,96;44,23;37,6;Kentsel;Haftasonu ;3;2015
6.03.2015;119,8;20,86;1260,64;93,68;152,26;58,57;66,36;Kentsel;Haftaici;3;2015
5.03.2015;57,88;13,26;810,02;73,34;115,91;42,57;22,39;Kentsel;Haftaici;3;2015
4.03.2015;23,65;8,02;440,96;39,32;45,51;6,19;11,58;Kentsel;Haftaici;3;2015
3.03.2015;38,87;18,82;422,37;44,83;53,07;8,24;22,13;Kentsel;Haftaici;3;2015
2.03.2015;71,11;;980,3;78,31;178,84;100,64;;Kentsel;Haftaici;3;2015
1.03.2015;48,1;14,21;787,14;57,54;109,04;51,5;18,91;Kentsel;Haftasonu ;3;2015
28.02.2015;30,08;2,16;480,26;39,96;49,06;9,09;13,31;Kentsel;Haftasonu ;2;2015
27.02.2015;32,69;6,77;328,82;37,55;49,09;11,54;11,17;Kentsel;Haftaici;2;2015
26.02.2015;64,19;5,45;777,82;58,01;93,59;35,58;34,57;Kentsel;Haftaici;2;2015
25.02.2015;25,16;1,55;557,63;54,42;78,91;24,49;13,75;Kentsel;Haftaici;2;2015
24.02.2015;54,75;4,17;815,51;69,01;95,94;26,93;40,8;Kentsel;Haftaici;2;2015
23.02.2015;;24,97;917,43;93,52;126,54;33,02;;Kentsel;Haftaici;2;2015
22.02.2015;51,79;5,63;723,57;64,55;83,71;19,16;36,37;Kentsel;Haftasonu ;2;2015
21.02.2015;33,1;3,39;594,22;60,97;78,46;17,49;;Kentsel;Haftasonu ;2;2015
20.02.2015;26,13;5,16;594,25;50,91;64,11;13,19;;Kentsel;Haftaici;2;2015
19.02.2015;14,14;4,85;477,01;34,03;42,62;8,59;;Kentsel;Haftaici;2;2015
18.02.2015;15,47;4,31;373,8;22,68;30,08;7,4;;Kentsel;Haftaici;2;2015
17.02.2015;14,83;6,03;395,39;23,93;30,88;6,95;6,37;Kentsel;Haftaici;2;2015
16.02.2015;34,22;3,02;618;53,69;75,4;21,71;21,14;Kentsel;Haftaici;2;2015
15.02.2015;57,35;6,98;645,08;51,33;70,02;18,69;28,64;Kentsel;Haftasonu ;2;2015
14.02.2015;52,32;5,14;828,23;52,88;79,01;26,13;30,98;Kentsel;Haftasonu ;2;2015
13.02.2015;34,16;3,92;591,94;42,64;57;14,37;16,11;Kentsel;Haftaici;2;2015
12.02.2015;31,86;3,15;742,44;55,58;95,21;39,63;;Kentsel;Haftaici;2;2015
11.02.2015;13,98;3,21;545,23;41,73;55,04;13,31;;Kentsel;Haftaici;2;2015
10.02.2015;13,38;4,49;541,19;40,59;51,45;10,86;;Kentsel;Haftaici;2;2015
9.02.2015;36,35;6,43;618,8;45,13;65,76;20,63;19,08;Kentsel;Haftaici;2;2015
8.02.2015;29,97;5,58;544,84;41,76;55,83;14,07;;Kentsel;Haftasonu ;2;2015
7.02.2015;42,68;;463,95;52,3;70,59;18,29;13,23;Kentsel;Haftasonu ;2;2015
6.02.2015;88,15;23,67;1140,94;;;;34,66;Kentsel;Haftaici;2;2015
5.02.2015;96,55;;1383,93;;;;;Kentsel;Haftaici;2;2015
4.02.2015;;;1422,38;;;;;Kentsel;Haftaici;2;2015
3.02.2015;22,18;1,29;451,54;44,3;46,74;1,96;;Kentsel;Haftaici;2;2015
2.02.2015;38,43;1,28;276,79;36,54;37,44;0,68;;Kentsel;Haftaici;2;2015
1.02.2015;50,21;4,7;239,63;;;;;Kentsel;Haftasonu ;2;2015
31.01.2015;21,71;;265,79;32,85;33,5;0,41;;Kentsel;Haftasonu ;1;2015
30.01.2015;25,28;3,42;389,58;51,35;56,54;4,7;;Kentsel;Haftaici;1;2015
29.01.2015;30,6;;526,13;59,24;68,31;8,61;;Kentsel;Haftaici;1;2015
28.01.2015;39,22;5,64;545,79;48,73;54,14;4,93;;Kentsel;Haftaici;1;2015
27.01.2015;52,26;3,76;633,25;51,68;68,57;16,39;;Kentsel;Haftaici;1;2015
26.01.2015;85,46;7,7;1337,47;78,46;126,62;47,67;;Kentsel;Haftaici;1;2015
25.01.2015;72,48;10,49;1288,92;61,57;94,09;32,01;;Kentsel;Haftasonu ;1;2015
24.01.2015;82,04;15,26;1233,4;64,12;89,71;25,09;;Kentsel;Haftasonu ;1;2015
23.01.2015;108,76;10,42;1706,11;86,79;151,02;63,74;;Kentsel;Haftaici;1;2015
22.01.2015;127,94;9,95;1603,19;79,56;147,29;67,23;;Kentsel;Haftaici;1;2015
21.01.2015;96,43;10,84;1691,34;87,11;172,41;84,8;36,92;Kentsel;Haftaici;1;2015
20.01.2015;135,38;9,39;2033,15;89,06;174,26;84,71;61,5;Kentsel;Haftaici;1;2015
19.01.2015;93,78;7,15;1364,96;72,95;124,91;51,46;40,49;Kentsel;Haftaici;1;2015
18.01.2015;30,89;7,24;568,96;47,05;49,71;2,17;14,23;Kentsel;Haftasonu ;1;2015
17.01.2015;73,99;;856,95;69,05;86,86;17,31;45,28;Kentsel;Haftasonu ;1;2015
16.01.2015;;14,07;2156,09;88,13;176,79;88,15;;Kentsel;Haftaici;1;2015
15.01.2015;;19,53;2028,44;95,92;185,5;89,07;;Kentsel;Haftaici;1;2015
14.01.2015;;12,67;1559,85;76;124,3;47,8;;Kentsel;Haftaici;1;2015
13.01.2015;;12,06;929,91;58,25;71,65;12,91;;Kentsel;Haftaici;1;2015
12.01.2015;;8,26;542,91;50,99;58,93;7,43;;Kentsel;Haftaici;1;2015
11.01.2015;;15,83;2856,57;101,9;218,27;115,87;;Kentsel;Haftasonu ;1;2015
10.01.2015;;11,87;1100,44;78,77;105,31;26,05;;Kentsel;Haftasonu ;1;2015
9.01.2015;;13,05;747,25;67,53;91,43;23,4;;Kentsel;Haftaici;1;2015
8.01.2015;;8;666,36;45,29;48,94;3,15;;Kentsel;Haftaici;1;2015
7.01.2015;15,77;3,83;533,59;31,61;34,61;2,52;7,27;Kentsel;Haftaici;1;2015
6.01.2015;29,93;8,09;936,4;62,4;79,81;16,91;;Kentsel;Haftaici;1;2015
5.01.2015;22,41;19,22;727,16;45,31;52,99;7,2;;Kentsel;Haftaici;1;2015
4.01.2015;17,33;6,5;556,72;34,71;37,83;2,63;8,04;Kentsel;Haftasonu ;1;2015
3.01.2015;46,24;64,38;584,26;40,36;48,68;7,82;21,08;Kentsel;Haftasonu ;1;2015
2.01.2015;27,17;11,54;696,81;39,84;49,28;8,94;7,89;Kentsel;Haftaici;1;2015
1.01.2015;25,35;3,06;781,31;46,46;57,96;10,99;;Kentsel;Haftaici;1;2015
31.12.2014;74,11;4,35;1880,18;65,83;178,37;112,04;39,24;Kentsel;Haftaici;12;2014
30.12.2014;36,95;14,05;995,99;55,27;100,49;44,72;8,74;Kentsel;Haftaici;12;2014
29.12.2014;15,27;;397,22;36,05;38,59;2,05;4,64;Kentsel;Haftaici;12;2014
28.12.2014;78,78;15,08;1352,3;61,9;141,31;78,91;22,32;Kentsel;Haftasonu ;12;2014
27.12.2014;34,71;5,6;129,72;36,54;39,37;2,35;10,59;Kentsel;Haftasonu ;12;2014
26.12.2014;162,95;18,33;2502,29;94,58;281,59;186,51;58,66;Kentsel;Haftaici;12;2014
25.12.2014;228,76;20,16;3607,04;118,79;422,34;303,06;83,05;Kentsel;Haftaici;12;2014
24.12.2014;148,25;;2795,4;100,99;316,63;215,14;42,14;Kentsel;Haftaici;12;2014
23.12.2014;63,82;15,61;810,35;67,25;128,08;60,33;16,01;Kentsel;Haftaici;12;2014
22.12.2014;48,05;14,38;603,49;56,71;82,54;25,33;12,04;Kentsel;Haftaici;12;2014
21.12.2014;72,07;9,61;787,19;52,53;94,19;41,17;26,8;Kentsel;Haftasonu ;12;2014
20.12.2014;112,53;10,09;1078,49;69,5;151,5;81,49;36,18;Kentsel;Haftasonu ;12;2014
19.12.2014;69,47;14,73;938,75;65,17;124,27;58,61;20,84;Kentsel;Haftaici;12;2014
18.12.2014;139,28;9,93;2045,15;68,51;182,44;113,44;66,87;Kentsel;Haftaici;12;2014
17.12.2014;;12,46;1382,69;62,29;129,6;66,82;;Kentsel;Haftaici;12;2014
16.12.2014;107,73;15,02;989,33;57,41;96,8;38,89;;Kentsel;Haftaici;12;2014
15.12.2014;75,5;8,63;607,14;48,64;73,26;24,12;19,1;Kentsel;Haftaici;12;2014
14.12.2014;63,61;4,4;738,53;53,4;81,21;27,3;14,83;Kentsel;Haftasonu ;12;2014
13.12.2014;36,21;5,83;607,35;38,46;50,36;11,39;7,75;Kentsel;Haftasonu ;12;2014
12.12.2014;65,73;7;956,11;61,29;97,24;35,45;16,29;Kentsel;Haftaici;12;2014
11.12.2014;96,88;12,07;1107,36;63,04;112,5;48,97;18,87;Kentsel;Haftaici;12;2014
10.12.2014;45,25;6,04;872,62;66,48;113,74;46,75;7,83;Kentsel;Haftaici;12;2014
9.12.2014;47,72;12,73;639,28;47,8;70,88;22,58;11,16;Kentsel;Haftaici;12;2014
8.12.2014;106;10,53;1238,08;59,31;115,78;55,97;26,3;Kentsel;Haftaici;12;2014
7.12.2014;59,37;13,74;768,13;40,99;65,77;24,28;18,76;Kentsel;Haftasonu ;12;2014
6.12.2014;89,64;13,05;870,74;50,17;85,54;34,87;23,87;Kentsel;Haftasonu ;12;2014
3.12.2014;191,79;13,95;2711,36;88,05;285,77;197,22;46,99;Kentsel;Haftaici;12;2014
2.12.2014;181,66;11,09;2186,13;102,28;305,71;202,93;35,45;Kentsel;Haftaici;12;2014
1.12.2014;25,84;8,33;588,39;53,4;84,23;30,32;6,93;Kentsel;Haftaici;12;2014
30.11.2014;51,2;11,34;1006,77;77,49;165,61;87,62;16,43;Kentsel;Haftasonu ;11;2014
29.11.2014;165,21;15,83;1510,09;113,71;271,99;157,78;32,82;Kentsel;Haftasonu ;11;2014
28.11.2014;61,9;10,63;1010,97;77,47;157,1;79,53;15,27;Kentsel;Haftaici;11;2014
27.11.2014;44,46;10,09;612,08;65,02;92,67;27,15;7,69;Kentsel;Haftaici;11;2014
26.11.2014;25,53;;480,88;48,39;62,31;13,42;3,13;Kentsel;Haftaici;11;2014
25.11.2014;37,81;18,28;410,84;41,47;53,21;11,24;7,49;Kentsel;Haftaici;11;2014
24.11.2014;41,99;13,61;440,53;47,68;59,62;11,45;4,8;Kentsel;Haftaici;11;2014
23.11.2014;36,73;20,19;612,26;52,24;77,22;24,47;4,04;Kentsel;Haftasonu ;11;2014
22.11.2014;28,1;19,89;491,4;40,96;63,7;22,24;3,33;Kentsel;Haftasonu ;11;2014
21.11.2014;25,49;14,65;375,03;33;46,34;12,85;3,14;Kentsel;Haftaici;11;2014
20.11.2014;47,27;;443,12;54,75;70,7;15,45;10,24;Kentsel;Haftaici;11;2014
19.11.2014;129,54;10,4;1114,73;80,26;158,25;77,5;;Kentsel;Haftaici;11;2014
18.11.2014;133,36;12,02;1553,22;82,76;216,04;132,78;;Kentsel;Haftaici;11;2014
12.11.2014;;12,42;1505,33;93,32;202,6;108,78;;Kentsel;Haftaici;11;2014
11.11.2014;;14,84;1839,97;95,82;225,66;129,48;;Kentsel;Haftaici;11;2014
10.11.2014;;11,49;800,94;78,95;130,18;50,74;;Kentsel;Haftaici;11;2014
9.11.2014;;9,5;1942,55;105,97;234,99;128,52;;Kentsel;Haftasonu ;11;2014
8.11.2014;;6,65;1957,67;102,64;203,67;100,53;;Kentsel;Haftasonu ;11;2014
7.11.2014;;8,58;1811,71;93,64;230,29;136,15;;Kentsel;Haftaici;11;2014
6.11.2014;;3,21;2076,42;98,96;268,6;169,15;;Kentsel;Haftaici;11;2014
5.11.2014;;15,33;1654,92;90,08;218,86;128,27;;Kentsel;Haftaici;11;2014
4.11.2014;;9,28;1593,09;89,04;211,26;121,72;;Kentsel;Haftaici;11;2014
3.11.2014;48,96;13,92;704,32;52,91;73,44;20,02;;Kentsel;Haftaici;11;2014
2.11.2014;22,97;3,84;436,16;29,9;36,67;6,26;;Kentsel;Haftasonu ;11;2014
1.11.2014;35,29;5,56;688,67;42,68;72,12;28,9;;Kentsel;Haftasonu ;11;2014
31.10.2014;17,55;;488,56;43,9;66,34;21,93;;Kentsel;Haftaici;10;2014
30.10.2014;44,54;;618,16;70,37;101,88;31,01;;Kentsel;Haftaici;10;2014
29.10.2014;67,17;;494,96;50,07;81,1;30,53;;Kentsel;Haftaici;10;2014
28.10.2014;60,59;;550,77;59,51;101,99;41,98;;Kentsel;Haftaici;10;2014
27.10.2014;44,79;;1057,5;70,27;123,3;52,52;;Kentsel;Haftaici;10;2014
26.10.2014;42,47;;458,42;50,86;70,6;19,25;;Kentsel;Haftasonu ;10;2014
25.10.2014;24,73;;260,49;36,55;45,71;8,66;;Kentsel;Haftasonu ;10;2014
24.10.2014;57,92;;741,91;55,62;99,49;43,38;;Kentsel;Haftaici;10;2014
23.10.2014;37,93;;325,13;53,63;66,04;11,92;;Kentsel;Haftaici;10;2014
22.10.2014;119,89;9,27;1387,8;93,71;221,63;127,43;;Kentsel;Haftaici;10;2014
21.10.2014;128,71;8,14;1490,36;93,22;259,51;165,8;;Kentsel;Haftaici;10;2014
20.10.2014;76,86;7,21;949,76;75,27;143,29;67,53;;Kentsel;Haftaici;10;2014
19.10.2014;23,48;6,66;315,21;28,14;34,8;6,17;;Kentsel;Haftasonu ;10;2014
18.10.2014;23,64;5,28;248,28;34,26;52,36;17,59;;Kentsel;Haftasonu ;10;2014
17.10.2014;59,65;6,02;1270,96;61,31;171,18;109,37;;Kentsel;Haftaici;10;2014
16.10.2014;70,4;5,86;726,93;52,42;111,87;58,94;;Kentsel;Haftaici;10;2014
15.10.2014;63,93;6,56;927,34;59,92;139,36;78,93;;Kentsel;Haftaici;10;2014
14.10.2014;40,7;5,54;648,31;55,12;92,67;37,06;;Kentsel;Haftaici;10;2014
13.10.2014;59,43;7,97;720,29;64,42;112,81;47,88;;Kentsel;Haftaici;10;2014
12.10.2014;49,46;6,41;755,53;58,32;105,62;46,8;;Kentsel;Haftasonu ;10;2014
11.10.2014;149,94;6,4;848,32;58,55;113,52;54,48;;Kentsel;Haftasonu ;10;2014
10.10.2014;41,25;7,35;386,99;44,05;58,59;14,05;;Kentsel;Haftaici;10;2014
9.10.2014;45,19;9,33;539,06;43,01;73,06;29,53;;Kentsel;Haftaici;10;2014
8.10.2014;53,17;39,97;523,11;49,84;79,02;28,69;;Kentsel;Haftaici;10;2014
7.10.2014;42,01;6,67;751,68;51,99;95,38;42,89;;Kentsel;Haftaici;10;2014
6.10.2014;48,64;5,41;532,46;43,89;63,35;18,95;;Kentsel;Haftaici;10;2014
5.10.2014;41,08;7,06;587,56;45,65;70,46;24,32;;Kentsel;Haftasonu ;10;2014
4.10.2014;39,43;8,96;772,26;40,58;73,24;32,14;;Kentsel;Haftasonu ;10;2014
3.10.2014;38,16;6,68;607,52;39,87;64,5;24,16;;Kentsel;Haftaici;10;2014
2.10.2014;31,43;36,04;383,1;43,78;55,42;11,14;;Kentsel;Haftaici;10;2014
1.10.2014;;30,61;1174,76;80,89;195,17;113,77;;Kentsel;Haftaici;10;2014
30.09.2014;41,57;7,34;1041,34;66,45;157,64;90,68;11,1;Kentsel;Haftaici;9;2014
29.09.2014;32,76;8,37;511,84;42,61;63,11;20;9,39;Kentsel;Haftaici;9;2014
28.09.2014;;7,92;323,81;35,43;42,15;6,22;;Kentsel;Haftasonu ;9;2014
27.09.2014;25,48;6,39;394,15;50,74;67,53;16,28;10,8;Kentsel;Haftasonu ;9;2014
26.09.2014;35,22;6,49;667,79;66,23;124,01;57,28;9,68;Kentsel;Haftaici;9;2014
25.09.2014;;7,69;497,27;56,45;95,1;38,14;;Kentsel;Haftaici;9;2014
24.09.2014;27,52;8,1;472,56;47,27;85,89;38,11;12,61;Kentsel;Haftaici;9;2014
23.09.2014;48,45;6,51;266,98;40,37;58,47;17,59;8,83;Kentsel;Haftaici;9;2014
22.09.2014;37,43;20,66;665;53,34;107,27;53,44;12,33;Kentsel;Haftaici;9;2014
21.09.2014;28,26;9,88;590,66;50,35;86,17;35,35;6,65;Kentsel;Haftasonu ;9;2014
20.09.2014;23,75;7,77;281,27;33,6;44,35;10,28;8,06;Kentsel;Haftasonu ;9;2014
19.09.2014;20,49;8,44;224,63;29,48;36,25;6,27;12,94;Kentsel;Haftaici;9;2014
18.09.2014;32,64;10,66;342,46;39,29;50,25;10,48;15,29;Kentsel;Haftaici;9;2014
17.09.2014;29,21;5,86;475,53;50,61;64,78;13,67;11,91;Kentsel;Haftaici;9;2014
16.09.2014;28,88;;244,54;29,52;36,09;6,06;10,21;Kentsel;Haftaici;9;2014
15.09.2014;22,71;20,5;265,17;33,98;40,1;5,64;7,96;Kentsel;Haftaici;9;2014
14.09.2014;31,55;4,79;442;36,73;43,39;6,24;10,92;Kentsel;Haftasonu ;9;2014
13.09.2014;27,4;7,4;348,18;45,99;54,93;8,44;12,48;Kentsel;Haftasonu ;9;2014
12.09.2014;32,21;6,35;616,56;80,14;115,34;34,73;11,48;Kentsel;Haftaici;9;2014
11.09.2014;28,15;5,11;568,29;71,04;95,81;24,26;12,83;Kentsel;Haftaici;9;2014
10.09.2014;29,82;6,35;395,59;50,29;62,64;11,81;11,89;Kentsel;Haftaici;9;2014
9.09.2014;18,47;4,14;245,36;33,32;41,38;7,57;8,03;Kentsel;Haftaici;9;2014
8.09.2014;27,76;8,44;515,33;76,2;94,25;17,54;12,8;Kentsel;Haftaici;9;2014
7.09.2014;;5,04;278,22;37,49;45,03;7,02;;Kentsel;Haftasonu ;9;2014
6.09.2014;36,06;6,13;294,83;43,1;49,4;5,8;12,54;Kentsel;Haftasonu ;9;2014
5.09.2014;28,25;6,31;420,88;55,08;71,51;15,92;9,8;Kentsel;Haftaici;9;2014
4.09.2014;38,34;5,66;337,43;43,86;54,3;9,94;13,26;Kentsel;Haftaici;9;2014
3.09.2014;39,9;5,71;369,18;56,66;73,17;16,02;8,18;Kentsel;Haftaici;9;2014
2.09.2014;34,99;6,21;511,98;64,46;87,1;22,15;10,07;Kentsel;Haftaici;9;2014
1.09.2014;25,82;5,78;367,41;47,21;60,55;12,84;7,08;Kentsel;Haftaici;9;2014
31.08.2014;;3,5;386,44;42,35;50,23;7,36;;Kentsel;Haftasonu ;8;2014
30.08.2014;;6,48;303,54;31,04;38,37;6,86;;Kentsel;Haftasonu ;8;2014
29.08.2014;;18,47;227,5;22,3;28,35;5,52;;Kentsel;Haftaici;8;2014
28.08.2014;;5,98;277,82;34,01;42,86;8,36;;Kentsel;Haftaici;8;2014
27.08.2014;;;596,31;63,95;97,37;32,88;;Kentsel;Haftaici;8;2014
26.08.2014;;6,59;405,44;47,25;57,76;9,99;;Kentsel;Haftaici;8;2014
25.08.2014;;7,28;331,24;36,58;44,98;7,9;;Kentsel;Haftaici;8;2014
24.08.2014;;5,82;466,33;47,34;70,36;22,48;;Kentsel;Haftasonu ;8;2014
23.08.2014;;6,65;301,47;39,86;50,8;10,44;;Kentsel;Haftasonu ;8;2014
22.08.2014;42,17;;340,18;42,07;48,82;6,29;;Kentsel;Haftaici;8;2014
21.08.2014;58,9;5,93;349,87;56,95;78,07;20,64;;Kentsel;Haftaici;8;2014
20.08.2014;43,29;4,43;275;38,77;45,91;6,63;;Kentsel;Haftaici;8;2014
19.08.2014;22,07;4,27;204,86;26,07;32,75;6,1;;Kentsel;Haftaici;8;2014
18.08.2014;37,11;4,43;189,6;22,75;28,06;4,77;;Kentsel;Haftaici;8;2014
17.08.2014;63,12;4,71;459,41;57,63;75;16,88;;Kentsel;Haftasonu ;8;2014
16.08.2014;48,28;6,38;511,05;64,59;103,96;38,88;;Kentsel;Haftasonu ;8;2014
15.08.2014;59,67;19,99;343,3;52,95;62,92;9,47;;Kentsel;Haftaici;8;2014
14.08.2014;52,12;4,23;683,26;68,34;109,06;40,24;;Kentsel;Haftaici;8;2014
13.08.2014;51,05;3,39;310,09;40,95;47,06;5,64;;Kentsel;Haftaici;8;2014
12.08.2014;69,82;4,83;262,15;30,08;35,06;4,49;;Kentsel;Haftaici;8;2014
11.08.2014;60,18;4,65;444,92;49,34;64,21;14,28;;Kentsel;Haftaici;8;2014
10.08.2014;34,58;3,5;239,98;22,66;27,35;4,06;;Kentsel;Haftasonu ;8;2014
9.08.2014;36,34;4,18;288,4;36,5;43,11;6,12;;Kentsel;Haftasonu ;8;2014
8.08.2014;34,29;3,59;284,92;38,94;45,67;6,25;;Kentsel;Haftaici;8;2014
7.08.2014;51,09;5,34;286,45;37,47;42,79;4,83;;Kentsel;Haftaici;8;2014
6.08.2014;44,53;3,89;353,63;49,19;55,34;5,65;;Kentsel;Haftaici;8;2014
5.08.2014;34,44;4,01;269,28;32,1;39,2;6,65;;Kentsel;Haftaici;8;2014
4.08.2014;33,73;;289,99;36,82;43,26;5,94;;Kentsel;Haftaici;8;2014
3.08.2014;54,99;5,26;336,88;38,17;45,66;6,93;;Kentsel;Haftasonu ;8;2014
2.08.2014;72,45;5,21;257,22;35,46;42,66;6,72;;Kentsel;Haftasonu ;8;2014
1.08.2014;58,6;19,75;482,39;56,44;77,4;20,47;;Kentsel;Haftaici;8;2014
31.07.2014;34,94;7,96;408,44;48,94;70,39;20,92;;Kentsel;Haftaici;7;2014
30.07.2014;42;5,51;222,87;;;;;Kentsel;Haftaici;7;2014
29.07.2014;47,98;6,18;201,63;20,02;24,91;4,29;;Kentsel;Haftaici;7;2014
28.07.2014;21,75;5,15;276,84;38,06;47,23;8,59;;Kentsel;Haftaici;7;2014
27.07.2014;26,18;4,23;220,01;21,67;26,44;4,24;;Kentsel;Haftasonu ;7;2014
26.07.2014;42,87;4,68;276,9;28,1;34,95;6,34;;Kentsel;Haftasonu ;7;2014
25.07.2014;35,73;4,66;225,09;25,31;30,39;4,64;;Kentsel;Haftaici;7;2014
24.07.2014;70,55;5,73;222,79;30,99;36,66;5,16;;Kentsel;Haftaici;7;2014
23.07.2014;34,35;3,8;297,09;40,4;51,12;10,23;;Kentsel;Haftaici;7;2014
22.07.2014;52,35;5,02;398,31;50,71;57,36;6,15;;Kentsel;Haftaici;7;2014
21.07.2014;31,83;3,28;258,32;22,68;27,71;4,55;;Kentsel;Haftaici;7;2014
20.07.2014;29,58;3,93;214,28;18,19;22,8;4,13;;Kentsel;Haftasonu ;7;2014
19.07.2014;46,03;4,29;266,3;31,59;36,76;4,64;;Kentsel;Haftasonu ;7;2014
18.07.2014;58,74;4,77;297,26;35,42;40,21;4,35;;Kentsel;Haftaici;7;2014
17.07.2014;53,45;6,18;178,31;26,75;32,04;4,85;;Kentsel;Haftaici;7;2014
16.07.2014;55,72;5,59;192,09;34,89;40,96;5,57;;Kentsel;Haftaici;7;2014
15.07.2014;56,44;6,17;260,39;44,47;52,45;7,45;;Kentsel;Haftaici;7;2014
14.07.2014;43,68;6,14;220,25;32,42;37,74;4,85;;Kentsel;Haftaici;7;2014
13.07.2014;44,9;6,07;173,98;20,34;25,21;4,35;;Kentsel;Haftasonu ;7;2014
12.07.2014;86,14;6;201,67;42,78;50,19;6,85;;Kentsel;Haftasonu ;7;2014
11.07.2014;95,74;5,25;191,08;38,66;46,11;6,95;;Kentsel;Haftaici;7;2014
10.07.2014;73,67;5,71;426,38;62,84;88,87;25,53;;Kentsel;Haftaici;7;2014
9.07.2014;50,72;6,33;356,33;49,42;64,09;14,16;;Kentsel;Haftaici;7;2014
8.07.2014;38,9;4,76;208,6;26,66;32,47;5,29;;Kentsel;Haftaici;7;2014
7.07.2014;38,7;18,39;225,3;31,67;37,79;5,65;;Kentsel;Haftaici;7;2014
5.07.2014;26,26;4,32;200,61;22,45;28,51;5,57;;Kentsel;Haftasonu ;7;2014
4.07.2014;38,93;3,36;242,94;25,37;32,97;7,08;;Kentsel;Haftaici;7;2014
3.07.2014;51,81;5,09;249,44;33,3;39,42;5,71;;Kentsel;Haftaici;7;2014
2.07.2014;49,6;5,35;212,38;29,73;35,42;5,16;;Kentsel;Haftaici;7;2014
1.07.2014;53,4;4,83;212,68;30,51;38,15;7,16;;Kentsel;Haftaici;7;2014
30.06.2014;43,32;5,02;354,57;47,38;62,54;14,67;;Kentsel;Haftaici;6;2014
29.06.2014;37,16;4,21;275,8;30,38;39,54;8,67;6,17;Kentsel;Haftasonu ;6;2014
28.06.2014;67,74;5,74;279,66;42,6;50,19;7,1;;Kentsel;Haftasonu ;6;2014
27.06.2014;83,36;6,34;445,8;58,05;91,78;33,21;;Kentsel;Haftaici;6;2014
26.06.2014;92,31;5,58;229,82;41;51,7;10,22;;Kentsel;Haftaici;6;2014
25.06.2014;38,32;3,72;261,14;37,73;45,56;7,3;;Kentsel;Haftaici;6;2014
24.06.2014;33,99;3,04;330,17;41,11;51,33;9,72;4,94;Kentsel;Haftaici;6;2014
23.06.2014;30,73;3,85;247,9;30,71;37,48;6,31;;Kentsel;Haftaici;6;2014
22.06.2014;24,56;4,18;203,81;23,55;28,9;4,84;;Kentsel;Haftasonu ;6;2014
21.06.2014;33,2;5,07;267,47;31,99;39,12;6,64;;Kentsel;Haftasonu ;6;2014
20.06.2014;46,69;3,66;203,34;35,75;42,22;5,97;;Kentsel;Haftaici;6;2014
19.06.2014;95,96;4,44;264,04;40,01;50,22;9,72;;Kentsel;Haftaici;6;2014
18.06.2014;49,33;3,59;427,26;47,52;67,47;19,44;;Kentsel;Haftaici;6;2014
17.06.2014;42,16;;398,49;56,24;71,52;14,77;;Kentsel;Haftaici;6;2014
16.06.2014;27,76;;325,09;44,99;52,14;6,67;;Kentsel;Haftaici;6;2014
15.06.2014;37,7;3,95;362,69;42,72;53,56;10,35;5,31;Kentsel;Haftasonu ;6;2014
14.06.2014;48,96;5,32;490,19;46,17;72,34;25,64;5,55;Kentsel;Haftasonu ;6;2014
13.06.2014;36,85;;329,43;47,58;53,76;5,71;;Kentsel;Haftaici;6;2014
12.06.2014;24,24;34,97;200,23;;;;;Kentsel;Haftaici;6;2014
11.06.2014;32,82;24,23;205,01;30,2;44,96;14,76;;Kentsel;Haftaici;6;2014
10.06.2014;39,71;;382,35;50,28;81,98;31,7;;Kentsel;Haftaici;6;2014
9.06.2014;42,2;3,21;755,56;68,61;138,01;69,41;;Kentsel;Haftaici;6;2014
8.06.2014;25,54;6,07;694,1;57,85;101,69;43,86;11,73;Kentsel;Haftasonu ;6;2014
7.06.2014;23,36;4,67;467,64;53,43;81,22;27,8;11,02;Kentsel;Haftasonu ;6;2014
6.06.2014;22,69;5,11;362,48;50,8;75,97;25,18;;Kentsel;Haftaici;6;2014
5.06.2014;85,72;6,32;360,64;59,99;88,28;28,28;10,23;Kentsel;Haftaici;6;2014
4.06.2014;59,43;4,95;340,53;47,02;77,3;30,29;10,05;Kentsel;Haftaici;6;2014
3.06.2014;29,59;19,79;451,72;47,82;79,7;31,91;7,64;Kentsel;Haftaici;6;2014
2.06.2014;28,86;6,44;332,7;43,09;65,75;22,67;10,87;Kentsel;Haftaici;6;2014
1.06.2014;20,47;7,12;497,58;47,91;78,88;31;;Kentsel;Haftasonu ;6;2014
31.05.2014;31,79;4,94;257,76;43,5;67,11;23,62;7,42;Kentsel;Haftasonu ;5;2014
30.05.2014;36,98;4,38;424,17;52,75;78,51;25,76;17,05;Kentsel;Haftaici;5;2014
29.05.2014;52,06;15,61;498,7;73,48;102,81;29,32;16,67;Kentsel;Haftaici;5;2014
28.05.2014;37,49;4,42;265,2;37,97;60,18;22,22;12,11;Kentsel;Haftaici;5;2014
27.05.2014;44,29;5,56;302,42;48,99;76,37;27,38;8,68;Kentsel;Haftaici;5;2014
26.05.2014;41,19;7,58;502,07;58,64;95,32;36,7;10,56;Kentsel;Haftaici;5;2014
25.05.2014;27,47;5,57;289,63;33,09;53,89;20,8;8,61;Kentsel;Haftasonu ;5;2014
24.05.2014;32,57;18;362,44;48,4;69,18;20,78;10,46;Kentsel;Haftasonu ;5;2014
23.05.2014;42,5;6,62;342,94;44,03;66,41;22,39;10,23;Kentsel;Haftaici;5;2014
22.05.2014;27,3;6,66;369,12;47,54;72,57;25,03;7,76;Kentsel;Haftaici;5;2014
21.05.2014;24,58;6,11;395,4;47,8;73,29;25,5;8,9;Kentsel;Haftaici;5;2014
20.05.2014;23,31;;356,95;45,38;66,32;20,83;;Kentsel;Haftaici;5;2014
19.05.2014;34,69;;297,86;35,64;44,69;9,05;11,49;Kentsel;Haftaici;5;2014
18.05.2014;27,52;;275,83;28,72;35,17;6,45;8,44;Kentsel;Haftasonu ;5;2014
17.05.2014;38,22;4,58;245,18;39,54;51,27;11,73;10,06;Kentsel;Haftasonu ;5;2014
16.05.2014;32,66;8,57;341,32;51,33;74,9;23,59;9,3;Kentsel;Haftaici;5;2014
15.05.2014;42,8;6,03;227,92;33,39;43,65;10,26;9,33;Kentsel;Haftaici;5;2014
14.05.2014;40,7;9,42;533,2;59,14;108,78;49,65;12,84;Kentsel;Haftaici;5;2014
13.05.2014;35,96;22,53;314,77;34,13;48,02;13,9;9,14;Kentsel;Haftaici;5;2014
12.05.2014;30,64;13,09;515,54;32,47;60,58;28,13;8,33;Kentsel;Haftaici;5;2014
11.05.2014;42,36;6,6;931,71;41,72;88,85;47,15;10,34;Kentsel;Haftasonu ;5;2014
10.05.2014;25,27;6,54;282,07;24,44;27,19;2,76;5,19;Kentsel;Haftasonu ;5;2014
9.05.2014;32,16;5,33;256,71;17,68;19,29;1,61;9,57;Kentsel;Haftaici;5;2014
8.05.2014;32,28;43,99;320,23;;;;9,12;Kentsel;Haftaici;5;2014
7.05.2014;28,46;3,43;358,58;41,25;47,68;6,43;9,44;Kentsel;Haftaici;5;2014
6.05.2014;31,68;4,28;314,64;33,03;37,64;4,6;9,3;Kentsel;Haftaici;5;2014
5.05.2014;31,1;8,51;527,64;61,24;73,7;12,46;13,25;Kentsel;Haftaici;5;2014
4.05.2014;72,86;3,35;382,23;47,01;56;8,99;9,06;Kentsel;Haftasonu ;5;2014
3.05.2014;33,78;3,72;608,87;56,34;84,43;28,1;8,25;Kentsel;Haftasonu ;5;2014
2.05.2014;24,6;5,65;499,47;54,25;63,95;9,71;11,3;Kentsel;Haftaici;5;2014
1.05.2014;24,14;3,7;431,94;47,21;55,02;7,83;8,83;Kentsel;Haftaici;5;2014
30.04.2014;29,22;5,66;289,55;42,18;46,43;4,25;9,09;Kentsel;Haftaici;4;2014
29.04.2014;19,69;5,69;466,61;47,2;60,26;13,07;9,21;Kentsel;Haftaici;4;2014
25.04.2014;67,17;;601,41;64,62;94,72;30,1;;Kentsel;Haftaici;4;2014
24.04.2014;53,08;7,91;318,25;45,85;56,71;10,86;11,21;Kentsel;Haftaici;4;2014
23.04.2014;66,67;4,08;381,82;50,62;64;13,39;11,49;Kentsel;Haftaici;4;2014
22.04.2014;45,18;6,52;741,97;64,24;105,96;41,74;9,98;Kentsel;Haftaici;4;2014
21.04.2014;34,04;7,16;375,12;44,15;46,98;2,83;10,57;Kentsel;Haftaici;4;2014
20.04.2014;26,15;6,8;504,91;52,5;63,64;11,14;9,74;Kentsel;Haftasonu ;4;2014
19.04.2014;42,47;8,22;246,42;;;;15,07;Kentsel;Haftasonu ;4;2014
18.04.2014;43,03;10,14;232,69;29,25;30,83;1,58;9,93;Kentsel;Haftaici;4;2014
17.04.2014;39,66;3,66;374,2;49,1;55,87;6,77;9,02;Kentsel;Haftaici;4;2014
16.04.2014;27,55;4,86;380,68;47,97;55,5;7,54;8,88;Kentsel;Haftaici;4;2014
15.04.2014;35,11;5,19;538,8;54,22;69,69;15,47;6,7;Kentsel;Haftaici;4;2014
14.04.2014;34,98;7,1;463,11;49,92;52,21;2,29;12,57;Kentsel;Haftaici;4;2014
13.04.2014;29,69;6,49;566,63;55,53;75,12;19,61;10,16;Kentsel;Haftasonu ;4;2014
12.04.2014;23,17;8,79;332,02;45,95;48,55;2,61;6,84;Kentsel;Haftasonu ;4;2014
11.04.2014;32,28;7,8;371,1;45,17;47,92;2,75;9,84;Kentsel;Haftaici;4;2014
10.04.2014;38,1;16,16;336,82;46,69;52,06;5,37;13,83;Kentsel;Haftaici;4;2014
9.04.2014;48,01;7,12;585,34;63,12;86,95;23,85;9,51;Kentsel;Haftaici;4;2014
8.04.2014;35,95;5,94;358,24;36,38;37,68;1,29;8,8;Kentsel;Haftaici;4;2014
7.04.2014;57,28;4,98;284,12;41,38;44,07;2,7;12,27;Kentsel;Haftaici;4;2014
6.04.2014;60,31;5,2;667,6;57,34;84,28;26,95;8,68;Kentsel;Haftasonu ;4;2014
5.04.2014;58,19;7,03;743,67;71,37;119,43;48,08;12,99;Kentsel;Haftasonu ;4;2014
4.04.2014;76,03;17,02;827,82;;;;14,01;Kentsel;Haftaici;4;2014
3.04.2014;61,29;8,06;573,8;;;;9,78;Kentsel;Haftaici;4;2014
2.04.2014;50,65;4,07;416,97;;;;15,9;Kentsel;Haftaici;4;2014
1.04.2014;32,97;9,14;448,79;46,29;61,52;15,28;;Kentsel;Haftaici;4;2014
31.03.2014;28,75;12,83;3076,81;54,19;95,15;40,97;9,07;Kentsel;Haftaici;3;2014
30.03.2014;10,34;;107,99;16,6;20,08;3,48;;Kentsel;Haftasonu ;3;2014
29.03.2014;24,85;9,33;17,24;16,2;19,4;3,2;8,71;Kentsel;Haftasonu ;3;2014
28.03.2014;58,04;6,71;192,15;51,5;68,8;17,31;9,9;Kentsel;Haftaici;3;2014
27.03.2014;45,29;4,96;479,87;66,94;113,31;46,38;9,1;Kentsel;Haftaici;3;2014
26.03.2014;42,9;8,59;887,41;73,12;153,57;80,47;11,37;Kentsel;Haftaici;3;2014
25.03.2014;54,33;5,45;221,7;39,17;48,13;8,96;8,63;Kentsel;Haftaici;3;2014
24.03.2014;39,25;4,29;378,82;51,84;70,17;18,34;9,89;Kentsel;Haftaici;3;2014
23.03.2014;60,23;6,64;963,21;73,03;146,15;73,15;11,35;Kentsel;Haftasonu ;3;2014
22.03.2014;68,61;8,98;1230,42;80,47;163,17;82,72;12,11;Kentsel;Haftasonu ;3;2014
21.03.2014;32,55;7,03;784,03;55,81;81,52;25,72;9,78;Kentsel;Haftaici;3;2014
20.03.2014;28,14;8,81;89,19;40,96;46,69;5,73;11,54;Kentsel;Haftaici;3;2014
19.03.2014;60,69;;2609,74;;;;;Kentsel;Haftaici;3;2014
18.03.2014;45,24;;641,19;74,18;127,11;52,96;11,04;Kentsel;Haftaici;3;2014
17.03.2014;29,61;;661,06;61,24;80,55;19,32;11,18;Kentsel;Haftaici;3;2014
16.03.2014;43,28;;198,67;22,83;24,44;1,62;8,06;Kentsel;Haftasonu ;3;2014
15.03.2014;41,03;;354,27;49,78;55,87;6,08;9,72;Kentsel;Haftasonu ;3;2014
14.03.2014;54,37;;404,57;88,45;139,59;51,17;10,47;Kentsel;Haftaici;3;2014
13.03.2014;11,93;;267;44,17;48,63;4,46;;Kentsel;Haftaici;3;2014
12.03.2014;11,56;;213,86;28,57;30,08;1,51;;Kentsel;Haftaici;3;2014
11.03.2014;8,28;;102,46;43,18;49,94;6,76;;Kentsel;Haftaici;3;2014
10.03.2014;8,51;1,65;527,81;50,15;67,07;16,9;;Kentsel;Haftaici;3;2014
9.03.2014;15,42;2,38;632,53;46,9;53,16;6,26;;Kentsel;Haftasonu ;3;2014
8.03.2014;11,15;2,4;378;60,03;80,76;20,74;;Kentsel;Haftasonu ;3;2014
7.03.2014;19,98;3,48;378,36;59,36;66,26;6,9;;Kentsel;Haftaici;3;2014
6.03.2014;17,91;2,66;759,68;78,99;161,38;82,43;;Kentsel;Haftaici;3;2014
5.03.2014;22,95;4,15;465,95;46,61;54,13;7,52;10,32;Kentsel;Haftaici;3;2014
4.03.2014;10,37;1,74;379,4;53,09;59,8;6,71;;Kentsel;Haftaici;3;2014
3.03.2014;34,18;3,84;355,33;46,19;53,46;7,27;19,49;Kentsel;Haftaici;3;2014
2.03.2014;46,2;3,5;307,82;52,46;63;10,55;15,9;Kentsel;Haftasonu ;3;2014
1.03.2014;28,59;7,26;454,11;65,66;77,63;11,98;13,03;Kentsel;Haftasonu ;3;2014
28.02.2014;61,73;8,24;651,94;90,62;158,08;67,48;15,57;Kentsel;Haftaici;2;2014
27.02.2014;34,1;4,98;540,91;47,32;55,82;8,51;9,39;Kentsel;Haftaici;2;2014
26.02.2014;30,38;9,44;489,47;47,56;53,21;5,66;7,78;Kentsel;Haftaici;2;2014
25.02.2014;25,43;2,59;429,5;61,09;73;11,91;6,08;Kentsel;Haftaici;2;2014
24.02.2014;45,88;;640,49;85,74;98,73;12,99;12,32;Kentsel;Haftaici;2;2014
23.02.2014;43,43;57,55;569,12;98,58;123,8;25,22;13,65;Kentsel;Haftasonu ;2;2014
22.02.2014;39,04;56,22;1025,52;112,38;265,86;153,55;12,83;Kentsel;Haftasonu ;2;2014
21.02.2014;56,08;57,27;1394,34;147,4;308,25;160,84;18,1;Kentsel;Haftaici;2;2014
20.02.2014;48,95;51,4;1434,52;135,79;349,9;214,19;16,31;Kentsel;Haftaici;2;2014
19.02.2014;82,37;57,37;1736,38;153,62;382,16;228,58;20,34;Kentsel;Haftaici;2;2014
18.02.2014;72,77;51,82;1145,89;130,28;309,22;179,02;16,32;Kentsel;Haftaici;2;2014
17.02.2014;87,33;41,23;1409,76;136,31;324,52;188,26;20,5;Kentsel;Haftaici;2;2014
16.02.2014;51,68;35,01;962,45;109,64;197,43;87,84;12,51;Kentsel;Haftasonu ;2;2014
15.02.2014;39,8;27,31;805,4;128,58;190,54;61,98;10,08;Kentsel;Haftasonu ;2;2014
14.02.2014;83,18;27,68;436,33;72,89;93,92;20,97;19,04;Kentsel;Haftaici;2;2014
13.02.2014;94,59;31,21;1644,14;145,76;358,96;213,23;21,38;Kentsel;Haftaici;2;2014
12.02.2014;87,83;29,92;1570,31;139,74;276,88;137,16;16,45;Kentsel;Haftaici;2;2014
11.02.2014;100,81;24,07;1737,5;143,39;322,26;178,88;19,61;Kentsel;Haftaici;2;2014
10.02.2014;33,73;17,8;278,08;83,88;100,95;17,06;9,86;Kentsel;Haftaici;2;2014
9.02.2014;74,62;10,29;1130,48;125,25;252,4;127,16;17,7;Kentsel;Haftasonu ;2;2014
8.02.2014;74,25;5,34;222,71;95,36;127,85;32,47;15,86;Kentsel;Haftasonu ;2;2014
7.02.2014;124,42;;1352,63;179,36;446,42;267,18;26,1;Kentsel;Haftaici;2;2014
6.02.2014;134,16;9,3;1436,62;188,02;449,69;261,7;28,23;Kentsel;Haftaici;2;2014
5.02.2014;114,8;;1513,21;160,41;366,07;205,73;31,49;Kentsel;Haftaici;2;2014
4.02.2014;84,31;;859,18;138,39;279,65;141,34;16,71;Kentsel;Haftaici;2;2014
3.02.2014;35,24;;408,87;92,35;124,27;31,93;10,31;Kentsel;Haftaici;2;2014
2.02.2014;19,93;;518,07;57,55;66,37;8,82;10,66;Kentsel;Haftasonu ;2;2014
1.02.2014;42,84;28,99;696,3;92,78;120,7;27,93;9,38;Kentsel;Haftasonu ;2;2014
31.01.2014;95,21;36,22;1241,26;132,37;251,37;119,02;23,11;Kentsel;Haftaici;1;2014
30.01.2014;36,2;24,95;532,81;83,64;120,66;37,04;12,15;Kentsel;Haftaici;1;2014
29.01.2014;17,29;5,05;285,63;52,66;60,26;7,61;11,27;Kentsel;Haftaici;1;2014
28.01.2014;47,42;20,64;1210,16;115,04;232,08;117,05;14,94;Kentsel;Haftaici;1;2014
27.01.2014;19,5;2,52;526,89;62,69;73,37;10,68;7,72;Kentsel;Haftaici;1;2014
26.01.2014;23,69;12,83;779,69;95,08;149,46;54,41;10,59;Kentsel;Haftasonu ;1;2014
25.01.2014;27,85;13,98;1143,64;97,91;180,92;83,02;10,12;Kentsel;Haftasonu ;1;2014
24.01.2014;75,7;14,92;1514,39;116,14;263,25;147,12;19,93;Kentsel;Haftaici;1;2014
23.01.2014;32,22;12,7;413,29;83,76;110,37;26,61;11,28;Kentsel;Haftaici;1;2014
22.01.2014;55,88;17,35;1034,67;115,72;243,03;127,33;14,6;Kentsel;Haftaici;1;2014
21.01.2014;110,6;3,95;484,63;100,43;153,47;53,02;23,67;Kentsel;Haftaici;1;2014
20.01.2014;180,07;20,07;2830,43;212,84;632,59;419,86;41,62;Kentsel;Haftaici;1;2014
19.01.2014;60,1;15,62;1203,42;125,37;281,22;155,88;25,22;Kentsel;Haftasonu ;1;2014
18.01.2014;116,09;15,7;1671,71;157,2;403,11;245,98;30,47;Kentsel;Haftasonu ;1;2014
17.01.2014;82,81;25,27;832,59;126,99;271,49;144,56;21,56;Kentsel;Haftaici;1;2014
16.01.2014;204,04;27,38;2417,86;172,2;401,03;228,84;50,16;Kentsel;Haftaici;1;2014
15.01.2014;82,14;25,61;857,37;117,67;204,15;86,48;23,26;Kentsel;Haftaici;1;2014
14.01.2014;239,97;37,46;2914,26;210,92;601,51;390,73;56,16;Kentsel;Haftaici;1;2014
13.01.2014;56,47;31,65;591,07;116,18;232,43;116,29;15,31;Kentsel;Haftaici;1;2014
12.01.2014;62,37;13,53;617,16;91,59;134,55;42,96;13,41;Kentsel;Haftasonu ;1;2014
11.01.2014;97,37;18,06;557,89;97,62;160,81;63,18;24,47;Kentsel;Haftasonu ;1;2014
10.01.2014;52,3;12,03;353,67;75,77;108,92;33,12;14,07;Kentsel;Haftaici;1;2014
9.01.2014;140,05;;1680,85;155,72;345,42;189,7;37,31;Kentsel;Haftaici;1;2014
8.01.2014;172,43;28,61;1392,76;150,63;314,11;163,48;43,24;Kentsel;Haftaici;1;2014
7.01.2014;122,12;7,53;1186,68;129,83;242,65;112,81;32,58;Kentsel;Haftaici;1;2014
6.01.2014;128,11;15,73;1148,56;122,34;255,32;132,97;32,01;Kentsel;Haftaici;1;2014
5.01.2014;117,05;12,63;1380,07;117,39;245,16;127,78;33,24;Kentsel;Haftasonu ;1;2014
4.01.2014;77,5;7,18;1024,72;102,15;172,55;70,42;25,31;Kentsel;Haftasonu ;1;2014
3.01.2014;95,76;31,48;1053,55;104,15;194,56;90,4;27,64;Kentsel;Haftaici;1;2014
2.01.2014;88,3;12,58;933,88;99,74;152,44;52,69;27,47;Kentsel;Haftaici;1;2014
1.01.2014;128,02;22,72;968,7;102,25;226,33;124,06;35,85;Kentsel;Haftaici;1;2014
31.12.2013;113,81;37,01;920,05;107,15;245,95;138,79;32,52;Kentsel;Haftaici;12;2013
30.12.2013;99,22;11,53;1032,19;125,33;205,3;79,99;23,26;Kentsel;Haftaici;12;2013
29.12.2013;167,12;36,07;2071,86;162,32;374,01;211,74;47,17;Kentsel;Haftasonu ;12;2013
28.12.2013;88,63;36,76;678,7;110,5;136,35;25,85;20,64;Kentsel;Haftasonu ;12;2013
27.12.2013;181,01;63,23;1773,45;174;345,46;171,47;43,9;Kentsel;Haftaici;12;2013
26.12.2013;227,2;60,7;2117,89;199,4;495,2;295,81;54,54;Kentsel;Haftaici;12;2013
25.12.2013;162,6;45,6;1838,79;167,08;478,93;311,9;44,82;Kentsel;Haftaici;12;2013
24.12.2013;259,02;38,78;2358;220,43;664,19;443,76;74,46;Kentsel;Haftaici;12;2013
23.12.2013;160,03;25,16;1802,15;164;404,1;240,13;48,54;Kentsel;Haftaici;12;2013
22.12.2013;153,05;10,95;1442,07;146,63;331,07;184,42;46,17;Kentsel;Haftasonu ;12;2013
21.12.2013;171,09;9,63;1497,19;159,43;366,74;207,32;58,23;Kentsel;Haftasonu ;12;2013
20.12.2013;115,98;13,87;1006,23;125,8;246,83;121,03;34,21;Kentsel;Haftaici;12;2013
19.12.2013;104,6;11,56;854,48;117,9;167,47;49,59;31,01;Kentsel;Haftaici;12;2013
18.12.2013;51,88;26,63;742,31;109,32;183,02;73,74;19,03;Kentsel;Haftaici;12;2013
17.12.2013;84,52;23,55;350,75;97,08;139,3;42,17;24,36;Kentsel;Haftaici;12;2013
16.12.2013;140,23;22,35;1699,86;153,06;318,13;165,13;46,65;Kentsel;Haftaici;12;2013
15.12.2013;100,27;35,71;538,94;139,4;285,87;146,49;25,09;Kentsel;Haftasonu ;12;2013
14.12.2013;65,57;36,8;308,13;107,07;180,12;73,05;19,78;Kentsel;Haftasonu ;12;2013
13.12.2013;96,88;31,19;986,72;136,45;267,09;130,68;25,81;Kentsel;Haftaici;12;2013
12.12.2013;25,99;23,04;239,63;81,18;106,95;25,8;10,19;Kentsel;Haftaici;12;2013
11.12.2013;32,5;;758,45;66,68;83,06;16,38;16,71;Kentsel;Haftaici;12;2013
10.12.2013;27,29;11,2;632,94;71,18;85,73;14,56;9,63;Kentsel;Haftaici;12;2013
9.12.2013;23,91;12,52;248,42;81,02;103,47;22,45;8,1;Kentsel;Haftaici;12;2013
8.12.2013;19,49;5,3;891,79;63,04;80,37;17,33;9,39;Kentsel;Haftasonu ;12;2013
7.12.2013;96,44;12,14;814,31;91,57;188,05;96,4;35,33;Kentsel;Haftasonu ;12;2013
6.12.2013;119,1;25,43;1061,87;125,94;308,23;182,27;34,12;Kentsel;Haftaici;12;2013
5.12.2013;128,32;30,69;797,56;113,91;346,8;232,93;36,99;Kentsel;Haftaici;12;2013
4.12.2013;101,5;24,01;1867,26;106,43;294,36;187,94;;Kentsel;Haftaici;12;2013
3.12.2013;;1,59;1122,12;64,95;80,07;15,12;;Kentsel;Haftaici;12;2013
2.12.2013;;12,26;1304,92;119,36;260,07;140,68;;Kentsel;Haftaici;12;2013
1.12.2013;;14,78;1992,93;123,67;352,37;228,72;;Kentsel;Haftasonu ;12;2013
30.11.2013;;8,83;1210,06;90,93;162,01;71,1;;Kentsel;Haftasonu ;11;2013
29.11.2013;;3,51;613,65;70,9;93,06;22,17;;Kentsel;Haftaici;11;2013
28.11.2013;;9,62;748,67;80,22;135,8;55,59;;Kentsel;Haftaici;11;2013
27.11.2013;;4,94;2217,48;117,38;422,09;304,77;;Kentsel;Haftaici;11;2013
26.11.2013;;4,37;1116,89;100,96;178,93;77,99;;Kentsel;Haftaici;11;2013
25.11.2013;;5,84;657,26;64,64;85,04;20,4;;Kentsel;Haftaici;11;2013
24.11.2013;87,07;10,32;1485,58;110,51;245,51;135,01;25,82;Kentsel;Haftasonu ;11;2013
23.11.2013;92,69;10,77;1729;87,81;228,08;140,3;31,06;Kentsel;Haftasonu ;11;2013
22.11.2013;81,08;7,38;763,45;80;113,7;33,71;21,78;Kentsel;Haftaici;11;2013
21.11.2013;;14,8;2169,38;154,65;433,11;278,47;;Kentsel;Haftaici;11;2013
20.11.2013;178,59;15,07;3039,31;168,78;546,43;377,67;56,09;Kentsel;Haftaici;11;2013
19.11.2013;134,27;12,98;2237,35;134,42;380,05;245,67;36,08;Kentsel;Haftaici;11;2013
18.11.2013;;13,64;1727,32;113,48;237,69;124,23;;Kentsel;Haftaici;11;2013
17.11.2013;;8,5;1589,8;106,54;210,54;104;;Kentsel;Haftasonu ;11;2013
16.11.2013;80,83;10,35;1201,3;104,73;212,97;108,25;25,61;Kentsel;Haftasonu ;11;2013
15.11.2013;56,39;8,27;930,44;88,55;124,74;36,19;18,88;Kentsel;Haftaici;11;2013
14.11.2013;148,18;;2196,33;148,25;396,32;248,06;41,77;Kentsel;Haftaici;11;2013
13.11.2013;140,28;13,8;2531,09;130,91;554,58;423,72;48,14;Kentsel;Haftaici;11;2013
12.11.2013;180,52;10,45;2914,91;155,46;632,21;476,81;63,15;Kentsel;Haftaici;11;2013
11.11.2013;167,26;10,49;2458,22;143,74;542,13;398,41;58,32;Kentsel;Haftaici;11;2013
10.11.2013;92,99;8,73;1902,33;109,98;273,43;163,47;26,01;Kentsel;Haftasonu ;11;2013
9.11.2013;67,62;6,69;990,61;100,36;177,98;77,64;20,14;Kentsel;Haftasonu ;11;2013
8.11.2013;48,66;4,06;1000,67;85,39;120,54;35,16;20,03;Kentsel;Haftaici;11;2013
7.11.2013;79,51;13,43;682,01;86,57;106,04;19,46;24,84;Kentsel;Haftaici;11;2013
6.11.2013;83,67;4,62;1175,89;103,35;193,59;90,29;20,31;Kentsel;Haftaici;11;2013
5.11.2013;97,94;7,71;991,81;118,96;214,97;96,03;24,24;Kentsel;Haftaici;11;2013
4.11.2013;163,76;9,3;2198,4;126,55;411,27;284,75;52,72;Kentsel;Haftaici;11;2013
3.11.2013;146,93;9,98;1800,27;131,15;372,81;241,68;44,75;Kentsel;Haftasonu ;11;2013
2.11.2013;115,6;10,15;2366,39;120,91;451,35;330,48;30,26;Kentsel;Haftasonu ;11;2013
1.11.2013;88,98;9,91;1862,88;93,17;278,5;185,41;27,13;Kentsel;Haftaici;11;2013
31.10.2013;101,62;;1604,02;118,19;274,24;156,06;30,83;Kentsel;Haftaici;10;2013
30.10.2013;159,68;12,12;2712,75;141,97;536,44;394,49;57,58;Kentsel;Haftaici;10;2013
29.10.2013;153,23;11,28;2331,95;139,61;476,69;337,21;54,36;Kentsel;Haftaici;10;2013
28.10.2013;127,96;8,87;2217,12;123,9;471;347,13;45,12;Kentsel;Haftaici;10;2013
27.10.2013;96,91;7,86;1989,59;106,48;346,15;239,7;35,6;Kentsel;Haftasonu ;10;2013
26.10.2013;154,72;7,46;2034,32;123,78;417,53;293,77;55,23;Kentsel;Haftasonu ;10;2013
25.10.2013;114,89;9,46;2425,55;119,33;469,67;350,42;42,42;Kentsel;Haftaici;10;2013
24.10.2013;82,04;6,42;1470,86;102,95;254,75;151,82;32,61;Kentsel;Haftaici;10;2013
23.10.2013;82,19;4,27;880,28;103,64;153,17;49,5;37,29;Kentsel;Haftaici;10;2013
22.10.2013;125,02;5,22;1866,01;137,54;427,39;289,9;45,55;Kentsel;Haftaici;10;2013
21.10.2013;90,01;11,41;2370,79;119,14;464,85;345,78;41,92;Kentsel;Haftaici;10;2013
20.10.2013;39,64;4,48;1104,87;80,25;192,3;112,08;;Kentsel;Haftasonu ;10;2013
19.10.2013;19,95;3,88;835,94;64,62;117;52,4;;Kentsel;Haftasonu ;10;2013
18.10.2013;8,42;9,32;397,17;47,74;58,48;10,74;;Kentsel;Haftaici;10;2013
17.10.2013;58,59;6,29;919,69;49,24;64,13;14,88;18,58;Kentsel;Haftaici;10;2013
16.10.2013;47,86;2,73;491,03;30,23;35,76;5,52;12,91;Kentsel;Haftaici;10;2013
15.10.2013;46,23;5,97;1450,4;88,19;154,49;66,33;14,98;Kentsel;Haftaici;10;2013
14.10.2013;32,77;6,68;1073,75;79,78;142,9;63,15;13,98;Kentsel;Haftaici;10;2013
13.10.2013;35,19;5,41;667,24;60,52;68,48;7,98;13,79;Kentsel;Haftasonu ;10;2013
12.10.2013;73,12;7,73;1278,07;111,37;153,12;41,75;34,54;Kentsel;Haftasonu ;10;2013
11.10.2013;133,02;10,07;2023,4;147,01;405,65;258,72;43,94;Kentsel;Haftaici;10;2013
10.10.2013;130,48;8,67;1970,33;144,47;403,06;258,64;42,54;Kentsel;Haftaici;10;2013
9.10.2013;140,33;;2088,47;138,07;447,43;309,43;55,86;Kentsel;Haftaici;10;2013
8.10.2013;72,51;7,04;2272,5;110,14;375,58;265,48;48,66;Kentsel;Haftaici;10;2013
7.10.2013;51,38;7,21;1407,17;106,04;277,24;171,23;32,81;Kentsel;Haftaici;10;2013
6.10.2013;15,39;4,21;737,62;49,99;63,97;13,98;;Kentsel;Haftasonu ;10;2013
5.10.2013;11,19;5,21;594,2;43,93;54,03;10,11;;Kentsel;Haftasonu ;10;2013
4.10.2013;15,37;5,51;557,78;49,55;69,95;20,41;;Kentsel;Haftaici;10;2013
3.10.2013;10,9;3,63;322,55;49,12;63,49;14,37;;Kentsel;Haftaici;10;2013
2.10.2013;15,17;6,45;489,78;57,36;84;26,65;;Kentsel;Haftaici;10;2013
1.10.2013;55,32;2,65;624,75;50,5;62,62;12,12;21,64;Kentsel;Haftaici;10;2013
30.09.2013;68,22;;1493,45;90,93;232,85;141,95;29,9;Kentsel;Haftaici;9;2013
29.09.2013;46,87;;1265,08;79,46;193,43;114,02;19,8;Kentsel;Haftasonu ;9;2013
28.09.2013;38,71;2,64;909,35;72,06;122,48;50,46;16,7;Kentsel;Haftasonu ;9;2013
27.09.2013;53,16;3,35;797,81;73,33;89,76;16,43;23,29;Kentsel;Haftaici;9;2013
26.09.2013;36,25;2,29;807,03;63,79;91,74;27,97;18,8;Kentsel;Haftaici;9;2013
25.09.2013;34,03;8,21;804,58;68,15;97,95;29,85;17,78;Kentsel;Haftaici;9;2013
24.09.2013;31,73;9,65;689,36;53,26;62,54;9,28;17,3;Kentsel;Haftaici;9;2013
23.09.2013;29,76;4,47;897,49;70,2;124,37;54,19;15,5;Kentsel;Haftaici;9;2013
22.09.2013;16,8;3,62;624,81;41,77;51,54;9,79;;Kentsel;Haftasonu ;9;2013
21.09.2013;21,25;1,7;501,97;36,6;43,73;7,14;12,02;Kentsel;Haftasonu ;9;2013
20.09.2013;31,32;;769,5;53,06;61,4;8,34;21,69;Kentsel;Haftaici;9;2013
19.09.2013;45,15;3,37;1395,98;74,32;206,71;132,42;27,68;Kentsel;Haftaici;9;2013
18.09.2013;36,73;;1038,01;79,94;173,3;93,4;16,72;Kentsel;Haftaici;9;2013
17.09.2013;26,38;2,49;725,15;82,35;110,51;28,17;18,89;Kentsel;Haftaici;9;2013
16.09.2013;69,57;5,64;1149,1;109,38;257,27;147,94;28,8;Kentsel;Haftaici;9;2013
15.09.2013;24,37;4,13;924,73;52,45;67,32;14,89;;Kentsel;Haftasonu ;9;2013
14.09.2013;36,57;6,81;436,51;27,58;33,55;5,97;16,19;Kentsel;Haftasonu ;9;2013
13.09.2013;68,6;10,03;1604,36;69,26;191,29;122,07;23,55;Kentsel;Haftaici;9;2013
12.09.2013;58,51;11,52;864,45;63,56;143,73;80,2;26,73;Kentsel;Haftaici;9;2013
11.09.2013;45,75;7,01;1403,5;68,7;164,09;95,41;14,17;Kentsel;Haftaici;9;2013
10.09.2013;50,32;8,3;847,09;61,14;162,93;101,81;15;Kentsel;Haftaici;9;2013
9.09.2013;19,04;3,26;961,02;40,71;50,71;10;;Kentsel;Haftaici;9;2013
8.09.2013;26,91;11,1;443,51;29,26;34,28;5,02;11,81;Kentsel;Haftasonu ;9;2013
7.09.2013;39,4;6,65;719,93;55,63;94,49;38,86;18,78;Kentsel;Haftasonu ;9;2013
6.09.2013;22,39;5,84;740,37;45,02;62,15;17,14;9,9;Kentsel;Haftaici;9;2013
5.09.2013;19,24;7,16;555,12;27,05;31,2;4,15;;Kentsel;Haftaici;9;2013
4.09.2013;17,62;2,68;546,62;27,04;32,32;5,27;;Kentsel;Haftaici;9;2013
3.09.2013;36,61;6,5;758,37;40,61;44,22;3,61;16,02;Kentsel;Haftaici;9;2013
2.09.2013;34,2;5,08;627,44;55,21;70,78;15,57;13,56;Kentsel;Haftaici;9;2013
1.09.2013;20,11;6,14;449,8;29,57;32,27;2,7;10,15;Kentsel;Haftasonu ;9;2013
31.08.2013;24,03;4,88;789,46;23,09;25,21;2,12;;Kentsel;Haftasonu ;8;2013
30.08.2013;43,02;4,01;810,09;34,45;37,39;2,94;23,96;Kentsel;Haftaici;8;2013
29.08.2013;48,56;8,12;800,07;47,48;53,85;6,38;27,74;Kentsel;Haftaici;8;2013
28.08.2013;47,09;6,42;978,9;73,89;120,59;46,74;24,43;Kentsel;Haftaici;8;2013
27.08.2013;55,63;;871,03;70,43;110,11;39,68;19,32;Kentsel;Haftaici;8;2013
26.08.2013;42,46;5,12;920,21;51,93;59,97;8,04;16,31;Kentsel;Haftaici;8;2013
25.08.2013;30,93;6,39;770,79;48,59;55,8;7,23;16,34;Kentsel;Haftasonu ;8;2013
24.08.2013;30,15;4,36;831,55;51,41;60,04;8,64;16,7;Kentsel;Haftasonu ;8;2013
23.08.2013;51,86;;544,34;35,38;39,41;4,02;14,72;Kentsel;Haftaici;8;2013
22.08.2013;31,93;6,27;1169,84;64,84;91,98;27,16;;Kentsel;Haftaici;8;2013
21.08.2013;25,44;7,45;1176,55;62,22;75,02;12,81;11,18;Kentsel;Haftaici;8;2013
20.08.2013;27,77;5,49;644,54;51,44;58,34;6,9;;Kentsel;Haftaici;8;2013
19.08.2013;41,77;4,13;890,82;34,32;37,3;2,98;19,83;Kentsel;Haftaici;8;2013
18.08.2013;30,54;5,99;856,83;24,43;26,54;2,11;;Kentsel;Haftasonu ;8;2013
17.08.2013;41,38;9,46;717,32;38,79;41,9;3,11;17,91;Kentsel;Haftasonu ;8;2013
16.08.2013;32,96;8,9;669,22;32,73;35,43;2,71;;Kentsel;Haftaici;8;2013
15.08.2013;20,17;6,37;809,41;40,33;43,22;2,89;;Kentsel;Haftaici;8;2013
14.08.2013;17,26;;893,91;44,72;50,9;6,18;;Kentsel;Haftaici;8;2013
13.08.2013;17,17;4,37;645,05;42,19;44,81;2,63;;Kentsel;Haftaici;8;2013
12.08.2013;34,13;2,72;731,07;43,7;48,17;4,46;;Kentsel;Haftaici;8;2013
11.08.2013;21,62;7,27;889,8;38,2;40,61;2,42;;Kentsel;Haftasonu ;8;2013
10.08.2013;14,71;7,08;829,64;53,24;70,44;17,21;;Kentsel;Haftasonu ;8;2013
9.08.2013;21,28;4,39;824,46;19,94;21,5;1,56;;Kentsel;Haftaici;8;2013
8.08.2013;15,41;6,1;634,24;17,18;18,62;1,44;;Kentsel;Haftaici;8;2013
7.08.2013;15,09;5,59;887,62;17,34;19,16;1,82;;Kentsel;Haftaici;8;2013
6.08.2013;20,94;4,93;1081,83;33,26;38,27;5,01;;Kentsel;Haftaici;8;2013
5.08.2013;14,47;3,8;656,82;34,48;38,87;4,4;;Kentsel;Haftaici;8;2013
4.08.2013;22,94;5,64;772,69;21,05;23,88;2,83;13,16;Kentsel;Haftasonu ;8;2013
3.08.2013;30,84;5,66;802;24,58;27,57;2,99;13,77;Kentsel;Haftasonu ;8;2013
2.08.2013;;;409,74;42,27;57,96;15,72;;Kentsel;Haftaici;8;2013
1.08.2013;;12,28;573,58;32,89;36,08;3,19;;Kentsel;Haftaici;8;2013
31.07.2013;;6,53;1141,88;33,03;35,74;2,71;;Kentsel;Haftaici;7;2013
30.07.2013;29,74;6,08;802,16;42,2;45,94;3,74;11,81;Kentsel;Haftaici;7;2013
29.07.2013;32,47;7,77;337,32;33,15;35,81;2,67;13,9;Kentsel;Haftaici;7;2013
28.07.2013;28,11;7,04;410,21;23,37;25,39;2,02;10,83;Kentsel;Haftasonu ;7;2013
27.07.2013;28,07;;376,47;21,82;23,81;1,99;12,25;Kentsel;Haftasonu ;7;2013
26.07.2013;29,1;14,47;670,67;20,74;22,66;1,92;13,43;Kentsel;Haftaici;7;2013
25.07.2013;26,8;6,46;621,9;29,46;32,03;2,57;14,89;Kentsel;Haftaici;7;2013
24.07.2013;30,45;5,83;691,38;37,76;41,33;3,58;14,03;Kentsel;Haftaici;7;2013
23.07.2013;29,93;4,41;362,96;32,58;36,61;4,04;11,47;Kentsel;Haftaici;7;2013
22.07.2013;30,82;;328,61;31,37;35,01;3,64;16,24;Kentsel;Haftaici;7;2013
21.07.2013;41,27;6,29;749,1;22,91;25,09;2,18;13,41;Kentsel;Haftasonu ;7;2013
20.07.2013;40,51;4,62;775,89;41,96;46,16;4,2;12,36;Kentsel;Haftasonu ;7;2013
19.07.2013;29,98;4,05;660,29;28,79;31,44;2,66;10,26;Kentsel;Haftaici;7;2013
18.07.2013;29,94;4,45;799,95;37,54;41,45;3,91;11,05;Kentsel;Haftaici;7;2013
17.07.2013;22,35;;;26,24;30,41;4,17;;Kentsel;Haftaici;7;2013
15.07.2013;59,18;5,25;980,45;35,61;38,92;3,31;29,76;Kentsel;Haftaici;7;2013
14.07.2013;81,29;3,65;985,73;25,79;27,85;2,07;27,88;Kentsel;Haftasonu ;7;2013
13.07.2013;61,06;;1037,19;31,2;33,86;2,65;22,21;Kentsel;Haftasonu ;7;2013
12.07.2013;;;693,31;42,42;45,07;2,66;;Kentsel;Haftaici;7;2013
11.07.2013;;;671,93;53,09;55,7;2,62;;Kentsel;Haftaici;7;2013
10.07.2013;56,65;3,47;590,68;42,05;44,76;2,71;15,94;Kentsel;Haftaici;7;2013
9.07.2013;;;571,53;30,45;33,44;3;;Kentsel;Haftaici;7;2013
8.07.2013;;8,28;666,95;41,11;45,4;4,29;;Kentsel;Haftaici;7;2013
7.07.2013;31,42;5,62;905,77;42,47;46,52;4,05;13,16;Kentsel;Haftasonu ;7;2013
6.07.2013;62,63;6,1;706,81;45,96;51,22;5,26;15,98;Kentsel;Haftasonu ;7;2013
5.07.2013;59,52;6,13;595,05;55,37;60,73;5,37;14,56;Kentsel;Haftaici;7;2013
4.07.2013;62,15;5,39;451,56;67,4;75,17;7,77;17,67;Kentsel;Haftaici;7;2013
3.07.2013;44,31;5,91;340,96;44,26;47,95;3,69;11,44;Kentsel;Haftaici;7;2013
2.07.2013;23,52;5,67;347,18;24,51;26,92;2,41;7,36;Kentsel;Haftaici;7;2013
1.07.2013;50,45;9,06;403,06;32,63;36,4;3,76;17,4;Kentsel;Haftaici;7;2013
30.06.2013;;5,96;874,27;66,63;75,29;8,68;;Kentsel;Haftasonu ;6;2013
29.06.2013;58,28;6,25;874,96;70,7;75,46;4,77;19,69;Kentsel;Haftasonu ;6;2013
28.06.2013;71,52;5,82;808,41;61,03;65,19;4,17;20,54;Kentsel;Haftaici;6;2013
27.06.2013;47,43;6,14;862,31;51,86;55,49;3,65;12,16;Kentsel;Haftaici;6;2013
26.06.2013;69,13;6,03;819,28;43,01;46,11;3,1;22,46;Kentsel;Haftaici;6;2013
25.06.2013;;;672,35;35,54;38,6;3,06;;Kentsel;Haftaici;6;2013
24.06.2013;46,06;;605,45;49,99;54,14;4,16;13,71;Kentsel;Haftaici;6;2013
23.06.2013;31,23;;1111,4;55,74;63,32;7,6;9,45;Kentsel;Haftasonu ;6;2013
22.06.2013;51,39;;694,26;63,52;74,52;11,01;15,57;Kentsel;Haftasonu ;6;2013
21.06.2013;46,46;;743,03;59,52;66,85;7,34;17,24;Kentsel;Haftaici;6;2013
20.06.2013;40,49;;822,13;35,23;39,13;3,9;15,94;Kentsel;Haftaici;6;2013
19.06.2013;44,81;8,63;566,33;34,55;37,76;3,21;13,4;Kentsel;Haftaici;6;2013
18.06.2013;54,85;19,71;505,58;33,32;36,74;3,42;14,93;Kentsel;Haftaici;6;2013
17.06.2013;23,18;4,32;508,29;29,18;30,99;1,82;;Kentsel;Haftaici;6;2013
16.06.2013;43,05;18,27;558,73;43;46,64;3,65;18,92;Kentsel;Haftasonu ;6;2013
15.06.2013;54,14;19,53;647,44;85,03;98,01;13;20,29;Kentsel;Haftasonu ;6;2013
14.06.2013;34,53;17,95;592,26;51,71;56,41;4,69;16,71;Kentsel;Haftaici;6;2013
13.06.2013;50,59;17,15;733,28;60,83;65,9;5,07;14,77;Kentsel;Haftaici;6;2013
12.06.2013;44,02;9,01;728,67;46,34;51,26;4,92;17,92;Kentsel;Haftaici;6;2013
11.06.2013;38,94;21,16;760,45;94,64;132,12;37,51;18,38;Kentsel;Haftaici;6;2013
10.06.2013;28,05;18,25;517,16;61,72;66,56;4,83;;Kentsel;Haftaici;6;2013
9.06.2013;23,16;17,54;477,44;47,93;51,75;3,82;;Kentsel;Haftasonu ;6;2013
8.06.2013;28,71;17,03;515,13;59,19;64,26;5,09;;Kentsel;Haftasonu ;6;2013
7.06.2013;32,65;22,57;327,27;41,62;45,01;3,4;17,6;Kentsel;Haftaici;6;2013
6.06.2013;43,41;16,89;351,71;68,54;80,72;12,19;;Kentsel;Haftaici;6;2013
5.06.2013;5,4;18,66;617,23;62,34;70,14;7,81;;Kentsel;Haftaici;6;2013
4.06.2013;27,05;18,71;345,8;55,52;62,11;6,61;9,54;Kentsel;Haftaici;6;2013
3.06.2013;44,46;16,84;365,95;39;42,59;3,6;14,91;Kentsel;Haftaici;6;2013
2.06.2013;138,6;9,48;292,68;28,31;34,22;5,91;19,08;Kentsel;Haftasonu ;6;2013
1.06.2013;60,24;15,46;774,78;88,9;135,72;46,83;16,85;Kentsel;Haftasonu ;6;2013
31.05.2013;130,91;19,32;325,18;57,27;66,26;8,99;25,62;Kentsel;Haftaici;5;2013
30.05.2013;171,57;11,89;792,16;103,22;176,03;72,84;33,79;Kentsel;Haftaici;5;2013
29.05.2013;68,92;;680,62;90,66;97,1;6,44;15,41;Kentsel;Haftaici;5;2013
28.05.2013;44,74;;700,49;89,57;121,55;32,01;12,49;Kentsel;Haftaici;5;2013
27.05.2013;39,56;39,59;497,19;44,26;49,69;5,44;11,59;Kentsel;Haftaici;5;2013
26.05.2013;45,24;;452,26;70,55;82,75;12,21;12,8;Kentsel;Haftasonu ;5;2013
25.05.2013;56,12;;892,59;79,96;122,11;42,19;15,08;Kentsel;Haftasonu ;5;2013
24.05.2013;143,25;21,77;669,68;52,31;57,32;5,02;16,84;Kentsel;Haftaici;5;2013
23.05.2013;71,23;26,14;462,72;73,71;82,78;9,08;20,75;Kentsel;Haftaici;5;2013
22.05.2013;66,99;1,78;826,56;113,97;177,09;63,15;16,53;Kentsel;Haftaici;5;2013
21.05.2013;44,78;1,29;793,64;48,53;57,43;8,9;21,29;Kentsel;Haftaici;5;2013
20.05.2013;39,46;1,78;830,79;65,6;83,21;17,63;13,2;Kentsel;Haftaici;5;2013
19.05.2013;52,21;1,12;840,03;25,07;32,04;6,97;17,59;Kentsel;Haftasonu ;5;2013
18.05.2013;87,71;1,93;620,13;48,85;62,99;14,18;28,28;Kentsel;Haftasonu ;5;2013
17.05.2013;63,56;1,72;726,93;76,14;96,82;20,69;23,23;Kentsel;Haftaici;5;2013
16.05.2013;40,57;1,28;1134,67;97,61;169,71;72,17;18,35;Kentsel;Haftaici;5;2013
15.05.2013;32,8;1,72;1082,29;104,42;160,28;55,89;17,65;Kentsel;Haftaici;5;2013
14.05.2013;28,04;0,91;1129,36;105,89;130,97;25,09;14,27;Kentsel;Haftaici;5;2013
13.05.2013;35,58;1,35;703,66;95,88;126,21;30,35;19,7;Kentsel;Haftaici;5;2013
12.05.2013;29,22;1,37;671,06;61,63;79,07;17,47;18,03;Kentsel;Haftasonu ;5;2013
11.05.2013;32,17;1,65;712,56;73,3;93,65;20,35;14,8;Kentsel;Haftasonu ;5;2013
10.05.2013;51,43;1,75;1292,28;127;185,98;59,03;20,67;Kentsel;Haftaici;5;2013
9.05.2013;57,85;1,29;1135,57;94,16;132,62;38,48;14,48;Kentsel;Haftaici;5;2013
8.05.2013;57,16;1;878,13;89,84;108,11;18,21;;Kentsel;Haftaici;5;2013
7.05.2013;58,27;0,49;694,35;71,61;87,95;16,35;;Kentsel;Haftaici;5;2013
6.05.2013;65,08;0,42;753,22;69,74;86,04;16,29;;Kentsel;Haftaici;5;2013
5.05.2013;57,81;0,54;773,87;65,36;95,94;30,62;;Kentsel;Haftasonu ;5;2013
4.05.2013;91,67;;828,88;80,8;97,41;16,62;24,07;Kentsel;Haftasonu ;5;2013
3.05.2013;61,1;;1048,88;116,39;185,31;68,96;15,34;Kentsel;Haftaici;5;2013
2.05.2013;63,72;;837,25;67,45;83,84;16,39;20,23;Kentsel;Haftaici;5;2013
1.05.2013;58;;977,99;85,59;113,61;28,05;13,81;Kentsel;Haftaici;5;2013
30.04.2013;82,1;;1030,31;78,78;97,42;18,66;18,96;Kentsel;Haftaici;4;2013
29.04.2013;69,47;;973,97;108,47;142,13;33,66;25,81;Kentsel;Haftaici;4;2013
28.04.2013;62,58;;1171,05;119;210,07;91,1;18,23;Kentsel;Haftasonu ;4;2013
27.04.2013;61,65;;1222,45;113,04;190,67;77,7;25,41;Kentsel;Haftasonu ;4;2013
26.04.2013;86,8;;1179,67;142,08;228,63;86,58;28,1;Kentsel;Haftaici;4;2013
25.04.2013;57,34;;1035,14;;252,4;;18,95;Kentsel;Haftaici;4;2013
24.04.2013;32,67;4,75;935,57;;;;18,61;Kentsel;Haftaici;4;2013
23.04.2013;53,3;4,92;1051,06;;;;25,77;Kentsel;Haftaici;4;2013
22.04.2013;47,51;5,32;989,06;;;;24,19;Kentsel;Haftaici;4;2013
21.04.2013;40,23;4;738,94;;;;16,36;Kentsel;Haftasonu ;4;2013
20.04.2013;28,54;4,82;917,76;;;;12,41;Kentsel;Haftasonu ;4;2013
19.04.2013;38,37;4,64;1129,08;;;;;Kentsel;Haftaici;4;2013
18.04.2013;61,53;3,98;1108,05;;;;21,77;Kentsel;Haftaici;4;2013
17.04.2013;31,1;2,22;799,62;;;;14,93;Kentsel;Haftaici;4;2013
16.04.2013;18,49;2,06;1065,51;;;;;Kentsel;Haftaici;4;2013
15.04.2013;23,24;6,12;984,23;;;;13,68;Kentsel;Haftaici;4;2013
14.04.2013;44,96;5,4;842,28;;;;21,27;Kentsel;Haftasonu ;4;2013
13.04.2013;45,17;4,96;1230,78;;;;19,75;Kentsel;Haftasonu ;4;2013
12.04.2013;41,76;5,98;1114,8;;;;19,39;Kentsel;Haftaici;4;2013
11.04.2013;28,45;4,82;923,3;;;;16,59;Kentsel;Haftaici;4;2013
10.04.2013;27,1;4,74;842,1;;;;14,13;Kentsel;Haftaici;4;2013
9.04.2013;20,06;5,38;733,24;;;;11,49;Kentsel;Haftaici;4;2013
8.04.2013;183,91;3,96;807,11;;;;28,9;Kentsel;Haftaici;4;2013
7.04.2013;119,45;;780,85;;;;19,96;Kentsel;Haftasonu ;4;2013
6.04.2013;136,93;3,25;788,65;;;;23,08;Kentsel;Haftasonu ;4;2013
5.04.2013;44,67;9,06;1448,34;;;;14,99;Kentsel;Haftaici;4;2013
4.04.2013;52,86;3,8;1132,75;;;;;Kentsel;Haftaici;4;2013
3.04.2013;258,39;4,09;990,13;;;;40,37;Kentsel;Haftaici;4;2013
2.04.2013;52,87;3,95;1328,13;;;;24,49;Kentsel;Haftaici;4;2013
1.04.2013;97,01;6,15;888,76;;;;23,69;Kentsel;Haftaici;4;2013
31.03.2013;46,93;4,99;1135,43;;;;14,1;Kentsel;Haftasonu ;3;2013
30.03.2013;60,01;9,73;1888,11;;;;22,55;Kentsel;Haftasonu ;3;2013
29.03.2013;;;1178,99;;;;;Kentsel;Haftaici;3;2013
28.03.2013;38,13;11,38;1021,7;29,81;39,67;9,86;19,76;Kentsel;Haftaici;3;2013
27.03.2013;25,44;12,13;985,54;28,86;36,73;7,87;10,57;Kentsel;Haftaici;3;2013
26.03.2013;59,77;9,53;743,53;26,03;30,05;4,02;16,94;Kentsel;Haftaici;3;2013
25.03.2013;55,6;8,96;1426,92;32,55;47;14,45;26,9;Kentsel;Haftaici;3;2013
24.03.2013;44,36;11,27;534,39;31,51;45,25;13,74;29,99;Kentsel;Haftasonu ;3;2013
23.03.2013;23,35;7,05;941,48;21,41;24,31;2,9;;Kentsel;Haftasonu ;3;2013
22.03.2013;32,13;10,48;712,2;24,49;28,57;4,08;;Kentsel;Haftaici;3;2013
21.03.2013;;9,65;1140,43;;;;;Kentsel;Haftaici;3;2013
20.03.2013;75,41;11,59;1753,9;32,36;64,21;31,86;27,48;Kentsel;Haftaici;3;2013
19.03.2013;42,51;8,98;1154,48;27,35;32,89;5,55;19,62;Kentsel;Haftaici;3;2013
18.03.2013;53,32;9,95;1086,82;33,6;44,16;10,56;25,44;Kentsel;Haftaici;3;2013
17.03.2013;17,62;8,52;841,05;15,98;18,27;2,29;;Kentsel;Haftasonu ;3;2013
16.03.2013;20,28;9,43;785,77;23,5;27,14;3,64;;Kentsel;Haftasonu ;3;2013
15.03.2013;;7,36;899,26;19,12;22,06;2,94;48,78;Kentsel;Haftaici;3;2013
14.03.2013;62,76;8,72;818,59;;;;19,15;Kentsel;Haftaici;3;2013
13.03.2013;115,3;12,02;1985,3;32,46;78,41;45,96;43,76;Kentsel;Haftaici;3;2013
12.03.2013;45,31;11,37;973,54;28,16;38,5;10,34;20,11;Kentsel;Haftaici;3;2013
11.03.2013;49,77;11,49;951,39;23,01;28,13;5,12;13,27;Kentsel;Haftaici;3;2013
10.03.2013;27;13,87;960,45;27,03;32,25;5,22;17,05;Kentsel;Haftasonu ;3;2013
9.03.2013;42,24;11,58;993,87;29;35,59;6,6;15,74;Kentsel;Haftasonu ;3;2013
8.03.2013;49,31;16,32;879,1;24,74;28,13;3,39;14,75;Kentsel;Haftaici;3;2013
7.03.2013;67,34;17,73;1408,42;34,17;52,46;18,3;21,62;Kentsel;Haftaici;3;2013
6.03.2013;68,7;17,54;755,91;34,73;52,48;17,75;21,97;Kentsel;Haftaici;3;2013
5.03.2013;35,98;6,29;1159,73;20,32;23,11;2,79;10,67;Kentsel;Haftaici;3;2013
4.03.2013;44,64;9,82;919,18;20,15;22,5;2,35;22,83;Kentsel;Haftaici;3;2013
3.03.2013;48,33;16,68;746,63;28,13;30,2;2,07;28,6;Kentsel;Haftasonu ;3;2013
2.03.2013;62,21;9,94;1548,47;39,22;73,47;34,28;19,28;Kentsel;Haftasonu ;3;2013
1.03.2013;46,49;11,91;1188,09;32,52;46,28;13,77;22,71;Kentsel;Haftaici;3;2013
28.02.2013;26,08;10,49;1079,6;23,74;28,59;4,85;12,42;Kentsel;Haftaici;2;2013
27.02.2013;54,94;14,51;1071,13;34,73;47,31;12,57;22,57;Kentsel;Haftaici;2;2013
26.02.2013;110,21;17,03;1905,11;;;;40,66;Kentsel;Haftaici;2;2013
25.02.2013;88,19;8,51;1452,75;113,59;194,03;80,45;37,13;Kentsel;Haftaici;2;2013
24.02.2013;87,49;19,58;1717,26;;;;38,71;Kentsel;Haftasonu ;2;2013
23.02.2013;63,08;11,56;1320,24;35,56;50,62;15,06;32,92;Kentsel;Haftasonu ;2;2013
22.02.2013;55,93;14,23;1458,76;35,35;51,98;16,63;37,69;Kentsel;Haftaici;2;2013
21.02.2013;80,08;9,57;1420,08;35,92;47,73;11,81;42,71;Kentsel;Haftaici;2;2013
20.02.2013;19,77;13,67;1002,59;27,1;29,93;2,83;;Kentsel;Haftaici;2;2013
19.02.2013;45,35;8,78;1124,35;;;;25,12;Kentsel;Haftaici;2;2013
18.02.2013;44,05;13,48;888,44;;;;24,93;Kentsel;Haftaici;2;2013
17.02.2013;54,68;9,16;1250,04;31,65;42,66;11,02;32,66;Kentsel;Haftasonu ;2;2013
16.02.2013;26,71;17,33;943,13;23,1;25,76;2,66;12,96;Kentsel;Haftasonu ;2;2013
15.02.2013;26,71;9,83;1076,91;33,07;38,84;5,77;14,88;Kentsel;Haftaici;2;2013
14.02.2013;44,95;5,95;1034,59;;;;20,76;Kentsel;Haftaici;2;2013
13.02.2013;77,6;14,99;1341,44;;;;39,28;Kentsel;Haftaici;2;2013
12.02.2013;54,65;8,54;1407,87;33,28;61,11;27,85;19,58;Kentsel;Haftaici;2;2013
11.02.2013;42,12;13,77;1184,54;36,11;48,85;12,74;19,77;Kentsel;Haftaici;2;2013
10.02.2013;27,02;8,72;1046,67;28,47;32,41;3,95;12,66;Kentsel;Haftasonu ;2;2013
9.02.2013;50,57;19,49;1504,37;33,44;55,41;21,97;17,46;Kentsel;Haftasonu ;2;2013
8.02.2013;60,83;5,94;836,53;;;;18,06;Kentsel;Haftaici;2;2013
7.02.2013;37,98;3,39;889,24;;;;14,3;Kentsel;Haftaici;2;2013
6.02.2013;60,95;;1148,36;37;49,86;12,86;28,68;Kentsel;Haftaici;2;2013
5.02.2013;151,89;18,96;2118,86;;;;48,86;Kentsel;Haftaici;2;2013
4.02.2013;59,01;14,58;1050,56;33,64;42,7;9,06;22,04;Kentsel;Haftaici;2;2013
3.02.2013;30,34;23,89;931,1;23,82;26,34;2,52;13,12;Kentsel;Haftasonu ;2;2013
2.02.2013;27,46;8,67;1021,33;23,58;25,29;1,71;10,86;Kentsel;Haftasonu ;2;2013
1.02.2013;37,35;16,37;980,6;29,48;37,5;8,03;12,47;Kentsel;Haftaici;2;2013
31.01.2013;47,72;8,35;1153,86;32,75;42,71;9,96;22,72;Kentsel;Haftaici;1;2013
30.01.2013;63,69;5,22;1202,54;;;;35,56;Kentsel;Haftaici;1;2013
29.01.2013;51,89;;1306,64;32,76;50,9;18,15;20,48;Kentsel;Haftaici;1;2013
28.01.2013;62,02;0,59;1562,81;;;;34,46;Kentsel;Haftaici;1;2013
27.01.2013;38,52;6,93;1765,71;42,57;81,17;38,6;31,26;Kentsel;Haftasonu ;1;2013
26.01.2013;45,83;;1049,27;;;;14,17;Kentsel;Haftasonu ;1;2013
25.01.2013;40,77;1,46;1407,56;36,12;57,24;21,13;15,22;Kentsel;Haftaici;1;2013
24.01.2013;50,09;1,71;1447,04;37,32;56,63;19,32;12,79;Kentsel;Haftaici;1;2013
23.01.2013;29,29;8,68;1072,93;33,25;38,48;5,22;13,65;Kentsel;Haftaici;1;2013
22.01.2013;38,19;;1005,5;28,47;31,41;2,94;18,42;Kentsel;Haftaici;1;2013
21.01.2013;29,91;3,21;1321,75;27,05;35,98;8,93;;Kentsel;Haftaici;1;2013
20.01.2013;21,64;25,18;1244,11;;;;;Kentsel;Haftasonu ;1;2013
19.01.2013;28,34;25,12;1416,09;;;;;Kentsel;Haftasonu ;1;2013
18.01.2013;35,12;22,6;1268,2;;;;;Kentsel;Haftaici;1;2013
17.01.2013;22,41;25,12;1092,25;21,63;23,55;1,92;;Kentsel;Haftaici;1;2013
16.01.2013;64,57;28,47;1799,51;30,17;35,83;5,66;;Kentsel;Haftaici;1;2013
15.01.2013;70,37;;1618,61;;;;;Kentsel;Haftaici;1;2013
14.01.2013;87,9;;2490,42;;;;48,26;Kentsel;Haftaici;1;2013
13.01.2013;18,37;;1400,02;;;;11,35;Kentsel;Haftasonu ;1;2013
12.01.2013;10,88;;1080,54;;;;;Kentsel;Haftasonu ;1;2013
11.01.2013;35,94;;1264,94;28,1;32,76;4,65;;Kentsel;Haftaici;1;2013
10.01.2013;27,79;;1163,98;19,53;22,42;2,89;16,57;Kentsel;Haftaici;1;2013
8.01.2013;16,77;20,54;1425,16;;;;;Kentsel;Haftaici;1;2013
7.01.2013;20,34;22,58;1237,98;;;;;Kentsel;Haftaici;1;2013
6.01.2013;51,83;26,56;1738,48;;;;;Kentsel;Haftasonu ;1;2013
5.01.2013;24,96;27,33;1603,97;27,31;41,18;13,88;;Kentsel;Haftasonu ;1;2013
4.01.2013;57,32;26,82;1549,77;25,63;39,67;14,05;30,47;Kentsel;Haftaici;1;2013
3.01.2013;61,94;23,03;1533,41;26,11;29,21;3,1;35,64;Kentsel;Haftaici;1;2013
2.01.2013;105,11;24,75;2190,81;31,32;47,85;16,53;58,09;Kentsel;Haftaici;1;2013
1.01.2013;71,61;23,18;1811,09;;;;42,65;Kentsel;Haftaici;1;2013
31.12.2012;99,67;26,29;2722;37,18;98,87;61,7;53,59;Kentsel;Haftaici;12;2012
30.12.2012;47,05;24,89;1600,73;26,92;30,43;3,52;24,99;Kentsel;Haftasonu ;12;2012
29.12.2012;87,47;26,79;2062,94;32,8;56,49;23,7;48,74;Kentsel;Haftasonu ;12;2012
28.12.2012;162,68;28,3;3266,91;43,67;130,29;86,63;84,59;Kentsel;Haftaici;12;2012
27.12.2012;119,94;28,9;2513,19;39,22;76,4;37,17;74,24;Kentsel;Haftaici;12;2012
26.12.2012;225,82;22,81;3906,66;39,84;119,03;79,19;139,42;Kentsel;Haftaici;12;2012
25.12.2012;88,74;26,4;1706,07;28,29;35,13;6,84;45,18;Kentsel;Haftaici;12;2012
24.12.2012;62,09;21,62;1769,05;;;;34,73;Kentsel;Haftaici;12;2012
23.12.2012;42,81;24,36;2128,28;;;;23,77;Kentsel;Haftasonu ;12;2012
22.12.2012;62,62;26,54;1810,42;79,61;148,79;69,19;39,7;Kentsel;Haftasonu ;12;2012
21.12.2012;26,99;25,4;1505,98;52,33;98,92;46,6;13,21;Kentsel;Haftaici;12;2012
20.12.2012;31,68;16,95;2149,31;66,52;113,08;46,55;;Kentsel;Haftaici;12;2012
19.12.2012;16,94;31,35;1023,52;60,78;70,18;9,41;;Kentsel;Haftaici;12;2012
18.12.2012;;24,8;1610,66;73,09;117,46;44,37;;Kentsel;Haftaici;12;2012
17.12.2012;;24,59;2701,29;76,94;227,94;150,98;;Kentsel;Haftaici;12;2012
16.12.2012;;25,37;1866,06;89,29;177,83;88,54;;Kentsel;Haftasonu ;12;2012
15.12.2012;58,24;27,24;1911,44;96,33;222,2;125,89;35,17;Kentsel;Haftasonu ;12;2012
14.12.2012;67,41;25,69;1888;87,5;143,24;55,74;44,31;Kentsel;Haftaici;12;2012
13.12.2012;29,52;31,15;1503,09;75,56;116,11;40,57;;Kentsel;Haftaici;12;2012
12.12.2012;13,54;24,01;1497,58;71,51;103,21;31,71;;Kentsel;Haftaici;12;2012
11.12.2012;75,72;23,6;2292,65;66,74;188,25;121,53;28,99;Kentsel;Haftaici;12;2012
10.12.2012;;23,87;1943,74;77,64;153,37;75,72;;Kentsel;Haftaici;12;2012
9.12.2012;143,09;24,12;1739,54;65,71;100,7;34,99;24,12;Kentsel;Haftasonu ;12;2012
8.12.2012;57,99;23,27;1971,16;77,26;148,94;71,69;29,14;Kentsel;Haftasonu ;12;2012
7.12.2012;20,46;23,54;1286,5;65,63;80,71;15,07;10,04;Kentsel;Haftaici;12;2012
6.12.2012;48,02;;1686,32;72,86;128,51;55,64;27,86;Kentsel;Haftaici;12;2012
5.12.2012;43,98;;1575,13;55,6;107,27;51,68;19,13;Kentsel;Haftaici;12;2012
4.12.2012;15,63;22,66;1319,6;39,05;55,3;16,25;8,89;Kentsel;Haftaici;12;2012
3.12.2012;;20,62;789,47;71,9;99,13;27,24;;Kentsel;Haftaici;12;2012
2.12.2012;93,69;31,15;1915,63;74,04;159,11;85,06;;Kentsel;Haftasonu ;12;2012
1.12.2012;100,29;32,76;2237,19;89,22;204,3;115,12;;Kentsel;Haftasonu ;12;2012
30.11.2012;207,64;30,89;2925,32;115,44;350,23;234,8;;Kentsel;Haftaici;11;2012
29.11.2012;61,4;45,85;1061,82;70,48;85,16;14,67;;Kentsel;Haftaici;11;2012
28.11.2012;;30,44;3567,8;146,46;570,31;423,9;;Kentsel;Haftaici;11;2012
27.11.2012;;39,23;2785,33;118,11;368,86;250,77;;Kentsel;Haftaici;11;2012
26.11.2012;;43,02;2464,15;117,22;349,88;232,67;;Kentsel;Haftaici;11;2012
25.11.2012;;36,14;2139,04;82,28;208,73;126,5;;Kentsel;Haftasonu ;11;2012
24.11.2012;;42,53;1929,89;96;164,68;68,67;;Kentsel;Haftasonu ;11;2012
23.11.2012;;36,35;1580,15;78,06;157,57;79,54;;Kentsel;Haftaici;11;2012
22.11.2012;;37,14;1133,11;69,53;92,32;22,79;;Kentsel;Haftaici;11;2012
21.11.2012;78,45;38,91;1636,22;73,46;101,41;27,95;;Kentsel;Haftaici;11;2012
20.11.2012;154,69;34,27;2324,13;91,17;155,2;64,01;111,26;Kentsel;Haftaici;11;2012
19.11.2012;68,63;32,61;826,96;70,55;124,78;54,23;37,54;Kentsel;Haftaici;11;2012
18.11.2012;83,3;57,75;1316,22;46,31;75,16;28,85;60,55;Kentsel;Haftasonu ;11;2012
17.11.2012;102,58;45,51;937,67;65,68;153,37;87,66;;Kentsel;Haftasonu ;11;2012
16.11.2012;110,09;44,53;645,76;;;;47,98;Kentsel;Haftaici;11;2012
15.11.2012;93,61;43,16;1574,41;43,67;115,67;72,01;46,64;Kentsel;Haftaici;11;2012
14.11.2012;122,56;42,47;801,28;45,85;75,81;29,95;74,41;Kentsel;Haftaici;11;2012
13.11.2012;;68,23;2616,42;57,69;193;135,36;;Kentsel;Haftaici;11;2012
12.11.2012;56,4;;1466,39;61,73;159,89;98,17;28,66;Kentsel;Haftaici;11;2012
11.11.2012;13,06;74,59;626,73;44,79;50,74;5,95;8,65;Kentsel;Haftasonu ;11;2012
10.11.2012;11,84;52,72;682,65;37,77;40,55;2,79;8,49;Kentsel;Haftasonu ;11;2012
9.11.2012;18,18;50,88;1032,08;47,68;57,25;9,57;7,86;Kentsel;Haftaici;11;2012
8.11.2012;10,37;57,32;668,8;35,72;37,48;1,76;;Kentsel;Haftaici;11;2012
7.11.2012;25,74;57,37;347,88;48,71;66,45;17,76;11,5;Kentsel;Haftaici;11;2012
6.11.2012;78,94;57,35;1438,67;82,94;289,86;206,97;30,14;Kentsel;Haftaici;11;2012
5.11.2012;101,85;55,18;1781,18;93,67;357,14;263,49;43,75;Kentsel;Haftaici;11;2012
4.11.2012;89,46;54,33;918,77;78,46;231,05;152,61;;Kentsel;Haftasonu ;11;2012
3.11.2012;61,27;56,51;1620,15;73,14;235,95;162,85;29,96;Kentsel;Haftasonu ;11;2012
2.11.2012;83,16;59,55;1186,05;67,8;192,89;125,13;31,11;Kentsel;Haftaici;11;2012
1.11.2012;70,42;59,63;1300,2;73,99;190,73;116,77;28;Kentsel;Haftaici;11;2012
31.10.2012;99,32;56,89;1776,81;89,05;243,33;154,31;46,04;Kentsel;Haftaici;10;2012
30.10.2012;32,46;35,24;617,43;55,5;75,31;19,81;8,81;Kentsel;Haftaici;10;2012
29.10.2012;33,3;58,46;577,45;28,33;65,27;36,94;3,2;Kentsel;Haftaici;10;2012
28.10.2012;52,67;57,96;1631,95;;;;3,12;Kentsel;Haftasonu ;10;2012
27.10.2012;49,85;56,01;1082,25;23,82;59,65;35,82;3,37;Kentsel;Haftasonu ;10;2012
26.10.2012;36,59;62,98;1073,57;31,51;70,82;39,3;2,93;Kentsel;Haftaici;10;2012
25.10.2012;24,07;60,16;654,01;36,12;76,05;39,92;3,35;Kentsel;Haftaici;10;2012
24.10.2012;34,43;53,91;386,92;36,16;74,45;38,29;2,66;Kentsel;Haftaici;10;2012
23.10.2012;79,33;54,85;1568,22;;;;3,65;Kentsel;Haftaici;10;2012
22.10.2012;48,66;54,02;675,18;33,76;71,05;37,29;2,37;Kentsel;Haftaici;10;2012
21.10.2012;89,06;59,9;922,51;29,22;66,32;37,11;2,79;Kentsel;Haftasonu ;10;2012
20.10.2012;58,02;40,18;377,43;38,45;76,34;37,88;2,28;Kentsel;Haftasonu ;10;2012
19.10.2012;60,61;60,09;743,36;27,39;64,37;36,98;3,28;Kentsel;Haftaici;10;2012
18.10.2012;82,9;56,41;766,48;21,91;59,53;37,63;28,75;Kentsel;Haftaici;10;2012
17.10.2012;95,35;60,37;256,55;17,27;54,43;37,16;26,96;Kentsel;Haftaici;10;2012
16.10.2012;81,76;65,19;1253,66;;;;34,72;Kentsel;Haftaici;10;2012
15.10.2012;106,27;56,72;940,69;;;;32,31;Kentsel;Haftaici;10;2012
14.10.2012;75,05;60,53;628,99;;;;31,4;Kentsel;Haftasonu ;10;2012
13.10.2012;68,69;56,25;565,7;19,89;55,6;35,71;32,44;Kentsel;Haftasonu ;10;2012
12.10.2012;94,37;50,42;1236,62;;;;42,22;Kentsel;Haftaici;10;2012
11.10.2012;34,35;53,15;598,79;16,66;53,53;36,87;;Kentsel;Haftaici;10;2012
10.10.2012;71,18;43,04;813,05;;;;21,59;Kentsel;Haftaici;10;2012
9.10.2012;46,69;;434,06;21,72;61,93;40,21;16,85;Kentsel;Haftaici;10;2012
8.10.2012;87,21;;719,49;22,24;48,85;26,61;25,15;Kentsel;Haftaici;10;2012
7.10.2012;72,04;;719,75;;;;19,31;Kentsel;Haftasonu ;10;2012
6.10.2012;81,76;;817,73;;;;24,21;Kentsel;Haftasonu ;10;2012
5.10.2012;83,17;111,04;591,17;24,43;34,5;10,06;26,25;Kentsel;Haftaici;10;2012
4.10.2012;66,44;57,69;902,08;69,34;140,25;70,94;23,34;Kentsel;Haftaici;10;2012
3.10.2012;68,05;73,79;889,54;72,35;89,71;17,36;12,91;Kentsel;Haftaici;10;2012
2.10.2012;120,55;111,74;786,3;47,95;56,86;8,91;14,45;Kentsel;Haftaici;10;2012
1.10.2012;104,51;112,95;768,64;78,18;104,91;26,73;25,14;Kentsel;Haftaici;10;2012
30.09.2012;76,05;111,87;786,13;76,58;113,32;36,75;21,71;Kentsel;Haftasonu ;9;2012
29.09.2012;80,74;91,2;869,19;74,47;114,51;40,05;14,72;Kentsel;Haftasonu ;9;2012
28.09.2012;85,95;102,68;750,53;71,85;147,08;75,24;17,09;Kentsel;Haftaici;9;2012
27.09.2012;95,09;107,88;644,03;78,55;152,04;73,51;31,66;Kentsel;Haftaici;9;2012
26.09.2012;111,44;139,33;747,75;94,01;226,56;132,57;37,87;Kentsel;Haftaici;9;2012
25.09.2012;99,81;101,02;1055,24;86,36;208,41;122,07;29,11;Kentsel;Haftaici;9;2012
24.09.2012;87,19;110,28;1142,55;92,07;197,49;105,46;26,38;Kentsel;Haftaici;9;2012
23.09.2012;58,99;66,88;1012,91;68,2;113,93;45,74;13,72;Kentsel;Haftasonu ;9;2012
22.09.2012;40,27;89,39;716,84;43,98;58,65;14,68;10,54;Kentsel;Haftasonu ;9;2012
21.09.2012;68,38;105,44;618,05;56,65;83,88;27,23;24,92;Kentsel;Haftaici;9;2012
20.09.2012;65,35;113,93;1146,58;70,35;143,67;73,35;28,52;Kentsel;Haftaici;9;2012
19.09.2012;168,69;124,3;906,44;;;;32,91;Kentsel;Haftaici;9;2012
18.09.2012;148,31;86,57;861,38;77,52;109,25;31,73;21,93;Kentsel;Haftaici;9;2012
17.09.2012;164,07;;1146,93;82,41;181,58;99,18;22,21;Kentsel;Haftaici;9;2012
16.09.2012;119,83;87,64;788,01;56,89;84,97;28,09;17,91;Kentsel;Haftasonu ;9;2012
15.09.2012;190,02;82,09;1131,06;78,1;154,31;76,24;25,48;Kentsel;Haftasonu ;9;2012
14.09.2012;151,9;68,67;1016,44;74,47;141,96;67,52;30,82;Kentsel;Haftaici;9;2012
13.09.2012;153,38;57,63;831,37;70,6;113,24;42,66;24,39;Kentsel;Haftaici;9;2012
12.09.2012;158,54;80,16;1216,05;76,2;146,9;70,73;20,57;Kentsel;Haftaici;9;2012
11.09.2012;93,31;54,46;928,09;62,75;81,51;18,76;9,56;Kentsel;Haftaici;9;2012
10.09.2012;64,06;60,61;689,2;35,66;41,89;6,23;6,81;Kentsel;Haftaici;9;2012
9.09.2012;65,42;100,8;705,46;30,82;36,56;5,74;10,04;Kentsel;Haftasonu ;9;2012
8.09.2012;90,53;85,88;773,54;46,78;53,34;6,57;12,41;Kentsel;Haftasonu ;9;2012
7.09.2012;175,91;;520,99;43,83;50,03;6,19;16,74;Kentsel;Haftaici;9;2012
6.09.2012;134,49;81,09;819,32;89,91;148,61;58,72;15,76;Kentsel;Haftaici;9;2012
5.09.2012;89,36;;1461,83;77,64;112,72;35,11;11,13;Kentsel;Haftaici;9;2012
4.09.2012;106,83;35,52;1266,98;67,38;103,95;36,6;11,92;Kentsel;Haftaici;9;2012
3.09.2012;96,11;40,51;444,99;69,09;84,91;15,83;8,74;Kentsel;Haftaici;9;2012
2.09.2012;124,66;38,65;971,97;44,96;50,58;5,62;13,88;Kentsel;Haftasonu ;9;2012
1.09.2012;69,34;31,28;472,72;49,93;61,72;11,79;8,25;Kentsel;Haftasonu ;9;2012
31.08.2012;78,19;36,65;1120,68;56,33;64,94;8,61;10,53;Kentsel;Haftaici;8;2012
30.08.2012;70,4;36,58;457,94;59,29;72,52;13,24;6,26;Kentsel;Haftaici;8;2012
29.08.2012;43,85;40,63;1129,16;38,22;44,48;6,27;6,83;Kentsel;Haftaici;8;2012
28.08.2012;93,46;;257,58;31,06;36,09;5,03;14,55;Kentsel;Haftaici;8;2012
27.08.2012;152,09;;330,52;58;65,05;7,04;20,96;Kentsel;Haftaici;8;2012
26.08.2012;110,18;;1155,46;81,81;137,93;56,16;13,61;Kentsel;Haftasonu ;8;2012
25.08.2012;97,87;;932,15;65,68;94,34;28,67;10,43;Kentsel;Haftasonu ;8;2012
24.08.2012;87,43;;913,63;71,19;108,29;37,11;7,19;Kentsel;Haftaici;8;2012
23.08.2012;63,94;44,39;762,01;58,84;74,44;15,61;9,13;Kentsel;Haftaici;8;2012
22.08.2012;86,93;52,68;627,66;31,41;36,23;4,82;12,01;Kentsel;Haftaici;8;2012
21.08.2012;45,41;46,88;813,64;37,66;44,22;6,57;5,37;Kentsel;Haftaici;8;2012
20.08.2012;41,48;49,73;509,96;20,63;25,13;4,5;6,83;Kentsel;Haftaici;8;2012
19.08.2012;34,93;45,72;384,31;20,69;25,05;4,37;9,09;Kentsel;Haftasonu ;8;2012
18.08.2012;60,47;43,35;554,51;26,82;31,48;4,66;15,12;Kentsel;Haftasonu ;8;2012
17.08.2012;68,81;32,62;1019,07;33,52;38,36;4,85;7,33;Kentsel;Haftaici;8;2012
16.08.2012;77,26;44,07;511,27;37,34;41,98;4,65;12,11;Kentsel;Haftaici;8;2012
15.08.2012;80,73;22,05;618,24;46,34;52,7;6,36;14,54;Kentsel;Haftaici;8;2012
14.08.2012;92,71;;517,79;37,84;42,86;5,03;18,34;Kentsel;Haftaici;8;2012
13.08.2012;65,34;24,3;769,36;41,22;47,2;5,99;14,52;Kentsel;Haftaici;8;2012
12.08.2012;106,81;;867,01;57,07;64,18;7,12;20,66;Kentsel;Haftasonu ;8;2012
11.08.2012;135,75;;1031,41;39,67;45,01;5,35;17,48;Kentsel;Haftasonu ;8;2012
10.08.2012;;;427,96;45,97;50,24;4,27;;Kentsel;Haftaici;8;2012
9.08.2012;108,98;;539,5;28,7;30,6;1,91;21,98;Kentsel;Haftaici;8;2012
8.08.2012;98,3;;1017,53;27,01;28,78;1,78;19,34;Kentsel;Haftaici;8;2012
7.08.2012;113,74;;927,94;36,28;39,19;2,92;18,37;Kentsel;Haftaici;8;2012
6.08.2012;110,41;;732,97;40,86;43,41;2,55;18,45;Kentsel;Haftaici;8;2012
5.08.2012;62,23;;1077,42;40,16;43;2,85;11,43;Kentsel;Haftasonu ;8;2012
4.08.2012;93,25;36,05;658,88;35,01;37,02;2,01;15,49;Kentsel;Haftasonu ;8;2012
3.08.2012;74,33;43,8;579,1;41,14;43,33;2,2;10,67;Kentsel;Haftaici;8;2012
2.08.2012;229,56;49,18;853,94;59,4;63,27;3,87;34,97;Kentsel;Haftaici;8;2012
1.08.2012;191,23;;1491,73;52,47;63,26;10,8;41,89;Kentsel;Haftaici;8;2012
31.07.2012;192,66;;650,82;13,53;15,86;2,34;39,78;Kentsel;Haftaici;7;2012
30.07.2012;138,4;;593,54;16,35;18,37;2,02;;Kentsel;Haftaici;7;2012
29.07.2012;77,95;;680,47;14;16,33;2,33;25,54;Kentsel;Haftasonu ;7;2012
28.07.2012;164,04;25,66;664,66;14,85;17,22;2,37;38,35;Kentsel;Haftasonu ;7;2012
27.07.2012;171,79;16,66;654,82;23,65;26,53;2,89;49,69;Kentsel;Haftaici;7;2012
26.07.2012;146,98;21,17;557,36;31,87;38,09;6,22;50,14;Kentsel;Haftaici;7;2012
25.07.2012;139,06;;759,36;29,48;47,48;18,01;35,24;Kentsel;Haftaici;7;2012
24.07.2012;143,42;;979,52;21,46;25,84;4,38;;Kentsel;Haftaici;7;2012
23.07.2012;137;;928,31;21,53;27,26;5,74;;Kentsel;Haftaici;7;2012
22.07.2012;92,32;;699,17;20,77;29,34;8,57;31,43;Kentsel;Haftasonu ;7;2012
21.07.2012;85,71;51,47;351,81;23,24;31,39;8,15;23,18;Kentsel;Haftasonu ;7;2012
20.07.2012;165,46;;940,96;21,22;27,2;5,99;;Kentsel;Haftaici;7;2012
19.07.2012;202,54;22,04;459,62;19,47;22,6;3,13;33,17;Kentsel;Haftaici;7;2012
18.07.2012;225,88;26,33;650,84;12,99;15,18;2,18;27,26;Kentsel;Haftaici;7;2012
17.07.2012;211,76;27,55;482,83;14,97;17,64;2,68;37,17;Kentsel;Haftaici;7;2012
16.07.2012;167,25;;701,49;17,14;43,5;26,37;31,84;Kentsel;Haftaici;7;2012
15.07.2012;202,8;;669,85;24,04;27,69;3,65;33,85;Kentsel;Haftasonu ;7;2012
14.07.2012;197,77;;479,2;14,63;17,1;2,48;36,08;Kentsel;Haftasonu ;7;2012
13.07.2012;197,07;13,89;395,82;16,27;18,86;2,59;36,2;Kentsel;Haftaici;7;2012
12.07.2012;221,3;20,5;626,9;23,42;26,98;3,57;29,26;Kentsel;Haftaici;7;2012
11.07.2012;198,72;22,36;576,54;24,86;35,1;10,24;26,17;Kentsel;Haftaici;7;2012
10.07.2012;146,33;22,09;415,58;22,39;26,46;4,08;22,72;Kentsel;Haftaici;7;2012
9.07.2012;181,33;24,12;557,39;22,48;26,09;3,61;21,84;Kentsel;Haftaici;7;2012
8.07.2012;127,53;21,1;617;14,53;17,19;2,66;23,73;Kentsel;Haftasonu ;7;2012
7.07.2012;201,24;32,47;550,32;12,03;14,71;2,67;29,18;Kentsel;Haftasonu ;7;2012
6.07.2012;153,28;25,22;1385,39;16,4;22,27;5,66;32,36;Kentsel;Haftaici;7;2012
5.07.2012;119,54;;738,02;21,61;26,53;3,21;16,01;Kentsel;Haftaici;7;2012
4.07.2012;139,78;20,63;320,9;22,53;28,48;3,89;17,95;Kentsel;Haftaici;7;2012
3.07.2012;119,32;16,69;479,02;23,14;29,47;4,14;14,06;Kentsel;Haftaici;7;2012
2.07.2012;112,21;15,37;525,65;25,34;31,67;4,14;13,71;Kentsel;Haftaici;7;2012
1.07.2012;121,58;14,06;538,09;17,51;23,47;3,9;11,84;Kentsel;Haftasonu ;7;2012
30.06.2012;105,18;16,37;699,38;21,25;27,29;3,95;11,46;Kentsel;Haftasonu ;6;2012
29.06.2012;112,3;15,38;787,61;26,1;32,63;4,26;11,51;Kentsel;Haftaici;6;2012
28.06.2012;88,49;;593,52;20,03;26,56;4,27;11,76;Kentsel;Haftaici;6;2012
27.06.2012;119,83;;717,95;21,82;25,47;3,65;14,61;Kentsel;Haftaici;6;2012
26.06.2012;134,82;;513,53;26,53;30,3;3,76;16,76;Kentsel;Haftaici;6;2012
25.06.2012;115,95;;582,69;27,61;31,42;3,82;15,91;Kentsel;Haftaici;6;2012
24.06.2012;91,5;;527,5;22;25,9;3,9;13,1;Kentsel;Haftasonu ;6;2012
23.06.2012;117,11;;747,97;30,57;34,4;3,83;18,89;Kentsel;Haftasonu ;6;2012
22.06.2012;89,66;;678,18;38,21;42,71;4,5;9,79;Kentsel;Haftaici;6;2012
21.06.2012;75,89;;1293,37;28,43;36,83;8,34;11;Kentsel;Haftaici;6;2012
20.06.2012;32,19;;799,17;20,35;23,06;1,78;3,8;Kentsel;Haftaici;6;2012
19.06.2012;42,4;;913,72;18,1;20,8;1,76;12,12;Kentsel;Haftaici;6;2012
18.06.2012;36,49;;720,56;25,83;28,75;1,9;12,05;Kentsel;Haftaici;6;2012
17.06.2012;27,55;;796,76;21,56;24,45;1,89;9,94;Kentsel;Haftasonu ;6;2012
16.06.2012;39,38;;835,16;18,21;21,12;1,91;13,81;Kentsel;Haftasonu ;6;2012
15.06.2012;57,48;;602,37;31,9;36,98;3,32;23,24;Kentsel;Haftaici;6;2012
14.06.2012;76,92;;672,24;35;49,48;9,47;23,75;Kentsel;Haftaici;6;2012
13.06.2012;64,27;;373,07;36,7;44,93;5,39;23,1;Kentsel;Haftaici;6;2012
12.06.2012;72,59;;439,94;42,1;76,17;22,28;29,62;Kentsel;Haftaici;6;2012
11.06.2012;41,85;;267,09;39,21;64,8;16,74;;Kentsel;Haftaici;6;2012
10.06.2012;35,29;;324,62;30,56;45,7;9,92;;Kentsel;Haftasonu ;6;2012
9.06.2012;35,06;;325,99;30,39;41,27;7,11;11,47;Kentsel;Haftasonu ;6;2012
8.06.2012;27,7;;329,28;28,72;31,77;1,99;;Kentsel;Haftaici;6;2012
7.06.2012;15,14;;455,35;17;21,02;2,63;;Kentsel;Haftaici;6;2012
6.06.2012;40,55;;425,14;20,98;24,67;2,41;;Kentsel;Haftaici;6;2012
5.06.2012;37,98;;535,43;31,75;44,32;8,23;19,75;Kentsel;Haftaici;6;2012
4.06.2012;47,61;;489,92;30,98;34,79;2,49;17,23;Kentsel;Haftaici;6;2012
3.06.2012;55,4;;604,96;27,81;35,62;5,11;24,21;Kentsel;Haftasonu ;6;2012
2.06.2012;46,84;;886,6;29,77;69,36;25,9;17,92;Kentsel;Haftasonu ;6;2012
1.06.2012;46,59;;296,75;29,27;46,98;11,58;;Kentsel;Haftaici;6;2012
31.05.2012;43,87;52,24;300,74;40,73;56,58;10,37;;Kentsel;Haftaici;5;2012
30.05.2012;32,32;53,11;398,04;28,43;45,88;11,42;;Kentsel;Haftaici;5;2012
29.05.2012;39,52;93,21;453,54;26,82;61,38;22,61;19,13;Kentsel;Haftaici;5;2012
28.05.2012;26,9;;275,84;25,41;28,64;2,11;;Kentsel;Haftaici;5;2012
27.05.2012;26,67;;331,99;22,01;31,43;6,16;;Kentsel;Haftasonu ;5;2012
26.05.2012;26,1;;345,51;20,7;38,34;11,54;;Kentsel;Haftasonu ;5;2012
25.05.2012;23,64;;306,74;24,08;27,33;2,13;;Kentsel;Haftaici;5;2012
24.05.2012;26,71;;390,17;21,28;24,27;1,96;9,94;Kentsel;Haftaici;5;2012
23.05.2012;44,05;;303,47;21,49;24,69;2,09;;Kentsel;Haftaici;5;2012
22.05.2012;19,88;;203,44;21,74;24,32;1,69;;Kentsel;Haftaici;5;2012
21.05.2012;40,73;160,5;298,58;29,93;39,28;6,11;;Kentsel;Haftaici;5;2012
20.05.2012;15,8;;278,37;22,14;24,42;1,49;;Kentsel;Haftasonu ;5;2012
19.05.2012;25,62;114,36;282,51;24,55;28,13;2,34;;Kentsel;Haftasonu ;5;2012
18.05.2012;39,34;;334,41;32,81;47,04;9,31;;Kentsel;Haftaici;5;2012
17.05.2012;32,23;99,23;347,15;31,53;46,19;9,59;;Kentsel;Haftaici;5;2012
16.05.2012;30,15;84,89;460,19;41,65;83,97;27,67;;Kentsel;Haftaici;5;2012
15.05.2012;37,83;136,85;231,87;24,89;27,83;1,92;;Kentsel;Haftaici;5;2012
14.05.2012;42,13;137,33;268,85;36,37;41,44;3,32;19,36;Kentsel;Haftaici;5;2012
13.05.2012;31,08;71,8;249,2;29,98;36,94;4,55;;Kentsel;Haftasonu ;5;2012
12.05.2012;35,39;129;300,84;33,99;40,4;4,19;9,86;Kentsel;Haftasonu ;5;2012
11.05.2012;34,99;74,72;411,18;39,52;72,77;21,75;;Kentsel;Haftaici;5;2012
10.05.2012;36,14;96,71;343,62;46,34;72,41;17,05;;Kentsel;Haftaici;5;2012
9.05.2012;17,57;211,09;410,95;19,81;22,28;1,61;4,42;Kentsel;Haftaici;5;2012
8.05.2012;15,87;91,89;281,32;17,8;24,73;4,53;4,24;Kentsel;Haftaici;5;2012
7.05.2012;16,9;;304,85;16,69;20,9;2,75;4,67;Kentsel;Haftaici;5;2012
6.05.2012;9,1;58,82;309,48;11,78;15,14;2,2;;Kentsel;Haftasonu ;5;2012
5.05.2012;13,82;30,96;390,24;10,16;11,36;0,78;4,23;Kentsel;Haftasonu ;5;2012
3.05.2012;29,41;224,67;384,48;17,73;33,13;10,07;6,62;Kentsel;Haftaici;5;2012
2.05.2012;18,77;;;18,43;20,01;1,03;3,99;Kentsel;Haftaici;5;2012
1.05.2012;8,08;3,87;397,85;16,43;18,52;1,36;3,05;Kentsel;Haftaici;5;2012
30.04.2012;10,79;5,58;292,05;21,03;29,57;5,58;4,65;Kentsel;Haftaici;4;2012
29.04.2012;9,66;4,67;370,02;15,32;18,83;2,3;3,61;Kentsel;Haftasonu ;4;2012
28.04.2012;10,25;4,26;380,46;17,35;22,14;3,13;3,58;Kentsel;Haftasonu ;4;2012
27.04.2012;13,84;5,52;375,3;19,4;25,19;3,79;4,51;Kentsel;Haftaici;4;2012
26.04.2012;15,18;5,29;395,61;14,92;23,06;5,32;5,17;Kentsel;Haftaici;4;2012
25.04.2012;12,78;8,81;428,44;17,13;27,58;6,84;4,52;Kentsel;Haftaici;4;2012
24.04.2012;9,56;4,14;480,49;19,3;45,54;17,15;;Kentsel;Haftaici;4;2012
23.04.2012;10,24;6,75;430,09;16,77;31,01;9,31;3,85;Kentsel;Haftaici;4;2012
22.04.2012;6,1;8,54;392,71;15,27;25,23;6,52;;Kentsel;Haftasonu ;4;2012
21.04.2012;30,81;3,48;469,28;14,91;17,28;1,55;9,27;Kentsel;Haftasonu ;4;2012
20.04.2012;8,31;4,29;443,03;19,28;45,84;17,36;;Kentsel;Haftaici;4;2012
19.04.2012;7,09;3,82;466,58;17,79;23,19;3,53;;Kentsel;Haftaici;4;2012
18.04.2012;;3,41;295,31;8,15;9,16;0,66;;Kentsel;Haftaici;4;2012
17.04.2012;10,18;5,25;317,29;14,03;15,52;0,97;2,76;Kentsel;Haftaici;4;2012
16.04.2012;10,52;4,64;532,33;18,6;38,83;13,24;4,57;Kentsel;Haftaici;4;2012
15.04.2012;10,34;4,96;446,78;17,62;27,29;6,32;5,05;Kentsel;Haftasonu ;4;2012
14.04.2012;9,26;5,46;429;14,3;18,28;2,6;;Kentsel;Haftasonu ;4;2012
13.04.2012;13,85;7,11;549,96;19,37;49,78;19,88;;Kentsel;Haftaici;4;2012
12.04.2012;9,71;4,94;543,26;19,96;30,63;6,97;;Kentsel;Haftaici;4;2012
11.04.2012;8,39;4,68;464,37;22,08;26,44;2,85;;Kentsel;Haftaici;4;2012
10.04.2012;3,65;4,35;377,99;20,2;23;1,83;;Kentsel;Haftaici;4;2012
9.04.2012;7,76;6,21;513,54;14,56;16,05;0,97;2,95;Kentsel;Haftaici;4;2012
8.04.2012;15,44;4,81;368,51;10,87;12,21;0,87;5,99;Kentsel;Haftasonu ;4;2012
7.04.2012;19,59;5,39;504,14;18,14;29,29;7,29;6,48;Kentsel;Haftasonu ;4;2012
6.04.2012;12,56;6,51;451,46;17,64;30,99;8,73;;Kentsel;Haftaici;4;2012
5.04.2012;21,58;8,5;647,34;18,25;61,44;28,23;8,37;Kentsel;Haftaici;4;2012
4.04.2012;18,18;9,71;513,68;20,97;57,09;23,62;7,37;Kentsel;Haftaici;4;2012
3.04.2012;15,63;5,96;570,74;15,59;33,64;11,79;;Kentsel;Haftaici;4;2012
2.04.2012;6,83;7,08;424,63;18,19;24,11;3,87;;Kentsel;Haftaici;4;2012
1.04.2012;7,67;4,47;388,77;11,23;12,63;0,92;2,52;Kentsel;Haftasonu ;4;2012
31.03.2012;8,83;6,15;345,35;17,91;25,03;4,66;;Kentsel;Haftasonu ;3;2012
30.03.2012;9,48;6,07;485,29;13,4;14,69;0,85;;Kentsel;Haftaici;3;2012
29.03.2012;9,69;6,87;324,61;16,87;23,09;4,07;;Kentsel;Haftaici;3;2012
28.03.2012;10,62;11,07;693,29;18,49;28,08;6,27;;Kentsel;Haftaici;3;2012
27.03.2012;3,48;3,58;141,09;13,18;18,25;3,32;;Kentsel;Haftaici;3;2012
26.03.2012;13,16;7,49;476,61;9,7;10,86;0,75;;Kentsel;Haftaici;3;2012
25.03.2012;31,05;8,86;461,22;19,77;51,39;20,67;;Kentsel;Haftasonu ;3;2012
24.03.2012;25,37;11,84;678,96;23,61;54,44;20,16;9,36;Kentsel;Haftasonu ;3;2012
23.03.2012;19,98;10,21;537,49;21,33;61,97;26,57;7,52;Kentsel;Haftaici;3;2012
22.03.2012;10,75;;582,08;13,06;14,49;0,94;;Kentsel;Haftaici;3;2012
21.03.2012;13,45;;484,3;22,39;27,87;3,58;;Kentsel;Haftaici;3;2012
20.03.2012;27,91;;678,36;32,04;54,97;14,99;10,55;Kentsel;Haftaici;3;2012
19.03.2012;27,42;;666,29;28,23;54,43;17,12;10,74;Kentsel;Haftaici;3;2012
18.03.2012;12,82;;580,62;21,75;39,09;11,33;6,14;Kentsel;Haftasonu ;3;2012
17.03.2012;19,51;;506,75;25,57;48,86;15,23;8,47;Kentsel;Haftasonu ;3;2012
16.03.2012;6,12;;492,82;11,42;12,75;0,87;;Kentsel;Haftaici;3;2012
15.03.2012;5,89;;463,58;15,05;18,49;2,25;;Kentsel;Haftaici;3;2012
14.03.2012;6,2;;618,97;20,43;23,33;1,9;;Kentsel;Haftaici;3;2012
13.03.2012;7,04;;706,28;23,56;31,21;5;;Kentsel;Haftaici;3;2012
12.03.2012;23,56;;719,06;31,88;60,7;18,84;;Kentsel;Haftaici;3;2012
11.03.2012;21,13;7,88;661,65;22,96;25,28;1,52;6,95;Kentsel;Haftasonu ;3;2012
10.03.2012;30,04;9,69;689,96;26,79;31,41;3,02;9,3;Kentsel;Haftasonu ;3;2012
9.03.2012;20,05;15,76;670,72;25,51;36,96;7,49;6,67;Kentsel;Haftaici;3;2012
8.03.2012;33,01;6,97;596,45;32,37;80,38;31,39;14,12;Kentsel;Haftaici;3;2012
7.03.2012;25,8;8,8;715,99;28,36;58,69;19,83;12,05;Kentsel;Haftaici;3;2012
6.03.2012;22,28;15,19;661,81;29,93;71,35;27,08;10,97;Kentsel;Haftaici;3;2012
5.03.2012;17,6;10,46;637,41;25,31;39,61;9,35;8;Kentsel;Haftaici;3;2012
4.03.2012;3,67;4,7;403,03;14,29;16,52;1,46;;Kentsel;Haftasonu ;3;2012
3.03.2012;7,37;6,45;571,05;17,98;21,97;2,61;;Kentsel;Haftasonu ;3;2012
2.03.2012;5,64;7,38;471,2;16,75;19,71;1,93;;Kentsel;Haftaici;3;2012
1.03.2012;7,2;5,85;502,1;14,76;16,75;1,31;2,58;Kentsel;Haftaici;3;2012
29.02.2012;6,33;3,72;376,55;14,01;15,69;1,1;2,28;Kentsel;Haftaici;2;2012
28.02.2012;4,81;3,9;434,13;14,45;16,75;1,5;;Kentsel;Haftaici;2;2012
27.02.2012;6,95;6,84;441,67;18,27;21,02;1,8;2,4;Kentsel;Haftaici;2;2012
26.02.2012;15,74;8,49;319,21;22,49;45,27;14,89;;Kentsel;Haftasonu ;2;2012
25.02.2012;14,72;4,67;439,38;21,05;24,74;2,41;7,24;Kentsel;Haftasonu ;2;2012
24.02.2012;32,2;8,48;914,64;31,88;48,1;10,6;13,07;Kentsel;Haftaici;2;2012
23.02.2012;64,63;13,78;883,01;51,33;100,35;32,04;22,61;Kentsel;Haftaici;2;2012
22.02.2012;81,3;18,59;964,65;56,82;97,34;26,48;30,54;Kentsel;Haftaici;2;2012
21.02.2012;57,7;19,23;656,59;33,7;50,39;10,92;32,6;Kentsel;Haftaici;2;2012
20.02.2012;74,19;23,14;973,12;39,61;50,27;6,97;;Kentsel;Haftaici;2;2012
19.02.2012;29,43;23,65;571,03;21,45;24,62;2,08;;Kentsel;Haftasonu ;2;2012
18.02.2012;21,17;11,4;479,29;22,3;26,03;2,44;;Kentsel;Haftasonu ;2;2012
17.02.2012;10,35;11,78;872,46;9,3;10,22;0,6;;Kentsel;Haftaici;2;2012
16.02.2012;8,09;4,93;;19,37;21,58;1,45;;Kentsel;Haftaici;2;2012
15.02.2012;10,34;12;552,57;20,14;24,23;2,67;;Kentsel;Haftaici;2;2012
14.02.2012;54,59;11,99;951,35;31,77;82,34;33,05;;Kentsel;Haftaici;2;2012
13.02.2012;65,38;27,96;997,85;42,34;64,17;14,26;39,67;Kentsel;Haftaici;2;2012
12.02.2012;58,38;21,53;904,88;32,59;55,41;14,92;;Kentsel;Haftasonu ;2;2012
11.02.2012;24,14;12,85;682,74;26,14;43,19;11,14;;Kentsel;Haftasonu ;2;2012
10.02.2012;27,35;7,5;641,94;23,79;30,28;4,24;;Kentsel;Haftaici;2;2012
9.02.2012;;5,32;755,21;25,98;32,83;4,47;;Kentsel;Haftaici;2;2012
8.02.2012;18,05;10,84;;23,47;30,32;4,47;;Kentsel;Haftaici;2;2012
7.02.2012;32,17;9;738,28;29,41;51,72;14,58;;Kentsel;Haftaici;2;2012
6.02.2012;69,05;22,49;911,68;40,72;66,19;16,65;;Kentsel;Haftaici;2;2012
5.02.2012;60,46;19,8;1025,33;39,56;86,13;30,44;;Kentsel;Haftasonu ;2;2012
4.02.2012;67,3;21,21;1003,67;40,22;112,56;47,29;;Kentsel;Haftasonu ;2;2012
3.02.2012;58,49;20,2;779,22;36,31;49,32;8,5;;Kentsel;Haftaici;2;2012
2.02.2012;58,77;25,57;747,25;34,36;47,6;8,65;;Kentsel;Haftaici;2;2012
1.02.2012;60,86;30,2;844,99;27,78;54,05;17,17;39,15;Kentsel;Haftaici;2;2012
31.01.2012;17,05;15,09;590,97;20,07;27,08;4,58;;Kentsel;Haftaici;1;2012
30.01.2012;22,99;14,57;596,46;23,98;29,74;3,77;;Kentsel;Haftaici;1;2012
29.01.2012;20,87;9,94;509,4;23,43;31,74;5,44;;Kentsel;Haftasonu ;1;2012
28.01.2012;29,8;12,68;647,73;28,21;45,48;11,28;;Kentsel;Haftasonu ;1;2012
27.01.2012;8,04;3,28;499,13;18,17;26,42;5,39;;Kentsel;Haftaici;1;2012
26.01.2012;20,03;6,36;667,86;19,8;47,91;18,37;;Kentsel;Haftaici;1;2012
25.01.2012;23,63;14,02;1290,95;27,08;55,52;18,59;;Kentsel;Haftaici;1;2012
24.01.2012;48,84;11,77;;36,68;51,07;9,4;;Kentsel;Haftaici;1;2012
23.01.2012;19,07;13,21;623,31;26,27;65,38;25,57;;Kentsel;Haftaici;1;2012
22.01.2012;14,91;15,64;672,59;22,98;32,47;6,21;;Kentsel;Haftasonu ;1;2012
21.01.2012;35,01;10,97;905,67;28,28;45,89;11,51;;Kentsel;Haftasonu ;1;2012
20.01.2012;31,05;17,51;638,39;26,72;35,33;5,63;15,69;Kentsel;Haftaici;1;2012
19.01.2012;39,64;26,28;574,75;26,72;49,61;14,96;;Kentsel;Haftaici;1;2012
18.01.2012;34,92;16;537,5;26,39;40,51;9,23;;Kentsel;Haftaici;1;2012
17.01.2012;48,71;16,92;795,79;44,85;75,02;19,72;;Kentsel;Haftaici;1;2012
16.01.2012;22,1;13,65;1133,73;45,42;64,12;18,71;;Kentsel;Haftaici;1;2012
15.01.2012;12,2;18,93;1366,92;36,3;44,14;7,84;;Kentsel;Haftasonu ;1;2012
14.01.2012;16,63;13,58;1527,63;32,43;34,88;2,45;7,63;Kentsel;Haftasonu ;1;2012
13.01.2012;18,01;14,21;1490,04;37,81;56,16;18,36;;Kentsel;Haftaici;1;2012
12.01.2012;12,08;13,35;1455,83;34,38;42,63;8,25;;Kentsel;Haftaici;1;2012
11.01.2012;19,77;16,63;1896,47;43,08;53,29;10,21;;Kentsel;Haftaici;1;2012
10.01.2012;15,57;15,72;1833,53;35,93;56,85;20,93;;Kentsel;Haftaici;1;2012
9.01.2012;8,78;17,12;1858,61;30,5;50,06;19,57;;Kentsel;Haftaici;1;2012
8.01.2012;13,2;23,87;2149,61;32,24;74,5;42,27;;Kentsel;Haftasonu ;1;2012
7.01.2012;24,31;30,36;1211,81;21,66;23,21;1,55;;Kentsel;Haftasonu ;1;2012
6.01.2012;25,63;30,92;1599,05;40,13;49,31;9,16;14,92;Kentsel;Haftaici;1;2012
5.01.2012;53,71;25,98;2124,78;41,6;146,13;104,53;33,45;Kentsel;Haftaici;1;2012
4.01.2012;70,19;34,38;2761,38;58,44;159,4;100,95;43,66;Kentsel;Haftaici;1;2012
3.01.2012;76,91;32,92;2685,33;50,42;141,03;90,61;56,24;Kentsel;Haftaici;1;2012
2.01.2012;52,75;30,37;2342,37;46,02;99,37;53,36;35,48;Kentsel;Haftaici;1;2012
1.01.2012;25,88;32,84;2757,68;31,65;122,85;91,2;;Kentsel;Haftasonu ;1;2012
31.12.2011;33,97;34,49;2556,75;50,38;87,62;37,24;;Kentsel;Haftasonu ;12;2011
30.12.2011;51,62;28,39;1993,45;44,74;81,21;36,46;31,46;Kentsel;Haftaici;12;2011
29.12.2011;41,69;20,78;1483,74;43,55;66,87;23,32;23,52;Kentsel;Haftaici;12;2011
28.12.2011;103,9;;1821,76;45,2;77,68;32,48;59,76;Kentsel;Haftaici;12;2011
27.12.2011;76,73;;1498,76;43,51;82,58;39,07;38,64;Kentsel;Haftaici;12;2011
26.12.2011;32,15;;1492,74;38,51;48,32;9,81;15,06;Kentsel;Haftaici;12;2011
25.12.2011;29,13;;1724,83;32,9;39,89;6,99;15,28;Kentsel;Haftasonu ;12;2011
24.12.2011;25,26;;1645,32;31,2;39,9;8,7;;Kentsel;Haftasonu ;12;2011
21.12.2011;34,42;8,81;649,94;37,88;85,04;47,17;;Kentsel;Haftaici;12;2011
20.12.2011;40,69;8,27;377,08;39,61;48,03;8,41;;Kentsel;Haftaici;12;2011
19.12.2011;31,6;9,33;590,78;42,74;68,91;26,17;;Kentsel;Haftaici;12;2011
18.12.2011;14,6;7,59;348,57;23,16;26,31;3,15;;Kentsel;Haftasonu ;12;2011
17.12.2011;13,49;8,88;356,37;28,71;33,43;4,72;;Kentsel;Haftasonu ;12;2011
16.12.2011;66,92;16,47;602,46;40,09;82,16;42,07;;Kentsel;Haftaici;12;2011
15.12.2011;141,83;23,07;1253,36;31,97;206,94;174,98;;Kentsel;Haftaici;12;2011
14.12.2011;136,98;22,6;1251,91;29,82;186,56;156,77;;Kentsel;Haftaici;12;2011
13.12.2011;112;23,55;985,75;37,29;142,87;105,58;;Kentsel;Haftaici;12;2011
12.12.2011;122,54;24,45;1233,13;27,78;187,5;159,72;;Kentsel;Haftaici;12;2011
11.12.2011;63;17,02;645,29;34,21;95,76;61,56;49,32;Kentsel;Haftasonu ;12;2011
10.12.2011;59,75;23,28;790,55;29,01;100,85;71,86;;Kentsel;Haftasonu ;12;2011
9.12.2011;27,42;17,45;493,59;31,93;60,79;28,87;;Kentsel;Haftaici;12;2011
8.12.2011;14,86;7,97;548,55;36,08;54,4;18,33;;Kentsel;Haftaici;12;2011
7.12.2011;40,07;9,59;803,75;33,92;102,49;68,57;;Kentsel;Haftaici;12;2011
6.12.2011;74,84;20,32;628,16;50,01;129,48;79,46;55,83;Kentsel;Haftaici;12;2011
5.12.2011;115,15;31,27;1460,92;32,43;208,44;176,01;;Kentsel;Haftaici;12;2011
4.12.2011;158,78;49,1;1629,85;32,93;233,98;201,07;;Kentsel;Haftasonu ;12;2011
3.12.2011;143,1;48,05;1587,06;30,43;236,24;205,81;;Kentsel;Haftasonu ;12;2011
2.12.2011;100,9;;1147,67;36,68;184,51;147,85;;Kentsel;Haftaici;12;2011
1.12.2011;136,63;18,85;1660,41;;;;;Kentsel;Haftaici;12;2011
30.11.2011;146,76;;1271,63;;;;;Kentsel;Haftaici;11;2011
29.11.2011;179,32;14,48;1515,44;20,84;175,78;154,96;;Kentsel;Haftaici;11;2011
28.11.2011;118,86;8,56;942,22;37,18;116,16;79;41,25;Kentsel;Haftaici;11;2011
27.11.2011;122,2;18,9;977,89;32,08;90,84;58,78;;Kentsel;Haftasonu ;11;2011
26.11.2011;158,82;9,51;1664,61;;;;;Kentsel;Haftasonu ;11;2011
25.11.2011;138,28;17,76;1611,85;24,34;151,62;127,29;;Kentsel;Haftaici;11;2011
24.11.2011;74,16;;301,56;33,68;85,88;52,19;;Kentsel;Haftaici;11;2011
23.11.2011;73,33;5,46;710,9;44,73;100,1;55,37;;Kentsel;Haftaici;11;2011
22.11.2011;172,24;;2983,5;;;;;Kentsel;Haftaici;11;2011
21.11.2011;146,19;19,64;2243,76;23,13;220,11;197;;Kentsel;Haftaici;11;2011
20.11.2011;68,3;12,92;1408,83;23,79;124,22;100,44;;Kentsel;Haftasonu ;11;2011
19.11.2011;44,58;13,92;1329,96;31,19;82,75;51,56;;Kentsel;Haftasonu ;11;2011
18.11.2011;29,33;12,79;1186,65;31,91;64,85;32,94;;Kentsel;Haftaici;11;2011
17.11.2011;39,32;8,97;1272,56;34,33;61,88;27,55;;Kentsel;Haftaici;11;2011
16.11.2011;53,75;29,42;901,01;32,23;77,32;45,09;;Kentsel;Haftaici;11;2011
15.11.2011;43,2;10,59;1161,26;39,61;68,94;29,32;;Kentsel;Haftaici;11;2011
14.11.2011;30,47;9,69;1111,47;36,73;55,83;19,1;;Kentsel;Haftaici;11;2011
13.11.2011;32,61;9,43;1046,45;30,04;47,53;17,5;;Kentsel;Haftasonu ;11;2011
12.11.2011;34,99;12,81;1183,52;28,9;67,4;38,5;;Kentsel;Haftasonu ;11;2011
11.11.2011;26,7;9,39;1056,37;28,99;40,66;11,68;;Kentsel;Haftaici;11;2011
10.11.2011;55,94;13,44;1081,43;28,46;109,56;81,11;;Kentsel;Haftaici;11;2011
9.11.2011;56,67;10,17;1093,59;28,32;147,88;119,59;;Kentsel;Haftaici;11;2011
8.11.2011;72,31;14,77;2121,03;;;;;Kentsel;Haftaici;11;2011
7.11.2011;39,9;10,21;1117,2;33,49;71,09;37,61;;Kentsel;Haftaici;11;2011
6.11.2011;53,14;12,26;1134,74;38,5;89,75;51,27;;Kentsel;Haftasonu ;11;2011
5.11.2011;83,45;14,87;2146,19;;;;;Kentsel;Haftasonu ;11;2011
4.11.2011;34,29;8,09;1026,59;37,09;74;36,92;;Kentsel;Haftaici;11;2011
3.11.2011;28,95;8,77;1115;40,87;70,85;29,98;;Kentsel;Haftaici;11;2011
2.11.2011;93,35;9,59;908,55;39,42;120,95;81,54;;Kentsel;Haftaici;11;2011
1.11.2011;135,32;13,66;2391,62;33,92;240,73;206,89;;Kentsel;Haftaici;11;2011
31.10.2011;108,9;12,07;1592,01;22,82;234,12;211,32;;Kentsel;Haftaici;10;2011
30.10.2011;73,92;12,21;;;;;;Kentsel;Haftasonu ;10;2011
29.10.2011;57,69;12,86;;;;;;Kentsel;Haftasonu ;10;2011
28.10.2011;66,28;;;;;;;Kentsel;Haftaici;10;2011
27.10.2011;58,82;;;;;;;Kentsel;Haftaici;10;2011
26.10.2011;35,19;;;;;;;Kentsel;Haftaici;10;2011
25.10.2011;46,63;;;;;;;Kentsel;Haftaici;10;2011
24.10.2011;23,38;;;38,51;70,77;32,26;9,03;Kentsel;Haftaici;10;2011
23.10.2011;23,57;;;34,36;64,39;30,04;8,49;Kentsel;Haftasonu ;10;2011
22.10.2011;33,31;11,81;;37,39;171,91;134,52;9,88;Kentsel;Haftasonu ;10;2011
21.10.2011;58,83;14,38;;31,2;307,65;276,46;9,65;Kentsel;Haftaici;10;2011
20.10.2011;50,5;14,47;;33,32;174,12;140,87;9,43;Kentsel;Haftaici;10;2011
19.10.2011;17,1;9,81;;24,31;101,52;77,26;6,79;Kentsel;Haftaici;10;2011
18.10.2011;13,71;11,34;;20,87;31,88;11,01;;Kentsel;Haftaici;10;2011
17.10.2011;21,46;10,61;;20,76;139,3;118,54;6,45;Kentsel;Haftaici;10;2011
16.10.2011;16,21;13,29;;21,91;50,42;28,52;;Kentsel;Haftasonu ;10;2011
15.10.2011;20,67;13,34;;36,37;65,34;28,96;7,29;Kentsel;Haftasonu ;10;2011
14.10.2011;16,74;7,94;;29,22;57,86;28,65;9,36;Kentsel;Haftaici;10;2011
13.10.2011;28,49;11,53;;17,5;141,84;124,34;10,6;Kentsel;Haftaici;10;2011
12.10.2011;14,25;4,48;;35,27;49,45;14,18;;Kentsel;Haftaici;10;2011
11.10.2011;35,57;5,46;;27,05;122,95;95,91;14,28;Kentsel;Haftaici;10;2011
10.10.2011;12,82;5,08;;20,44;26,19;5,75;;Kentsel;Haftaici;10;2011
9.10.2011;36,18;5,36;;24,11;33,85;9,75;12,9;Kentsel;Haftasonu ;10;2011
8.10.2011;57,8;8,36;;39,82;114,06;74,24;9,35;Kentsel;Haftasonu ;10;2011
7.10.2011;105,74;13,77;;50,42;257,69;207,27;13,77;Kentsel;Haftaici;10;2011
6.10.2011;89,64;23,59;;32,22;244,88;212,66;11,06;Kentsel;Haftaici;10;2011
5.10.2011;87,25;23,52;;25,54;230,64;205,1;43,72;Kentsel;Haftaici;10;2011
4.10.2011;67,66;13,66;;20,92;218,95;198,03;29,82;Kentsel;Haftaici;10;2011
3.10.2011;24,89;5,97;;26,34;31,38;5,04;7,8;Kentsel;Haftaici;10;2011
2.10.2011;32,26;9,5;;30,08;49,1;19,01;11,2;Kentsel;Haftasonu ;10;2011
1.10.2011;38,51;8,68;;25,29;123,56;98,27;19,36;Kentsel;Haftasonu ;10;2011
30.09.2011;14,58;4,91;;23,74;30;6,26;;Kentsel;Haftaici;9;2011
29.09.2011;24,66;6,58;;34,55;45,34;10,78;7,89;Kentsel;Haftaici;9;2011
28.09.2011;31,22;5,41;;36,54;53,98;17,45;12,31;Kentsel;Haftaici;9;2011
27.09.2011;32,71;5,42;;32,41;50,32;17,9;12,83;Kentsel;Haftaici;9;2011
26.09.2011;28,22;6,5;;30,35;36,88;6,53;11,34;Kentsel;Haftaici;9;2011
25.09.2011;33,48;5,77;;23,91;26,07;2,16;20,18;Kentsel;Haftasonu ;9;2011
24.09.2011;23,5;6,02;;31,67;41,77;10,1;11,97;Kentsel;Haftasonu ;9;2011
23.09.2011;26,56;6,55;;30,22;35,1;4,88;15,05;Kentsel;Haftaici;9;2011
22.09.2011;69,47;6,44;;39,67;63,69;24,02;27,86;Kentsel;Haftaici;9;2011
21.09.2011;52,01;13,19;;51,39;82,62;31,23;22,48;Kentsel;Haftaici;9;2011
20.09.2011;65,52;21,6;;27,47;163,45;135,98;31,44;Kentsel;Haftaici;9;2011
19.09.2011;36,77;10,04;;37,86;44,21;6,35;18,54;Kentsel;Haftaici;9;2011
18.09.2011;23,91;5,95;;27,23;31,04;3,81;;Kentsel;Haftasonu ;9;2011
17.09.2011;31,66;6,82;;31,81;39,65;7,84;17,76;Kentsel;Haftasonu ;9;2011
16.09.2011;33,31;7,1;;34,02;84,75;50,73;15,64;Kentsel;Haftaici;9;2011
15.09.2011;41,96;10,54;;35,73;101,61;65,88;14,93;Kentsel;Haftaici;9;2011
14.09.2011;30,11;9,84;;32,4;85,87;53,47;8,02;Kentsel;Haftaici;9;2011
13.09.2011;39,29;8,15;;30,33;100,54;70,2;9,15;Kentsel;Haftaici;9;2011
12.09.2011;26,33;8,05;;;;;9,42;Kentsel;Haftaici;9;2011
11.09.2011;28,71;9,13;;;;;;Kentsel;Haftasonu ;9;2011
10.09.2011;36,67;20,92;;;;;;Kentsel;Haftasonu ;9;2011
9.09.2011;36,7;23,96;;;;;19,2;Kentsel;Haftaici;9;2011
8.09.2011;52,65;11,68;;25,5;76,86;51,36;26,22;Kentsel;Haftaici;9;2011
7.09.2011;32,3;8,28;;37,01;59,32;22,32;18,39;Kentsel;Haftaici;9;2011
6.09.2011;33,67;8,95;;36,92;53,24;16,32;15,04;Kentsel;Haftaici;9;2011
5.09.2011;29,1;7,75;;32,69;50,69;18;13,4;Kentsel;Haftaici;9;2011
4.09.2011;18,44;6,97;;26,39;37,05;10,67;;Kentsel;Haftasonu ;9;2011
3.09.2011;29,19;6,23;;29,52;41,54;12,01;;Kentsel;Haftasonu ;9;2011
2.09.2011;23,12;6,62;;26,46;35,85;9,38;;Kentsel;Haftaici;9;2011
1.09.2011;22,08;6,84;;24,31;31,37;7,06;;Kentsel;Haftaici;9;2011
31.08.2011;18,85;16,34;32,8;24,18;32,8;8,62;;Kentsel;Haftaici;8;2011
30.08.2011;34,62;8,79;32,56;24,85;32,56;7,71;;Kentsel;Haftaici;8;2011
29.08.2011;24,95;8,18;44,03;21,76;44,03;22,28;16,71;Kentsel;Haftaici;8;2011
28.08.2011;17,1;6,12;29,32;22,27;29,32;7,05;;Kentsel;Haftasonu ;8;2011
27.08.2011;18,14;6,34;32,55;22,68;32,55;9,87;;Kentsel;Haftasonu ;8;2011
26.08.2011;19,17;6,84;31,68;23,48;31,68;8,21;;Kentsel;Haftaici;8;2011
25.08.2011;18,71;5,73;33,9;24,84;33,9;9,06;;Kentsel;Haftaici;8;2011
24.08.2011;19,07;5,35;38,13;32,25;40,78;8,53;8,9;Kentsel;Haftaici;8;2011
23.08.2011;25,23;7,2;14,66;11,88;14,66;2,78;15,12;Kentsel;Haftaici;8;2011
22.08.2011;21,49;6,61;13,98;11,45;13,98;2,53;10,97;Kentsel;Haftaici;8;2011
21.08.2011;16,38;5,65;10;7,73;10;2,27;;Kentsel;Haftasonu ;8;2011
20.08.2011;22,36;6,33;11,38;;;;;Kentsel;Haftasonu ;8;2011
19.08.2011;13,78;7,02;11,32;;;;;Kentsel;Haftaici;8;2011
18.08.2011;23,4;6,8;12,51;;;;;Kentsel;Haftaici;8;2011
17.08.2011;;7,94;;;;;;Kentsel;Haftaici;8;2011
16.08.2011;36,37;4,7;1129,6;12,03;13,85;1,46;15,93;Kentsel;Haftaici;8;2011
15.08.2011;35,08;3,23;1203,22;15,18;17,29;1,83;19;Kentsel;Haftaici;8;2011
14.08.2011;43,13;2,79;1108,61;12,33;13,78;1,14;17,87;Kentsel;Haftasonu ;8;2011
13.08.2011;26,06;3,21;1113,74;11,82;13,4;1,24;11,71;Kentsel;Haftasonu ;8;2011
12.08.2011;15,56;7,28;1097,76;12,44;14,13;1,36;10,22;Kentsel;Haftaici;8;2011
11.08.2011;43,52;9,35;;;;;20,02;Kentsel;Haftaici;8;2011
10.08.2011;30,07;;1575;32,87;34,74;1,48;15,36;Kentsel;Haftaici;8;2011
8.08.2011;33,75;4,65;835,24;;;;18,79;Kentsel;Haftaici;8;2011
7.08.2011;27,02;2,48;1465,42;18,51;20,19;1,33;12,41;Kentsel;Haftasonu ;8;2011
6.08.2011;17,69;3,17;1364,51;18,39;19,76;1,08;;Kentsel;Haftasonu ;8;2011
5.08.2011;24,82;2,7;1207,76;25,76;27,35;1,1;12,44;Kentsel;Haftaici;8;2011
4.08.2011;15,08;1,44;1320,18;28,36;29,77;0,97;;Kentsel;Haftaici;8;2011
3.08.2011;19,12;;1407,24;59,11;60,91;1,32;;Kentsel;Haftaici;8;2011
1.08.2011;43,38;3,93;;;;;19,92;Kentsel;Haftaici;8;2011
31.07.2011;35,96;11,66;922,02;56,92;59,76;2,32;;Kentsel;Haftasonu ;7;2011
30.07.2011;52,01;16,93;923,87;125,92;129,76;3,41;36,01;Kentsel;Haftasonu ;7;2011
28.07.2011;31,99;;847,83;;;;18,99;Kentsel;Haftaici;7;2011
26.07.2011;51,59;4,06;1410,81;31,1;42,11;10,54;30,71;Kentsel;Haftaici;7;2011
25.07.2011;47,62;2,55;1222,84;48,14;54,46;5,83;16,21;Kentsel;Haftaici;7;2011
24.07.2011;38,69;5,06;1069,42;56,48;58,54;1,58;15,64;Kentsel;Haftasonu ;7;2011
23.07.2011;26,76;1,85;1040,25;63,31;65,17;1,46;20,27;Kentsel;Haftasonu ;7;2011
22.07.2011;36,4;5,52;1078,4;66,48;68,32;1,45;24,08;Kentsel;Haftaici;7;2011
21.07.2011;66,52;4,55;981,24;85,51;88,77;2,8;26,2;Kentsel;Haftaici;7;2011
20.07.2011;50,67;3,03;1155,27;102,92;107,08;3,73;20,73;Kentsel;Haftaici;7;2011
19.07.2011;33,62;1,79;1061,96;117,77;120,11;1,95;;Kentsel;Haftaici;7;2011
18.07.2011;32,69;4,03;1033,62;121,2;123,78;2,14;14,89;Kentsel;Haftaici;7;2011
17.07.2011;32,33;0,91;1145,72;121,8;126,19;3,9;;Kentsel;Haftasonu ;7;2011
16.07.2011;29,52;1,45;990,48;113;116,86;3,39;;Kentsel;Haftasonu ;7;2011
15.07.2011;16,46;1,97;971,44;106,38;108,86;1,98;;Kentsel;Haftaici;7;2011
14.07.2011;21,87;2,45;1066,08;104,83;106,81;1,52;;Kentsel;Haftaici;7;2011
13.07.2011;24,84;0,75;1023,01;112,85;116,3;3,05;18,72;Kentsel;Haftaici;7;2011
12.07.2011;21,09;1,49;1020,33;102,12;107,35;4,66;;Kentsel;Haftaici;7;2011
11.07.2011;22,3;2,16;1033,49;90,07;107,53;17;14,72;Kentsel;Haftaici;7;2011
10.07.2011;16,54;1,46;928,6;97,27;110,14;12,38;;Kentsel;Haftasonu ;7;2011
9.07.2011;24,7;2,44;951,04;99,68;116,82;16,62;;Kentsel;Haftasonu ;7;2011
8.07.2011;37,06;3,08;1159,49;110,39;132,47;21,64;19,61;Kentsel;Haftaici;7;2011
7.07.2011;33,44;5,46;1118,23;102,4;123,11;20,19;25,15;Kentsel;Haftaici;7;2011
6.07.2011;33,39;2,3;1352,1;101,89;121,63;19,22;20,34;Kentsel;Haftaici;7;2011
5.07.2011;26,21;7,19;979,51;84,64;101,91;16,71;;Kentsel;Haftaici;7;2011
4.07.2011;24,64;8,47;899,4;72,33;85,44;12,6;;Kentsel;Haftaici;7;2011
3.07.2011;30,04;4,53;1214,11;74;98,72;24,19;;Kentsel;Haftasonu ;7;2011
2.07.2011;22,51;10,02;854,13;66,39;82,67;15,73;;Kentsel;Haftasonu ;7;2011
1.07.2011;41,48;8,26;1001,45;79,57;100,18;20,16;22,85;Kentsel;Haftaici;7;2011
30.06.2011;36,35;5,21;1251,52;53,48;85,85;31,56;22;Kentsel;Haftaici;6;2011
29.06.2011;32,96;4,06;1018,9;78,99;99,92;20,46;18,56;Kentsel;Haftaici;6;2011
28.06.2011;29,09;3,19;1141,4;79,49;104,87;24,79;16,83;Kentsel;Haftaici;6;2011
27.06.2011;20,41;1,82;923,09;46,46;57,66;10,76;13;Kentsel;Haftaici;6;2011
26.06.2011;14,72;2,57;911,63;92,5;94,56;1,59;;Kentsel;Haftasonu ;6;2011
25.06.2011;42,34;15,97;1071,1;135,3;143,92;8,14;;Kentsel;Haftasonu ;6;2011
24.06.2011;37,99;3,53;1289,62;122,9;137,04;13,67;;Kentsel;Haftaici;6;2011
23.06.2011;17,92;1,06;977,98;113,8;117,21;2,94;;Kentsel;Haftaici;6;2011
22.06.2011;21,54;2,13;920,31;112,35;115,35;2,59;;Kentsel;Haftaici;6;2011
21.06.2011;28,93;2,8;929,07;129,92;132,58;2,2;;Kentsel;Haftaici;6;2011
20.06.2011;32;23,05;956,93;122,08;128,26;5,76;;Kentsel;Haftaici;6;2011
19.06.2011;50,11;2,58;1475,84;107,12;128,96;21,36;22,09;Kentsel;Haftasonu ;6;2011
18.06.2011;16,88;1,86;990,94;109,44;115,19;5,39;;Kentsel;Haftasonu ;6;2011
17.06.2011;27,92;3,38;1106,88;119,88;125,25;4,91;15,65;Kentsel;Haftaici;6;2011
16.06.2011;29,47;2,39;1213,05;113,48;122,2;8,22;;Kentsel;Haftaici;6;2011
15.06.2011;23,66;2,85;1027,39;91,8;95,56;3,35;;Kentsel;Haftaici;6;2011
14.06.2011;35,99;2,13;1334,61;;;;;Kentsel;Haftaici;6;2011
13.06.2011;22,91;1,33;1166,67;;;;;Kentsel;Haftaici;6;2011
12.06.2011;22,36;8,1;1148,87;26,18;28,81;2,09;;Kentsel;Haftasonu ;6;2011
11.06.2011;25,79;5,51;1096,17;;;;;Kentsel;Haftasonu ;6;2011
10.06.2011;27,99;2,99;1373,77;;;;19,06;Kentsel;Haftaici;6;2011
9.06.2011;55,48;3,62;845,62;;;;25,27;Kentsel;Haftaici;6;2011
8.06.2011;49,14;15,94;1047,69;;;;28,49;Kentsel;Haftaici;6;2011
7.06.2011;36,94;2,39;1052,34;;;;23,01;Kentsel;Haftaici;6;2011
6.06.2011;41,74;0,97;1111,07;;;;28,54;Kentsel;Haftaici;6;2011
5.06.2011;27,56;1,45;1085,18;;;;;Kentsel;Haftasonu ;6;2011
4.06.2011;30,67;1,43;994,82;1,04;5,3;2,56;;Kentsel;Haftasonu ;6;2011
3.06.2011;25,36;6,13;1007,28;;;;16,11;Kentsel;Haftaici;6;2011
2.06.2011;34,95;1,32;1141,61;;;;18,48;Kentsel;Haftaici;6;2011
1.06.2011;34,16;2,73;1020,65;;;;16,62;Kentsel;Haftaici;6;2011
31.05.2011;28,36;1,85;953,52;;;;16,4;Kentsel;Haftaici;5;2011
30.05.2011;31,89;2,28;1201,93;;;;17,62;Kentsel;Haftaici;5;2011
29.05.2011;28,34;0,74;1230,51;;;;22,14;Kentsel;Haftasonu ;5;2011
28.05.2011;29,17;1,09;1277,83;;;;;Kentsel;Haftasonu ;5;2011
27.05.2011;15,31;1,24;997,18;;;;;Kentsel;Haftaici;5;2011
26.05.2011;40,84;2,51;1295,91;;;;24,36;Kentsel;Haftaici;5;2011
25.05.2011;37,83;2,13;1120,6;;;;14,79;Kentsel;Haftaici;5;2011
24.05.2011;28,06;1,61;1068,66;97,21;107,67;10,02;;Kentsel;Haftaici;5;2011
23.05.2011;31,75;2,53;1204,31;84,82;91,73;6,39;;Kentsel;Haftaici;5;2011
22.05.2011;22,89;3,16;644,59;;;;14,69;Kentsel;Haftasonu ;5;2011
21.05.2011;22;7,85;553,75;;;;;Kentsel;Haftasonu ;5;2011
20.05.2011;19,87;3,79;596,34;;;;;Kentsel;Haftaici;5;2011
19.05.2011;59,92;3,24;583,22;;;;29,83;Kentsel;Haftaici;5;2011
18.05.2011;34,95;2,42;621,7;;;;;Kentsel;Haftaici;5;2011
17.05.2011;28,25;4,36;733,47;;;;19,21;Kentsel;Haftaici;5;2011
16.05.2011;29,22;4,5;800,12;;;;;Kentsel;Haftaici;5;2011
15.05.2011;22,34;1,97;757,88;;;;;Kentsel;Haftasonu ;5;2011
14.05.2011;22,91;3,11;638,16;;;;;Kentsel;Haftasonu ;5;2011
13.05.2011;26,84;2,61;909,58;;;;;Kentsel;Haftaici;5;2011
12.05.2011;28,82;1,94;978,64;;;;;Kentsel;Haftaici;5;2011
11.05.2011;28,32;2,06;984,15;;;;;Kentsel;Haftaici;5;2011
10.05.2011;33,39;3,85;694,23;;;;19,2;Kentsel;Haftaici;5;2011
9.05.2011;31,62;6,72;678,12;;;;;Kentsel;Haftaici;5;2011
8.05.2011;30,31;4,51;646,75;;;;20,5;Kentsel;Haftasonu ;5;2011
7.05.2011;24,36;4,52;673,55;;;;;Kentsel;Haftasonu ;5;2011
6.05.2011;22,18;2;668,72;;;;;Kentsel;Haftaici;5;2011
5.05.2011;16,06;3,43;619,2;;;;;Kentsel;Haftaici;5;2011
4.05.2011;49,87;1,63;559,21;;;;22,44;Kentsel;Haftaici;5;2011
3.05.2011;47,36;4,78;551,67;;;;25,05;Kentsel;Haftaici;5;2011
2.05.2011;74,55;2,84;898,9;;;;43,54;Kentsel;Haftaici;5;2011
1.05.2011;40,68;6,8;332,24;;;;21,45;Kentsel;Haftasonu ;5;2011
30.04.2011;27,74;12,63;274,07;;;;;Kentsel;Haftasonu ;4;2011
29.04.2011;36,81;10,51;601,44;;;;;Kentsel;Haftaici;4;2011
28.04.2011;63,9;10,95;232,32;;;;27,3;Kentsel;Haftaici;4;2011
27.04.2011;23,64;6,21;248,56;;;;;Kentsel;Haftaici;4;2011
26.04.2011;45,37;6,44;552,83;;;;25,35;Kentsel;Haftaici;4;2011
25.04.2011;22,4;3,55;391,38;;;;;Kentsel;Haftaici;4;2011
24.04.2011;33,67;3,65;554,7;;;;;Kentsel;Haftasonu ;4;2011
23.04.2011;29,25;10,37;368,28;;;;14,68;Kentsel;Haftasonu ;4;2011
22.04.2011;31,53;3,65;437,07;;;;18,01;Kentsel;Haftaici;4;2011
21.04.2011;21,65;1,67;329,24;;;;;Kentsel;Haftaici;4;2011
20.04.2011;24,73;5,19;394,2;;;;;Kentsel;Haftaici;4;2011
19.04.2011;69,98;4,73;533,83;;;;25,79;Kentsel;Haftaici;4;2011
18.04.2011;46,37;4,46;796,05;;;;;Kentsel;Haftaici;4;2011
17.04.2011;58,66;10,85;748,73;;;;43,99;Kentsel;Haftasonu ;4;2011
16.04.2011;35,17;7;522,86;;;;18,79;Kentsel;Haftasonu ;4;2011
15.04.2011;36,21;14,37;464,28;;;;21,45;Kentsel;Haftaici;4;2011
14.04.2011;32,03;3,63;244,04;;;;;Kentsel;Haftaici;4;2011
13.04.2011;36,53;17,4;354,39;;;;20,1;Kentsel;Haftaici;4;2011
12.04.2011;27,59;5,92;321,54;;;;;Kentsel;Haftaici;4;2011
11.04.2011;17,85;5,7;230,34;;;;;Kentsel;Haftaici;4;2011
10.04.2011;16,72;5,17;265,05;;;;12,17;Kentsel;Haftasonu ;4;2011
9.04.2011;27,36;8,93;250,42;;;;;Kentsel;Haftasonu ;4;2011
8.04.2011;26,56;8,2;202,89;;;;15,79;Kentsel;Haftaici;4;2011
7.04.2011;27,76;5,29;351,3;;;;20,93;Kentsel;Haftaici;4;2011
6.04.2011;36,36;5,79;347,52;;;;17,84;Kentsel;Haftaici;4;2011
5.04.2011;34,52;10,75;251,05;;;;25,17;Kentsel;Haftaici;4;2011
4.04.2011;39,64;4,94;484,33;;;;;Kentsel;Haftaici;4;2011
3.04.2011;18,63;8,16;172,32;;;;14,84;Kentsel;Haftasonu ;4;2011
2.04.2011;29,99;8,73;304,74;;;;18,2;Kentsel;Haftasonu ;4;2011
1.04.2011;66,37;11,69;789,41;;;;42,49;Kentsel;Haftaici;4;2011
31.03.2011;45,38;10,3;797,77;;;;;Kentsel;Haftaici;3;2011
30.03.2011;45,47;7,35;693,74;;;;22,93;Kentsel;Haftaici;3;2011
29.03.2011;61,35;17,62;1131,48;;;;38,03;Kentsel;Haftaici;3;2011
28.03.2011;52,76;14,49;884,16;;;;25,27;Kentsel;Haftaici;3;2011
27.03.2011;42;21,62;3814,49;;;;29,56;Kentsel;Haftasonu ;3;2011
26.03.2011;32,97;23,94;;;;;25,03;Kentsel;Haftasonu ;3;2011
25.03.2011;59,74;40,58;4864,81;;;;35,29;Kentsel;Haftaici;3;2011
24.03.2011;36,42;13,75;2759,86;;;;24,33;Kentsel;Haftaici;3;2011
23.03.2011;51,23;26,55;3750,92;;;;;Kentsel;Haftaici;3;2011
22.03.2011;33,05;14,12;3202,85;;;;;Kentsel;Haftaici;3;2011
21.03.2011;26,8;14,87;2988,24;;;;;Kentsel;Haftaici;3;2011
20.03.2011;31,82;25,47;4271,05;;;;;Kentsel;Haftasonu ;3;2011
19.03.2011;73,12;34,28;8714,24;;;;;Kentsel;Haftasonu ;3;2011
18.03.2011;20,48;29,22;3383,21;;;;;Kentsel;Haftaici;3;2011
17.03.2011;112,14;93,53;13187,18;;;;58,4;Kentsel;Haftaici;3;2011
16.03.2011;107,7;89,02;11620,46;;;;60,64;Kentsel;Haftaici;3;2011
15.03.2011;92,52;122,81;9996,04;;;;58,68;Kentsel;Haftaici;3;2011
14.03.2011;84,84;73,11;9537,36;;;;49,7;Kentsel;Haftaici;3;2011
13.03.2011;90,09;89,56;9821,33;;;;69,27;Kentsel;Haftasonu ;3;2011
12.03.2011;80,05;115,63;7256,61;;;;;Kentsel;Haftasonu ;3;2011
11.03.2011;47,86;129,18;4005,06;;;;;Kentsel;Haftaici;3;2011
10.03.2011;26,37;70,18;2797,64;;;;;Kentsel;Haftaici;3;2011
9.03.2011;21,01;32,48;3148,22;;;;;Kentsel;Haftaici;3;2011
8.03.2011;19,61;;;;;;;Kentsel;Haftaici;3;2011
7.03.2011;20,61;12,47;3211,59;;;;;Kentsel;Haftaici;3;2011
6.03.2011;49,41;19,18;6415,45;;;;;Kentsel;Haftasonu ;3;2011
5.03.2011;60,78;37,85;6831,88;;;;48,59;Kentsel;Haftasonu ;3;2011
4.03.2011;51,15;70,72;4066,36;;;;36,51;Kentsel;Haftaici;3;2011
3.03.2011;78,65;59,31;8206,69;;;;52,5;Kentsel;Haftaici;3;2011
2.03.2011;42,93;71,79;4282,09;;;;;Kentsel;Haftaici;3;2011
1.03.2011;37,97;35,8;3888,74;;;;30,98;Kentsel;Haftaici;3;2011
28.02.2011;32,35;20,07;3723,21;;;;25,1;Kentsel;Haftaici;2;2011
27.02.2011;38;20,59;4782,84;;;;25,39;Kentsel;Haftasonu ;2;2011
26.02.2011;26,46;12,42;3927,44;;;;;Kentsel;Haftasonu ;2;2011
25.02.2011;45,55;30,62;4120,5;;;;28,42;Kentsel;Haftaici;2;2011
24.02.2011;52,83;28,6;3723,61;;;;25,75;Kentsel;Haftaici;2;2011
23.02.2011;38,89;23,94;4747,38;;;;;Kentsel;Haftaici;2;2011
22.02.2011;20,54;19,84;318,49;;;;;Kentsel;Haftaici;2;2011
21.02.2011;27,21;37,23;395,3;;;;16,67;Kentsel;Haftaici;2;2011
20.02.2011;30,88;24,79;487,17;;;;17,69;Kentsel;Haftasonu ;2;2011
19.02.2011;37,17;10,18;784,76;;;;26,17;Kentsel;Haftasonu ;2;2011
18.02.2011;60,54;36,43;1131,18;;;;37,49;Kentsel;Haftaici;2;2011
17.02.2011;39,18;32,6;445,44;;;;26,33;Kentsel;Haftaici;2;2011
16.02.2011;50,46;22,21;617,56;;;;22,48;Kentsel;Haftaici;2;2011
15.02.2011;37,77;47,58;543,46;;;;;Kentsel;Haftaici;2;2011
14.02.2011;46,78;29,83;492,87;;;;28,62;Kentsel;Haftaici;2;2011
13.02.2011;42,04;34,2;573,91;;;;23,99;Kentsel;Haftasonu ;2;2011
12.02.2011;34,34;24,15;395,31;;;;23,45;Kentsel;Haftasonu ;2;2011
11.02.2011;53,24;28,24;702,73;;;;31,63;Kentsel;Haftaici;2;2011
10.02.2011;29,36;18,97;353,35;;;;20,07;Kentsel;Haftaici;2;2011
9.02.2011;61,71;51,34;639,08;;;;37,72;Kentsel;Haftaici;2;2011
8.02.2011;81,8;43,58;1162,24;;;;47,07;Kentsel;Haftaici;2;2011
7.02.2011;143,51;80,36;1507,65;;;;97,37;Kentsel;Haftaici;2;2011
6.02.2011;57,71;48,82;826,3;;;;37,87;Kentsel;Haftasonu ;2;2011
5.02.2011;77,16;48,7;761,21;;;;46,85;Kentsel;Haftasonu ;2;2011
4.02.2011;80,75;65,5;1032,97;;;;64,66;Kentsel;Haftaici;2;2011
3.02.2011;90,55;61,15;1225,13;;;;53,43;Kentsel;Haftaici;2;2011
2.02.2011;36,28;85,82;487,11;;;;22,24;Kentsel;Haftaici;2;2011
1.02.2011;51,74;43,22;741,18;;;;33,19;Kentsel;Haftaici;2;2011
31.01.2011;33,83;19,42;568,61;;;;20,69;Kentsel;Haftaici;1;2011
30.01.2011;20,52;13,69;609,81;;;;;Kentsel;Haftasonu ;1;2011
29.01.2011;23,01;15,28;537,41;;;;;Kentsel;Haftasonu ;1;2011
28.01.2011;66,8;48,06;822,69;;;;34,66;Kentsel;Haftaici;1;2011
27.01.2011;38,85;31,83;1134,09;47,5;63,95;15,96;;Kentsel;Haftaici;1;2011
26.01.2011;22,77;11,76;1001,2;40,41;51,02;10,12;;Kentsel;Haftaici;1;2011
25.01.2011;15,14;8,88;921,67;44,63;55,02;9,9;;Kentsel;Haftaici;1;2011
24.01.2011;10,6;15,45;914,58;38,42;49,9;11;;Kentsel;Haftaici;1;2011
23.01.2011;14,46;23,94;673,58;24,92;30,7;5,29;;Kentsel;Haftasonu ;1;2011
22.01.2011;66,12;55,53;1694,79;68,53;97,95;28,93;;Kentsel;Haftasonu ;1;2011
21.01.2011;228,17;57,42;3346,04;153,82;281,78;127,46;;Kentsel;Haftaici;1;2011
20.01.2011;84,41;40,82;1662,72;60,14;106,89;46,25;;Kentsel;Haftaici;1;2011
19.01.2011;52,21;36,87;1072,16;39,95;49,9;9,49;;Kentsel;Haftaici;1;2011
18.01.2011;61,58;85,84;1316,12;53,59;89,54;35,44;;Kentsel;Haftaici;1;2011
17.01.2011;41,59;39,58;1298,93;50,37;66,67;15,85;;Kentsel;Haftaici;1;2011
16.01.2011;62,54;56,23;1316,03;44,22;59,54;14,85;;Kentsel;Haftasonu ;1;2011
15.01.2011;58,08;108,86;1112,07;40,93;61,21;19,81;;Kentsel;Haftasonu ;1;2011
14.01.2011;75,48;25,92;1071,94;50,55;63,31;12,3;54,78;Kentsel;Haftaici;1;2011
13.01.2011;86,87;33,83;1435,71;48;66,81;18,36;;Kentsel;Haftaici;1;2011
12.01.2011;45,06;17,18;1022,68;43,8;56,09;11,81;39,43;Kentsel;Haftaici;1;2011
11.01.2011;60,69;31,46;1205,63;39,66;51,66;11,52;42,68;Kentsel;Haftaici;1;2011
10.01.2011;56,34;31,82;1134,22;50,65;69,93;18,83;38,95;Kentsel;Haftaici;1;2011
9.01.2011;62,86;;1102,85;54,87;71,99;16,63;36,72;Kentsel;Haftasonu ;1;2011
8.01.2011;74,32;;1525,91;64,98;104,43;38,99;48,8;Kentsel;Haftasonu ;1;2011
7.01.2011;28,41;;1085,26;35,46;44,47;8,54;19,16;Kentsel;Haftaici;1;2011
6.01.2011;43,7;;1284,15;44,02;60,58;16,14;27,13;Kentsel;Haftaici;1;2011
5.01.2011;34,36;;1132,8;40,3;52,7;11,93;;Kentsel;Haftaici;1;2011
4.01.2011;38,05;53,32;1195,32;44,75;62,65;17,45;24,99;Kentsel;Haftaici;1;2011
3.01.2011;31,45;26,33;939,59;39,17;49,81;10,12;22,51;Kentsel;Haftaici;1;2011
2.01.2011;96,4;36,98;1616,16;57,47;86,27;28,35;62,55;Kentsel;Haftasonu ;1;2011
1.01.2011;36,95;27,94;1016,97;38,29;49,03;10,23;25;Kentsel;Haftasonu ;1;2011
31.12.2010;46,89;21,89;1184,25;42,74;64;20,75;30,88;Kentsel;Haftaici;12;2010
30.12.2010;29,58;12,95;1185,36;43,18;62,07;18,47;24;Kentsel;Haftaici;12;2010
29.12.2010;108,5;55,31;1598,04;92,68;127,31;34,13;61,47;Kentsel;Haftaici;12;2010
28.12.2010;63,32;36,53;1050,99;57,63;76,1;18,01;29,48;Kentsel;Haftaici;12;2010
27.12.2010;196,02;90,98;3151,19;109,36;201,8;92;119,53;Kentsel;Haftaici;12;2010
26.12.2010;155,27;66,85;2916,56;89,02;167,73;78,23;103,09;Kentsel;Haftasonu ;12;2010
25.12.2010;89,8;38,54;1863,39;45,48;75,11;29,16;65,55;Kentsel;Haftasonu ;12;2010
24.12.2010;49,62;21,09;696,37;52,71;73,24;20,05;19,19;Kentsel;Haftaici;12;2010
23.12.2010;170,02;56,28;2758,95;137,05;250,24;112,72;90,75;Kentsel;Haftaici;12;2010
22.12.2010;123,64;66,4;2275,67;102,24;170,85;68,11;70,28;Kentsel;Haftaici;12;2010
21.12.2010;137,41;56,22;2713,73;70,82;126,79;55,5;99,77;Kentsel;Haftaici;12;2010
20.12.2010;;55,22;2286,44;85,49;145,7;59,77;73,19;Kentsel;Haftaici;12;2010
19.12.2010;;31,28;1323,2;66,37;101,13;34,29;34,58;Kentsel;Haftasonu ;12;2010
18.12.2010;;22,07;1342,05;46,74;71,75;24,51;36;Kentsel;Haftasonu ;12;2010
17.12.2010;52,16;26,66;1460,19;60,74;90,46;29,24;37,35;Kentsel;Haftaici;12;2010
16.12.2010;22,17;23,31;815,29;33,21;40,03;6,34;;Kentsel;Haftaici;12;2010
15.12.2010;59,52;31,46;901,32;51,66;67,28;15,1;;Kentsel;Haftaici;12;2010
14.12.2010;48,79;31,32;1471,04;87,12;129,15;41,54;;Kentsel;Haftaici;12;2010
13.12.2010;44,17;53,32;1222,97;62,56;82,34;19,31;31,07;Kentsel;Haftaici;12;2010
12.12.2010;26,57;12,5;1031,68;37,68;46,55;8,35;;Kentsel;Haftasonu ;12;2010
11.12.2010;16,19;9,32;939,39;28,76;35,53;6,25;;Kentsel;Haftasonu ;12;2010
10.12.2010;25,09;18,72;892,56;40,61;57,75;16,66;14,61;Kentsel;Haftaici;12;2010
9.12.2010;222,89;74,82;3528,5;153,64;282,66;128,57;151,25;Kentsel;Haftaici;12;2010
8.12.2010;204,82;72,79;3289,18;144,33;266,18;121,37;120,29;Kentsel;Haftaici;12;2010
7.12.2010;107,54;40,18;2024,65;58,54;92,51;33,5;66,48;Kentsel;Haftaici;12;2010
6.12.2010;52,38;34,6;1179,58;51,14;75,89;24,27;23,63;Kentsel;Haftaici;12;2010
5.12.2010;117,37;35,29;1588,84;85,39;134,41;48,54;69,09;Kentsel;Haftasonu ;12;2010
4.12.2010;82,92;34,38;1547,09;58,7;87,1;27,92;58,85;Kentsel;Haftasonu ;12;2010
3.12.2010;101,81;35,75;1885,32;86,91;135,64;48,22;59,52;Kentsel;Haftaici;12;2010
2.12.2010;206,86;57,3;3934,28;162,98;314,62;151,18;110,1;Kentsel;Haftaici;12;2010
1.12.2010;75,62;28,59;1113,46;85,3;119,93;34,13;42,48;Kentsel;Haftaici;12;2010
30.11.2010;120,07;33,48;2624,69;100,78;189,65;88,41;65,97;Kentsel;Haftaici;11;2010
29.11.2010;75,26;16,26;704,9;52,2;65,99;13,32;31,62;Kentsel;Haftaici;11;2010
28.11.2010;81,21;21,71;2101,66;66,6;122,73;55,66;49,32;Kentsel;Haftasonu ;11;2010
27.11.2010;19,04;13,72;741,12;31,48;38,53;6,54;12,96;Kentsel;Haftasonu ;11;2010
26.11.2010;19,95;12,25;751,12;29,15;37,76;8,11;;Kentsel;Haftaici;11;2010
25.11.2010;26,25;10,98;996,51;44,24;58,63;13,91;16,79;Kentsel;Haftaici;11;2010
24.11.2010;19,17;13,13;976,9;46,68;57,22;10,08;;Kentsel;Haftaici;11;2010
23.11.2010;135,25;45,24;1820,71;79,03;116,26;36,61;90,37;Kentsel;Haftaici;11;2010
22.11.2010;;46,26;1314,36;74,33;122,93;48,08;106,58;Kentsel;Haftaici;11;2010
21.11.2010;;75,22;984,98;77,73;125,09;46,89;64,63;Kentsel;Haftasonu ;11;2010
20.11.2010;;36,15;2599,4;105,85;230,3;123,95;80,63;Kentsel;Haftasonu ;11;2010
19.11.2010;;52,05;2060,39;83,91;152,94;68,55;75,93;Kentsel;Haftaici;11;2010
18.11.2010;;48,31;1761,3;70,04;133,92;63,36;57,31;Kentsel;Haftaici;11;2010
17.11.2010;;33,73;1115,01;45,87;70,32;23,95;54,76;Kentsel;Haftaici;11;2010
16.11.2010;;41,16;1465,21;55,51;89,64;33,64;51,09;Kentsel;Haftaici;11;2010
15.11.2010;;44,12;1567,42;67,94;105,33;36,92;69,56;Kentsel;Haftaici;11;2010
14.11.2010;;50,67;2137,92;99,68;177,55;77,39;77,91;Kentsel;Haftasonu ;11;2010
13.11.2010;;76,61;3176;129,56;260,04;130,03;119,06;Kentsel;Haftasonu ;11;2010
12.11.2010;;69,43;2316,08;111,69;195,25;83,07;93,08;Kentsel;Haftaici;11;2010
11.11.2010;;83,43;2273,36;122,43;217,89;94,98;81,7;Kentsel;Haftaici;11;2010
10.11.2010;;43,77;1380,65;67,27;114,48;46,76;57,64;Kentsel;Haftaici;11;2010
9.11.2010;;53,39;1760,07;87,68;141,06;52,91;68,46;Kentsel;Haftaici;11;2010
8.11.2010;;55,19;2601,38;121,23;212,96;91,26;103,34;Kentsel;Haftaici;11;2010
7.11.2010;;62,01;2494,45;97,5;174,47;76,51;108,18;Kentsel;Haftasonu ;11;2010
6.11.2010;;65,57;2865,62;122,69;227,8;104,6;97,75;Kentsel;Haftasonu ;11;2010
5.11.2010;;81,52;3412,53;146,11;269,47;122,88;108,01;Kentsel;Haftaici;11;2010
4.11.2010;;60,04;2713,11;134,04;247,71;113,19;103,16;Kentsel;Haftaici;11;2010
3.11.2010;;62,32;3281,38;152,35;276,79;123,95;104,14;Kentsel;Haftaici;11;2010
2.11.2010;181,34;64,65;3257,6;170,6;312,27;141,18;110,23;Kentsel;Haftaici;11;2010
1.11.2010;142,77;61,15;2774,52;132,37;243,43;110,59;91,64;Kentsel;Haftaici;11;2010
31.10.2010;74,56;24,44;1393,73;49,36;72,96;23,13;48,4;Kentsel;Haftasonu ;10;2010
30.10.2010;53,98;17,63;1237,99;48,79;86,1;36,82;44,53;Kentsel;Haftasonu ;10;2010
29.10.2010;15,25;20,31;365,98;22,28;27,26;4,46;;Kentsel;Haftaici;10;2010
28.10.2010;30,72;12,59;939,58;49,81;68,52;18,24;;Kentsel;Haftaici;10;2010
27.10.2010;125,99;27,75;909,85;83,01;121,06;37,59;;Kentsel;Haftaici;10;2010
26.10.2010;124,33;26,82;2019,9;76,86;139,95;62,64;;Kentsel;Haftaici;10;2010
25.10.2010;110,77;28,65;2004,62;68,3;129,74;60,97;;Kentsel;Haftaici;10;2010
24.10.2010;62,63;12,82;;41,18;54,54;12,89;;Kentsel;Haftasonu ;10;2010
23.10.2010;43,14;9,1;;34,9;45,95;10,59;;Kentsel;Haftasonu ;10;2010
22.10.2010;26,19;13,23;;47,61;62,77;14,68;;Kentsel;Haftaici;10;2010
21.10.2010;61,06;8,72;;49,28;95,24;45,47;;Kentsel;Haftaici;10;2010
20.10.2010;24,42;4,28;;36,21;51,76;15,01;;Kentsel;Haftaici;10;2010
19.10.2010;41,42;7,69;;45,64;65,47;19,4;;Kentsel;Haftaici;10;2010
18.10.2010;30,5;15,25;;42,23;55,08;12,35;;Kentsel;Haftaici;10;2010
17.10.2010;63,86;10,4;;38,39;71,76;32,87;;Kentsel;Haftasonu ;10;2010
16.10.2010;43,56;5,03;;62,3;107,65;44,87;;Kentsel;Haftasonu ;10;2010
15.10.2010;57,45;8,59;;46,36;82,51;35,63;;Kentsel;Haftaici;10;2010
14.10.2010;28,31;8,26;;46,47;72,73;25,82;;Kentsel;Haftaici;10;2010
13.10.2010;37,73;8,68;;50,7;80,33;29,17;;Kentsel;Haftaici;10;2010
12.10.2010;53,57;17,82;;77,31;106,47;28,7;;Kentsel;Haftaici;10;2010
11.10.2010;45,05;21,38;;55,27;85,18;29,42;;Kentsel;Haftaici;10;2010
10.10.2010;48,09;11,87;;50,57;82,5;31,46;;Kentsel;Haftasonu ;10;2010
9.10.2010;14,67;10,09;;28,05;33,88;5,28;;Kentsel;Haftasonu ;10;2010
8.10.2010;50,55;7,12;;48,61;76,25;27,13;;Kentsel;Haftaici;10;2010
7.10.2010;20,65;4,72;;39,89;51,9;11,53;;Kentsel;Haftaici;10;2010
6.10.2010;47,88;9,31;;40,72;47,73;6,53;;Kentsel;Haftaici;10;2010
5.10.2010;44,39;9,35;;46,98;61,77;14,23;;Kentsel;Haftaici;10;2010
4.10.2010;29,47;4,91;;33,61;44,93;10,8;;Kentsel;Haftaici;10;2010
3.10.2010;13,38;14,13;;18,31;23,01;4,15;;Kentsel;Haftasonu ;10;2010
2.10.2010;27,59;10,54;;23,65;27,82;3,65;;Kentsel;Haftasonu ;10;2010
1.10.2010;39,34;11,61;;40,89;51,75;10,36;;Kentsel;Haftaici;10;2010
30.09.2010;21,34;10,07;;32,32;38,1;5,31;;Kentsel;Haftaici;9;2010
29.09.2010;75,88;12,51;;51,59;74,09;22,05;;Kentsel;Haftaici;9;2010
28.09.2010;32,87;17,73;;32,46;39,68;6,7;;Kentsel;Haftaici;9;2010
27.09.2010;72,98;12,92;;49,35;64,68;14,88;;Kentsel;Haftaici;9;2010
26.09.2010;65,95;13,98;453,96;49,07;70,33;20,78;;Kentsel;Haftasonu ;9;2010
25.09.2010;61,98;11,68;791,66;53,32;79,6;25,8;;Kentsel;Haftasonu ;9;2010
24.09.2010;42,17;7,42;465,69;36,85;48,02;10,67;;Kentsel;Haftaici;9;2010
23.09.2010;25,75;3,37;347,01;26,29;30,91;4,04;;Kentsel;Haftaici;9;2010
22.09.2010;38,15;6,32;405,23;28,96;36,79;7,33;;Kentsel;Haftaici;9;2010
21.09.2010;45,08;6,9;269,75;30,16;34,67;4,03;;Kentsel;Haftaici;9;2010
20.09.2010;82,01;11;1034,78;75,51;118,95;42,96;;Kentsel;Haftaici;9;2010
19.09.2010;48,28;9,73;678,68;43,44;61,21;17,25;;Kentsel;Haftasonu ;9;2010
18.09.2010;47,02;15,4;440,23;44,13;58,18;13,55;;Kentsel;Haftasonu ;9;2010
17.09.2010;43,36;9,8;318,92;35,26;43,06;7,31;;Kentsel;Haftaici;9;2010
16.09.2010;70,25;10,42;707,21;53,39;74,7;20,86;;Kentsel;Haftaici;9;2010
15.09.2010;56,6;11,98;567,4;46,38;66,01;19,14;;Kentsel;Haftaici;9;2010
14.09.2010;27,12;12,61;241,85;22,88;27,15;3,77;;Kentsel;Haftaici;9;2010
13.09.2010;21,72;7,75;163,48;15,05;19,04;3,54;;Kentsel;Haftaici;9;2010
12.09.2010;27,4;10,91;150,07;22,74;26,89;3,65;;Kentsel;Haftasonu ;9;2010
11.09.2010;24,99;6,07;311,36;27,09;33,46;5,92;;Kentsel;Haftasonu ;9;2010
10.09.2010;19,21;7,12;313,71;20,48;25,8;4,87;;Kentsel;Haftaici;9;2010
9.09.2010;20,77;7,82;252,47;21,31;26;4,22;;Kentsel;Haftaici;9;2010
8.09.2010;28,26;5,76;421,41;29,51;35,62;5,63;;Kentsel;Haftaici;9;2010
7.09.2010;27,32;6,69;289,54;19,99;24,15;3,57;;Kentsel;Haftaici;9;2010
6.09.2010;36,52;6,95;251,54;21,96;26,05;3,64;;Kentsel;Haftaici;9;2010
5.09.2010;39,59;9,98;175,62;24,36;28,35;3,46;;Kentsel;Haftasonu ;9;2010
4.09.2010;46,81;;766,25;39,33;58,69;18,84;;Kentsel;Haftasonu ;9;2010
3.09.2010;24,83;;388,93;25,17;30,01;4,27;;Kentsel;Haftaici;9;2010
2.09.2010;17,64;13,34;237,46;25,93;33,23;6,86;;Kentsel;Haftaici;9;2010
1.09.2010;46,26;10,86;176,91;22,59;26,74;3,61;;Kentsel;Haftaici;9;2010
31.08.2010;56,91;11,34;358,49;35,31;41,72;5,92;;Kentsel;Haftaici;8;2010
30.08.2010;51,86;9,04;579,47;34,2;48,2;13,47;;Kentsel;Haftaici;8;2010
29.08.2010;46,92;12,38;563,36;35,26;49,43;13,65;;Kentsel;Haftasonu ;8;2010
28.08.2010;48,76;11,3;633,81;34,53;50,17;15,14;;Kentsel;Haftasonu ;8;2010
27.08.2010;34,98;10,36;406,55;27,01;34,35;6,91;;Kentsel;Haftaici;8;2010
26.08.2010;22,95;0,25;223,77;17,45;21,69;3,78;;Kentsel;Haftaici;8;2010
25.08.2010;32,78;12,14;258,5;41,22;45,65;3,99;;Kentsel;Haftaici;8;2010
24.08.2010;49,51;7,54;486,36;54,08;63,31;8,73;;Kentsel;Haftaici;8;2010
23.08.2010;30,52;3,66;440,38;43,83;51,01;6,75;;Kentsel;Haftaici;8;2010
22.08.2010;13,8;3,15;224,98;25,46;29,62;3,64;;Kentsel;Haftasonu ;8;2010
21.08.2010;18,32;5,52;201,8;27,07;31,32;3,74;;Kentsel;Haftasonu ;8;2010
20.08.2010;37,7;12,28;220,48;30,8;35,26;3,93;;Kentsel;Haftaici;8;2010
19.08.2010;40,18;7,95;336,28;40,31;44,9;4,11;;Kentsel;Haftaici;8;2010
18.08.2010;45,69;8,16;297,07;35,65;39,86;3,71;;Kentsel;Haftaici;8;2010
17.08.2010;47,71;7,44;583,31;53,61;61,43;7,33;;Kentsel;Haftaici;8;2010
16.08.2010;35,16;3,71;320,26;31,63;35,76;3,61;;Kentsel;Haftaici;8;2010
15.08.2010;32,55;7,49;344,18;27,89;31,98;3,63;;Kentsel;Haftasonu ;8;2010
14.08.2010;30,21;6,62;249,45;33,88;37,81;3,45;;Kentsel;Haftasonu ;8;2010
13.08.2010;34,46;11,04;298,2;45,85;50,96;4,61;;Kentsel;Haftaici;8;2010
12.08.2010;41,67;21,01;324;41,43;45,92;4,01;;Kentsel;Haftaici;8;2010
11.08.2010;30,52;10,71;222,98;33,68;37,74;3,52;;Kentsel;Haftaici;8;2010
10.08.2010;35,69;8,01;325,88;38,17;42,36;3,7;;Kentsel;Haftaici;8;2010
9.08.2010;41,74;15,41;312,23;38,56;42,68;3,63;;Kentsel;Haftaici;8;2010
8.08.2010;53,93;7,58;393,99;45,81;51,08;4,73;;Kentsel;Haftasonu ;8;2010
7.08.2010;60,61;11,07;504,61;53,72;61,07;6,85;;Kentsel;Haftasonu ;8;2010
6.08.2010;65,28;7,69;436,14;52,19;57,98;5,29;;Kentsel;Haftaici;8;2010
5.08.2010;101,57;8,2;393,15;46,16;51,07;4,45;;Kentsel;Haftaici;8;2010
4.08.2010;73,16;12,13;641,91;62,81;79,46;16,16;;Kentsel;Haftaici;8;2010
3.08.2010;57,4;9,47;533,69;53,08;60,57;6,99;32,69;Kentsel;Haftaici;8;2010
2.08.2010;50,79;10,93;232,6;34,4;38,82;3,91;29,26;Kentsel;Haftaici;8;2010
1.08.2010;73,24;11,11;625,16;50,04;60,58;10,08;32,54;Kentsel;Haftasonu ;8;2010
31.07.2010;59,65;3,61;404,24;41,36;47,41;5,58;25,94;Kentsel;Haftasonu ;7;2010
30.07.2010;40,31;5,53;336,47;32,24;36,8;4,06;22,52;Kentsel;Haftaici;7;2010
29.07.2010;34,29;8,34;232,66;26,78;31,21;3,93;22,25;Kentsel;Haftaici;7;2010
28.07.2010;45,59;4,89;198,81;29,35;33,54;3,7;27,59;Kentsel;Haftaici;7;2010
27.07.2010;54,91;8;310,01;40,35;45,68;4,87;31,17;Kentsel;Haftaici;7;2010
26.07.2010;38,24;7,4;145,57;37,59;41,95;3,86;20,07;Kentsel;Haftaici;7;2010
25.07.2010;41,7;8,44;496,97;40,56;46,77;5,74;22,99;Kentsel;Haftasonu ;7;2010
24.07.2010;21,67;8,36;240,63;30,16;34,45;3,77;12,23;Kentsel;Haftasonu ;7;2010
23.07.2010;30,3;5,22;239,31;30,94;35,3;3,85;16,21;Kentsel;Haftaici;7;2010
22.07.2010;26,36;4,21;233,02;31,26;35,65;3,88;15,27;Kentsel;Haftaici;7;2010
21.07.2010;31,25;8,04;286,66;34,67;38,95;3,76;21,96;Kentsel;Haftaici;7;2010
20.07.2010;32,99;6,88;317,9;37,77;42,22;3,94;18,85;Kentsel;Haftaici;7;2010
19.07.2010;29,51;6,87;243,69;33,19;37,48;3,84;14,96;Kentsel;Haftaici;7;2010
18.07.2010;18,51;6,08;234,33;29,46;33,77;3,79;10,74;Kentsel;Haftasonu ;7;2010
17.07.2010;21,43;4,78;253,44;31,53;36;3,97;12,36;Kentsel;Haftasonu ;7;2010
16.07.2010;22,2;7,53;242,6;31,38;35,82;3,94;11,66;Kentsel;Haftaici;7;2010
15.07.2010;21,05;12,52;348,56;32,69;37,07;3,83;11,53;Kentsel;Haftaici;7;2010
14.07.2010;21,26;4,55;308,99;33,63;37,97;3,82;13,37;Kentsel;Haftaici;7;2010
13.07.2010;39,55;9,47;256,65;31,51;35,79;3,76;22,93;Kentsel;Haftaici;7;2010
12.07.2010;43,61;8,34;306,82;36,39;40,77;3,9;25,45;Kentsel;Haftaici;7;2010
11.07.2010;42,47;17,83;339,18;35,83;40,19;3,88;29,94;Kentsel;Haftasonu ;7;2010
10.07.2010;35,81;12,37;286,7;41,07;45,98;4,41;25,91;Kentsel;Haftasonu ;7;2010
9.07.2010;42,21;12,32;256,38;41,2;45,74;4,06;32,52;Kentsel;Haftaici;7;2010
8.07.2010;31,87;4,97;456,32;48,38;53,43;4,5;18,25;Kentsel;Haftaici;7;2010
7.07.2010;34,91;13,23;290,45;46,5;51,43;4,45;21,03;Kentsel;Haftaici;7;2010
6.07.2010;35,11;7,96;228,71;37,67;41,93;3,7;25,56;Kentsel;Haftaici;7;2010
5.07.2010;26,98;10,09;244,5;39,98;44,19;3,74;17,81;Kentsel;Haftaici;7;2010
4.07.2010;31,43;5,21;345,96;36,71;40,88;3,66;20,06;Kentsel;Haftasonu ;7;2010
3.07.2010;26,47;3,65;;43,24;47,71;4,02;15,15;Kentsel;Haftasonu ;7;2010
2.07.2010;23,59;10,52;375,9;42,02;46,49;3,99;20,3;Kentsel;Haftaici;7;2010
1.07.2010;31,9;22,26;167,13;41,55;45,71;3,7;24,73;Kentsel;Haftaici;7;2010
30.06.2010;34,73;11,95;408,84;53,42;58,13;4,25;23,89;Kentsel;Haftaici;6;2010
29.06.2010;20,83;9,9;225,47;44,64;48,78;3,72;12,98;Kentsel;Haftaici;6;2010
28.06.2010;27,09;6,57;484,61;66,05;72,47;5,97;16,68;Kentsel;Haftaici;6;2010
27.06.2010;23;10,04;305,17;56,33;60,59;3,81;15,14;Kentsel;Haftasonu ;6;2010
26.06.2010;25,15;13,29;394,55;49,99;54,83;4,39;16,17;Kentsel;Haftasonu ;6;2010
25.06.2010;19,45;15,2;300,72;53,14;58,94;5,4;10,57;Kentsel;Haftaici;6;2010
24.06.2010;18,15;24,87;219,73;40,8;45,67;4,39;10,76;Kentsel;Haftaici;6;2010
23.06.2010;20,45;9,69;179,75;44,15;48,71;4,14;11,26;Kentsel;Haftaici;6;2010
22.06.2010;38,53;12,64;165,19;55,39;60,01;4,16;20,59;Kentsel;Haftaici;6;2010
21.06.2010;40,72;12,23;523,26;67,7;79,95;11,77;20,36;Kentsel;Haftaici;6;2010
20.06.2010;23,64;6,51;255,37;50,76;54,74;3,55;12,1;Kentsel;Haftasonu ;6;2010
19.06.2010;34,31;8,64;409,26;60,79;66,44;5,18;16,91;Kentsel;Haftasonu ;6;2010
18.06.2010;20,31;5,06;298,89;50,54;54,8;3,83;10,49;Kentsel;Haftaici;6;2010
17.06.2010;25,1;6,31;247,75;39,96;44,21;3,77;17,18;Kentsel;Haftaici;6;2010
16.06.2010;31,8;4,63;189,69;21,22;24,59;3,36;19,97;Kentsel;Haftaici;6;2010
15.06.2010;50,64;6,14;341,13;25,74;30,51;4,77;;Kentsel;Haftaici;6;2010
14.06.2010;55,5;5,5;219,92;23,95;27,48;3,53;40,47;Kentsel;Haftaici;6;2010
12.06.2010;48,52;6,72;911,63;39,22;62,52;23,3;;Kentsel;Haftasonu ;6;2010
11.06.2010;30,72;7,36;593,26;;;;16,37;Kentsel;Haftaici;6;2010
10.06.2010;22,29;7,6;357,7;;;;12,95;Kentsel;Haftaici;6;2010
9.06.2010;32,69;9,24;346,62;;;;15,9;Kentsel;Haftaici;6;2010
8.06.2010;27,24;20,24;389,34;;;;22,31;Kentsel;Haftaici;6;2010
7.06.2010;28,04;9,35;289,24;;;;18,21;Kentsel;Haftaici;6;2010
6.06.2010;39,03;10,04;475,79;;;;26;Kentsel;Haftasonu ;6;2010
5.06.2010;48,89;8,34;270,81;;;;28,04;Kentsel;Haftasonu ;6;2010
4.06.2010;66,61;6,73;367,64;;;;35,65;Kentsel;Haftaici;6;2010
3.06.2010;61,86;13,06;277,15;;;;36,39;Kentsel;Haftaici;6;2010
2.06.2010;44,7;13,12;226,52;;;;26,24;Kentsel;Haftaici;6;2010
1.06.2010;40,69;15,85;640,71;;;;22,61;Kentsel;Haftaici;6;2010
31.05.2010;33,37;9,87;191,32;;;;19,85;Kentsel;Haftaici;5;2010
30.05.2010;37,74;18,4;329,53;;;;22,38;Kentsel;Haftasonu ;5;2010
29.05.2010;30,56;10,36;303,87;;;;13,74;Kentsel;Haftasonu ;5;2010
28.05.2010;25,43;7,84;458,81;;;;18,03;Kentsel;Haftaici;5;2010
27.05.2010;32,56;10,42;278,89;;;;17,48;Kentsel;Haftaici;5;2010
26.05.2010;40,2;23,61;729,93;;;;28,78;Kentsel;Haftaici;5;2010
25.05.2010;28,88;9,92;476,7;;;;16,09;Kentsel;Haftaici;5;2010
24.05.2010;40,87;24,79;402,17;;;;22,28;Kentsel;Haftaici;5;2010
23.05.2010;16,28;5,67;361,57;;;;13,67;Kentsel;Haftasonu ;5;2010
22.05.2010;24,13;7,49;;;;;;Kentsel;Haftasonu ;5;2010
21.05.2010;25,24;9,72;281,2;;;;;Kentsel;Haftaici;5;2010
20.05.2010;22,09;12;332,22;;;;15,17;Kentsel;Haftaici;5;2010
19.05.2010;22,79;11,49;405,04;;;;11,66;Kentsel;Haftaici;5;2010
18.05.2010;28,87;18,64;198,74;;;;16,12;Kentsel;Haftaici;5;2010
17.05.2010;21,36;6,46;293,56;;;;12,56;Kentsel;Haftaici;5;2010
16.05.2010;108,82;6,89;238,45;;;;50,21;Kentsel;Haftasonu ;5;2010
15.05.2010;49,2;11,11;284,15;;;;27;Kentsel;Haftasonu ;5;2010
14.05.2010;88,33;3,88;354,2;;;;39,8;Kentsel;Haftaici;5;2010
13.05.2010;52,61;16,43;545,12;40,14;67,93;28,79;28,63;Kentsel;Haftaici;5;2010
12.05.2010;31,27;16,25;466,64;36,24;60,07;24,87;24,97;Kentsel;Haftaici;5;2010
11.05.2010;27,74;10,38;359,91;43,51;49,04;6,53;19,2;Kentsel;Haftaici;5;2010
10.05.2010;18,71;17,39;230,7;34,62;38,26;4,64;15,94;Kentsel;Haftaici;5;2010
9.05.2010;72,87;15,55;559,26;46,88;62,48;16,6;36,34;Kentsel;Haftasonu ;5;2010
8.05.2010;36,84;15,55;298,53;39,03;44,76;6,73;22,37;Kentsel;Haftasonu ;5;2010
7.05.2010;53,29;11,65;312,08;48,08;57,03;9,95;28,66;Kentsel;Haftaici;5;2010
6.05.2010;43,46;28,63;627,96;40,72;76,6;36,88;27,25;Kentsel;Haftaici;5;2010
5.05.2010;37,26;32,2;355,93;40,83;51,06;11,23;23,28;Kentsel;Haftaici;5;2010
4.05.2010;33,91;23,07;355,25;37,95;42,8;5,85;23,85;Kentsel;Haftaici;5;2010
3.05.2010;32,68;16,57;374,1;41,94;49,18;8,25;22,3;Kentsel;Haftaici;5;2010
2.05.2010;30,69;16,75;310,48;34,43;37,83;4,39;20,65;Kentsel;Haftasonu ;5;2010
1.05.2010;24,9;22,39;540,91;33,8;47,82;15,01;20,36;Kentsel;Haftasonu ;5;2010
30.04.2010;16,63;11,09;413,86;31,18;35,88;5,7;12,15;Kentsel;Haftaici;4;2010
29.04.2010;19,76;9,81;371,28;28,88;32,07;4,19;14,19;Kentsel;Haftaici;4;2010
28.04.2010;29,05;10,18;404,71;37,21;44,6;8,39;19,01;Kentsel;Haftaici;4;2010
27.04.2010;27,33;7,25;437,46;35,77;39,41;4,64;17,19;Kentsel;Haftaici;4;2010
26.04.2010;19,54;9,22;351,89;34,01;37,18;4,18;14,89;Kentsel;Haftaici;4;2010
25.04.2010;34,38;17,57;378,71;42,79;45,97;4,18;19,87;Kentsel;Haftasonu ;4;2010
24.04.2010;39,83;15,04;816,03;40,31;76,85;37,55;29,5;Kentsel;Haftasonu ;4;2010
23.04.2010;44,46;9,16;729,41;46,61;78,52;32,9;28,66;Kentsel;Haftaici;4;2010
22.04.2010;27,47;9,37;486,7;33,11;37,72;5,61;25,21;Kentsel;Haftaici;4;2010
21.04.2010;11,77;10,41;205,72;31,5;34,04;3,54;12,14;Kentsel;Haftaici;4;2010
20.04.2010;46,31;10,26;449,24;50,52;59,77;10,24;22,54;Kentsel;Haftaici;4;2010
19.04.2010;43,2;14,52;457,03;43,57;52,76;10,19;26,51;Kentsel;Haftaici;4;2010
18.04.2010;23,73;16,38;469,27;41,05;46,28;6,23;15,92;Kentsel;Haftasonu ;4;2010
17.04.2010;37,93;19,4;340,39;43,57;47,85;5,28;20,61;Kentsel;Haftasonu ;4;2010
16.04.2010;47,81;17,69;637,62;49;75,16;27,16;28,06;Kentsel;Haftaici;4;2010
15.04.2010;40,93;22,53;992,51;48,45;92,33;45,02;31,16;Kentsel;Haftaici;4;2010
14.04.2010;28,08;12,58;385,24;43,56;49,35;6,79;18,86;Kentsel;Haftaici;4;2010
13.04.2010;34,45;13,61;599,3;49,61;73,65;25,05;26,5;Kentsel;Haftaici;4;2010
12.04.2010;13,14;11,31;468,45;39,23;43,06;4,83;15,87;Kentsel;Haftaici;4;2010
11.04.2010;28,19;15,4;537,75;42,07;46,06;4,99;25,46;Kentsel;Haftasonu ;4;2010
10.04.2010;29,17;13,17;580,02;48,9;71,56;23,65;23,51;Kentsel;Haftasonu ;4;2010
9.04.2010;16,58;8,23;388,71;52,8;57,17;5,37;11,79;Kentsel;Haftaici;4;2010
8.04.2010;38,36;10,47;482,13;64,61;73,22;9,61;17,86;Kentsel;Haftaici;4;2010
7.04.2010;14,39;11,07;425,45;339,64;346,91;8,26;;Kentsel;Haftaici;4;2010
6.04.2010;31,58;13,68;318,44;556,81;565,83;10,02;;Kentsel;Haftaici;4;2010
5.04.2010;41,04;14,58;801,76;;;;;Kentsel;Haftaici;4;2010
4.04.2010;25,87;12,68;598,85;;;;;Kentsel;Haftasonu ;4;2010
3.04.2010;22,49;12,68;447,56;;;;;Kentsel;Haftasonu ;4;2010
2.04.2010;31,75;14,49;408,76;;;;;Kentsel;Haftaici;4;2010
1.04.2010;42,73;12,82;480,48;47,56;61,51;14,96;;Kentsel;Haftaici;4;2010
31.03.2010;44,15;13,79;823,19;64,56;91,05;27,49;;Kentsel;Haftaici;3;2010
30.03.2010;22,98;7,3;555,43;45,55;62,62;18,07;;Kentsel;Haftaici;3;2010
29.03.2010;17,91;11,38;510,46;40,78;49,02;9,25;;Kentsel;Haftaici;3;2010
28.03.2010;52,76;18,56;270,41;38,74;42,24;4,5;;Kentsel;Haftasonu ;3;2010
27.03.2010;56,39;21,08;1007,62;61,32;121,8;61,52;;Kentsel;Haftasonu ;3;2010
26.03.2010;30,49;13,5;531,38;43,86;49,61;6,75;;Kentsel;Haftaici;3;2010
25.03.2010;57,49;25,12;566;62,41;85,32;23,91;;Kentsel;Haftaici;3;2010
24.03.2010;80,17;28,72;1104,74;82,2;138,67;57,51;;Kentsel;Haftaici;3;2010
23.03.2010;49,31;27,23;872,68;65,78;79,56;14,78;;Kentsel;Haftaici;3;2010
22.03.2010;59,49;41,15;1491,23;71,85;182,72;111,88;;Kentsel;Haftaici;3;2010
21.03.2010;64,84;26,29;1481,72;76,19;176,41;101,21;;Kentsel;Haftasonu ;3;2010
20.03.2010;52,27;28,28;1082,51;75,49;151,66;77,27;;Kentsel;Haftasonu ;3;2010
19.03.2010;54,54;23,02;984,99;69,6;92,07;23,47;;Kentsel;Haftaici;3;2010
18.03.2010;25,07;11,84;588,61;40,79;47,37;7,58;;Kentsel;Haftaici;3;2010
17.03.2010;27,01;11,5;387,71;42,88;49,74;7,92;;Kentsel;Haftaici;3;2010
16.03.2010;19,78;14,09;507,7;49,47;62,56;14,08;;Kentsel;Haftaici;3;2010
15.03.2010;24,32;7,15;363,02;38,64;45,83;8,46;;Kentsel;Haftaici;3;2010
14.03.2010;31,07;11,54;537,34;22,09;29,98;8,92;;Kentsel;Haftasonu ;3;2010
13.03.2010;37,79;11,78;1060,3;9,53;53,11;60,74;;Kentsel;Haftasonu ;3;2010
12.03.2010;69,46;16,31;511,21;16,94;32,03;19,03;;Kentsel;Haftaici;3;2010
11.03.2010;95,95;19,24;1775,69;;93,38;;;Kentsel;Haftaici;3;2010
10.03.2010;64,23;17,87;882,58;23,09;37,92;15,92;;Kentsel;Haftaici;3;2010
9.03.2010;117,51;13,86;627,55;29,78;38,52;9,73;;Kentsel;Haftaici;3;2010
8.03.2010;58,36;8,49;1125,63;;;;;Kentsel;Haftaici;3;2010
7.03.2010;25,61;13,08;563,12;16,44;24,93;9,95;11,6;Kentsel;Haftasonu ;3;2010
6.03.2010;13,1;10,37;464,67;17,42;20,77;4,48;6,27;Kentsel;Haftasonu ;3;2010
5.03.2010;27,66;10,04;648,84;19,72;28,61;9,92;15,66;Kentsel;Haftaici;3;2010
4.03.2010;47,2;15,17;819,91;15,73;42;29,95;18,97;Kentsel;Haftaici;3;2010
3.03.2010;15,96;3,31;377,29;13,86;14,37;1,5;13,25;Kentsel;Haftaici;3;2010
2.03.2010;45,23;10,98;512,71;23,59;29,65;7,07;10,64;Kentsel;Haftaici;3;2010
1.03.2010;58,18;15,53;837,06;;;;23,38;Kentsel;Haftaici;3;2010
28.02.2010;30,24;14,74;683,78;15,95;23,6;8,97;12,4;Kentsel;Haftasonu ;2;2010
27.02.2010;33,67;9,05;721,67;21,56;33,21;12,86;15,74;Kentsel;Haftasonu ;2;2010
26.02.2010;53,9;14,25;1180,17;;;;34,06;Kentsel;Haftaici;2;2010
25.02.2010;53,67;8,04;1599,54;;;;41,32;Kentsel;Haftaici;2;2010
24.02.2010;44,08;14,5;928,16;;;;23,73;Kentsel;Haftaici;2;2010
23.02.2010;30,9;13,79;528,65;17,75;27,85;12,04;14,24;Kentsel;Haftaici;2;2010
22.02.2010;30,02;8,23;926,09;11,43;25,32;16,01;18,67;Kentsel;Haftaici;2;2010
21.02.2010;33,12;6,52;517,17;13,96;17,21;4,26;11,54;Kentsel;Haftasonu ;2;2010
20.02.2010;96,34;26,94;783,81;18,53;41,21;24,61;49,82;Kentsel;Haftasonu ;2;2010
19.02.2010;53,46;14,37;982,67;;;;22,05;Kentsel;Haftaici;2;2010
18.02.2010;75,85;19,94;638,65;18,45;34,58;18,28;33,7;Kentsel;Haftaici;2;2010
17.02.2010;114,94;28,76;1616,77;;;;60,32;Kentsel;Haftaici;2;2010
16.02.2010;38,56;13,24;1066,48;;;;24,95;Kentsel;Haftaici;2;2010
15.02.2010;77,19;4,77;429,57;12,84;18;6,33;36,68;Kentsel;Haftaici;2;2010
14.02.2010;65,66;15,87;421,12;14,87;22,92;9,16;31,79;Kentsel;Haftasonu ;2;2010
13.02.2010;76,02;14,99;276,14;11,77;14,66;3,9;34,64;Kentsel;Haftasonu ;2;2010
12.02.2010;63,46;11,32;1233,94;;;;36,26;Kentsel;Haftaici;2;2010
11.02.2010;34,23;18,09;414,28;14,26;22,86;10,64;14,39;Kentsel;Haftaici;2;2010
10.02.2010;26,15;14,69;486,71;22,45;30,64;9,38;12,65;Kentsel;Haftaici;2;2010
9.02.2010;43,56;10,51;1534,86;17,36;61,58;48,11;41,57;Kentsel;Haftaici;2;2010
8.02.2010;18,22;7,61;327,27;13,22;18,02;6,67;9,72;Kentsel;Haftaici;2;2010
7.02.2010;22,99;20,65;401,72;17,77;21,45;4,69;17,1;Kentsel;Haftasonu ;2;2010
6.02.2010;34,17;10,96;599,35;26,74;39,48;14,53;18,38;Kentsel;Haftasonu ;2;2010
5.02.2010;30,05;7,69;610,08;;;;24,15;Kentsel;Haftaici;2;2010
4.02.2010;24,38;8,94;465,96;;;;14,09;Kentsel;Haftaici;2;2010
3.02.2010;29,01;;854,27;;;;11,86;Kentsel;Haftaici;2;2010
2.02.2010;12,32;10,51;692,91;;;;6,29;Kentsel;Haftaici;2;2010
1.02.2010;19,78;13,23;829,29;;;;7,92;Kentsel;Haftaici;2;2010
31.01.2010;63,4;4,87;1278,99;;;;39,84;Kentsel;Haftasonu ;1;2010
30.01.2010;38,65;17,62;1181,61;;;;23,89;Kentsel;Haftasonu ;1;2010
29.01.2010;14,47;14,24;859,99;;;;11,66;Kentsel;Haftaici;1;2010
28.01.2010;109,46;10,93;2159,29;;;;91,28;Kentsel;Haftaici;1;2010
27.01.2010;82,05;20,86;1484,31;;;;57,87;Kentsel;Haftaici;1;2010
26.01.2010;43,03;6,07;1212,98;43,37;55,06;11,77;29,47;Kentsel;Haftaici;1;2010
25.01.2010;20,88;1,87;846,82;22,32;26,74;4,42;16,07;Kentsel;Haftaici;1;2010
24.01.2010;18,84;5,35;969,91;30,29;36,71;6,42;9,73;Kentsel;Haftasonu ;1;2010
23.01.2010;22,38;5,71;985,84;38,93;52,85;13,92;12,06;Kentsel;Haftasonu ;1;2010
22.01.2010;42,87;10,41;1251,24;52,07;69,69;17,62;30,98;Kentsel;Haftaici;1;2010
21.01.2010;26,5;12,8;1089,58;44,08;63,3;19,22;12,23;Kentsel;Haftaici;1;2010
20.01.2010;68,74;6,33;1320,38;50,57;97,37;46,8;41,11;Kentsel;Haftaici;1;2010
19.01.2010;46,81;9,13;1122,31;47,46;81,79;34,33;35,22;Kentsel;Haftaici;1;2010
18.01.2010;34,86;10,65;1101,3;42,03;54,22;12,18;20,6;Kentsel;Haftaici;1;2010
17.01.2010;25,85;9,01;1311,36;42,32;62,47;20,15;19,57;Kentsel;Haftasonu ;1;2010
16.01.2010;48,63;8,33;1242,37;45,85;70,95;25,1;36,58;Kentsel;Haftasonu ;1;2010
15.01.2010;54;9,09;1540,04;60,37;117,16;56,79;41,8;Kentsel;Haftaici;1;2010
14.01.2010;40,34;12,03;1168,38;50,96;68,45;17,67;25,69;Kentsel;Haftaici;1;2010
13.01.2010;47,98;11,38;1224,97;54,08;82,73;28,75;34,14;Kentsel;Haftaici;1;2010
12.01.2010;36,49;23,73;1190,4;51,14;73,29;22,32;17,6;Kentsel;Haftaici;1;2010
11.01.2010;23,64;14,67;629,93;50;70,42;21,2;13,31;Kentsel;Haftaici;1;2010
10.01.2010;138,96;37,34;2166,32;63,11;144,3;81,37;86,68;Kentsel;Haftasonu ;1;2010
9.01.2010;145,43;34,82;2208,07;67,89;153,29;85,46;88,43;Kentsel;Haftasonu ;1;2010
8.01.2010;161,42;33,93;2294,82;87,33;214,29;126,75;88,79;Kentsel;Haftaici;1;2010
7.01.2010;281,7;43,21;3573,34;113,79;315,23;201,8;152,2;Kentsel;Haftaici;1;2010
6.01.2010;149,62;22,95;3088,99;73,93;186,88;112,72;92,37;Kentsel;Haftaici;1;2010
5.01.2010;77,56;6,83;1957,62;58,07;114,23;56,42;46,59;Kentsel;Haftaici;1;2010
4.01.2010;31,5;8,18;1099,19;56,13;68,89;13,08;21,87;Kentsel;Haftaici;1;2010
3.01.2010;9,46;10,79;967,29;31,6;38,5;7,09;7,25;Kentsel;Haftasonu ;1;2010
2.01.2010;20,68;9,46;871,69;54,86;59,18;4,33;8,39;Kentsel;Haftasonu ;1;2010
1.01.2010;62,56;33,81;664,31;42,66;64,02;21,36;35,86;Kentsel;Haftaici;1;2010
20.03.2019;70,72;4,76;925,83;;;;19,91;Trafik;Haftaici;3;2019
19.03.2019;184,41;21,34;4257,18;;;;26,79;Trafik;Haftaici;3;2019
14.03.2019;114,94;18,42;1950,96;;;;14,2;Trafik;Haftaici;3;2019
13.03.2019;42,93;10,64;1144,25;;;;11,14;Trafik;Haftaici;3;2019
12.03.2019;98,87;9,4;;;;;19,31;Trafik;Haftaici;3;2019
11.03.2019;128,19;23,85;2522,62;;;;16,09;Trafik;Haftaici;3;2019
10.03.2019;63,83;25,9;1234,28;;;;7,09;Trafik;Haftasonu ;3;2019
9.03.2019;169,34;30,9;4000,25;;;;18,22;Trafik;Haftasonu ;3;2019
8.03.2019;212,88;31,09;4362,97;;;;21,53;Trafik;Haftaici;3;2019
7.03.2019;110,91;21,1;2853,52;;;;4,88;Trafik;Haftaici;3;2019
6.03.2019;92,87;24,38;1068,3;;;;16,96;Trafik;Haftaici;3;2019
5.03.2019;114,42;23,77;2008,45;;;;19,44;Trafik;Haftaici;3;2019
4.03.2019;100,12;29,72;1788,89;;;;10,42;Trafik;Haftaici;3;2019
3.03.2019;68,44;19,13;1455,33;;;;6,42;Trafik;Haftasonu ;3;2019
2.03.2019;85,13;24,17;;;;;13,83;Trafik;Haftasonu ;3;2019
1.03.2019;159,08;38,6;2703,77;;;;21,7;Trafik;Haftaici;3;2019
28.02.2019;63,2;15,52;1092,21;;;;10,06;Trafik;Haftaici;2;2019
27.02.2019;55,44;15,96;;;;;8,74;Trafik;Haftaici;2;2019
26.02.2019;77,18;16,46;838,22;;;;20,11;Trafik;Haftaici;2;2019
25.02.2019;56,88;12,21;1387,29;;;;9,35;Trafik;Haftaici;2;2019
24.02.2019;35,85;17,79;886,68;;;;9,03;Trafik;Haftasonu ;2;2019
23.02.2019;73,04;22,12;1274,78;;;;21,55;Trafik;Haftasonu ;2;2019
20.02.2019;302,37;40,38;4370,85;;;;33,31;Trafik;Haftaici;2;2019
19.02.2019;205,21;43,09;3448,12;;;;23,51;Trafik;Haftaici;2;2019
18.02.2019;153,22;52,25;2316,14;;;;22,54;Trafik;Haftaici;2;2019
17.02.2019;187,8;34,34;4343,41;;;;20,53;Trafik;Haftasonu ;2;2019
16.02.2019;73,99;26,02;1022,07;;;;13,56;Trafik;Haftasonu ;2;2019
15.02.2019;43,95;17,21;1263,73;;;;12,9;Trafik;Haftaici;2;2019
14.02.2019;34,03;12,56;;;;;4,75;Trafik;Haftaici;2;2019
13.02.2019;74,18;22,53;;;;;15,14;Trafik;Haftaici;2;2019
12.02.2019;126,47;31,74;2230,44;;;;24,69;Trafik;Haftaici;2;2019
11.02.2019;134,58;32,97;2162,86;;;;17,77;Trafik;Haftaici;2;2019
10.02.2019;63,66;34,95;1780,98;;;;11,25;Trafik;Haftasonu ;2;2019
9.02.2019;38,71;16,65;957,85;;;;8,19;Trafik;Haftasonu ;2;2019
8.02.2019;52,3;17,84;1005,67;;;;14,02;Trafik;Haftaici;2;2019
7.02.2019;33,37;16,2;1428,47;;;;;Trafik;Haftaici;2;2019
6.02.2019;56,35;27;1840,57;;;;15,08;Trafik;Haftaici;2;2019
5.02.2019;106,75;32,33;811,26;;;;18,39;Trafik;Haftaici;2;2019
4.02.2019;136,88;29,09;1268,69;;;;58,73;Trafik;Haftaici;2;2019
3.02.2019;248,19;37,94;4460,97;;;;23,23;Trafik;Haftasonu ;2;2019
2.02.2019;283,64;38,36;5325,03;;;;32,96;Trafik;Haftasonu ;2;2019
1.02.2019;79,18;17,7;2229,16;;;;16,05;Trafik;Haftaici;2;2019
31.01.2019;79,19;8,93;2359,85;;;;;Trafik;Haftaici;1;2019
30.01.2019;55,67;;;;;;;Trafik;Haftaici;1;2019
16.12.2018;73,13;48,48;3445,12;;;;14,19;Trafik;Haftasonu ;12;2018
15.12.2018;111,85;40,47;2128,94;;;;28,48;Trafik;Haftasonu ;12;2018
14.12.2018;126,77;38,51;;;;;;Trafik;Haftaici;12;2018
12.12.2018;71,87;;5899,52;;;;;Trafik;Haftaici;12;2018
20.11.2018;70,89;9,79;;;;;;Trafik;Haftaici;11;2018
19.11.2018;33,39;7,59;;;;;;Trafik;Haftaici;11;2018
18.11.2018;29,73;6,52;;;;;;Trafik;Haftasonu ;11;2018
17.11.2018;35,87;6,92;;;;;;Trafik;Haftasonu ;11;2018
16.11.2018;22,74;13,56;;;;;;Trafik;Haftaici;11;2018
15.11.2018;30,46;7,84;;;;;;Trafik;Haftaici;11;2018
14.11.2018;26,1;5,87;;;;;;Trafik;Haftaici;11;2018
13.11.2018;25,08;5,38;;;;;;Trafik;Haftaici;11;2018
12.11.2018;48,77;6,87;;;;;;Trafik;Haftaici;11;2018
11.11.2018;44,9;7,69;;;;;;Trafik;Haftasonu ;11;2018
10.11.2018;46,78;5,35;;;;;;Trafik;Haftasonu ;11;2018
9.11.2018;49,09;4,68;;;;;;Trafik;Haftaici;11;2018
8.11.2018;56,73;7,21;;;;;;Trafik;Haftaici;11;2018
7.11.2018;48,87;6,65;;;;;;Trafik;Haftaici;11;2018
6.11.2018;39,13;6,91;;;;;;Trafik;Haftaici;11;2018
5.11.2018;43,12;7,32;;;;;32,34;Trafik;Haftaici;11;2018
4.11.2018;25,29;5,64;;;;;;Trafik;Haftasonu ;11;2018
3.11.2018;32,53;5,55;;;;;18,02;Trafik;Haftasonu ;11;2018
2.11.2018;68,26;8,94;;;;;;Trafik;Haftaici;11;2018
1.11.2018;53,64;8,24;;;;;39,5;Trafik;Haftaici;11;2018
31.10.2018;70,21;7,57;;;;;;Trafik;Haftaici;10;2018
30.10.2018;62,53;7,72;;;;;;Trafik;Haftaici;10;2018
29.10.2018;60,7;9,05;;;;;;Trafik;Haftaici;10;2018
28.10.2018;56,54;8,6;;;;;;Trafik;Haftasonu ;10;2018
27.10.2018;38,15;6,27;;;;;;Trafik;Haftasonu ;10;2018
26.10.2018;28,68;7,1;;;;;;Trafik;Haftaici;10;2018
25.10.2018;12,03;5,01;;;;;;Trafik;Haftaici;10;2018
24.10.2018;48,29;6,12;;;;;;Trafik;Haftaici;10;2018
23.10.2018;44,42;4,43;;;;;28,23;Trafik;Haftaici;10;2018
22.10.2018;34,55;6,28;;;;;;Trafik;Haftaici;10;2018
21.10.2018;22,53;4,9;;;;;;Trafik;Haftasonu ;10;2018
20.10.2018;43,18;3,26;;;;;15,99;Trafik;Haftasonu ;10;2018
19.10.2018;131,33;5,92;;;;;28,23;Trafik;Haftaici;10;2018
18.10.2018;167,7;5,02;;;;;35,82;Trafik;Haftaici;10;2018
17.10.2018;;5,12;;;;;;Trafik;Haftaici;10;2018
16.10.2018;;7,69;;;;;;Trafik;Haftaici;10;2018
15.10.2018;;4,6;;;;;;Trafik;Haftaici;10;2018
14.10.2018;;5,8;;;;;;Trafik;Haftasonu ;10;2018
13.10.2018;;6,29;;;;;;Trafik;Haftasonu ;10;2018
12.10.2018;;5,36;;;;;;Trafik;Haftaici;10;2018
11.10.2018;;5,14;;;;;;Trafik;Haftaici;10;2018
10.10.2018;;5,17;;;;;;Trafik;Haftaici;10;2018
9.10.2018;;4,99;;;;;;Trafik;Haftaici;10;2018
8.10.2018;44,09;5,41;;;;;;Trafik;Haftaici;10;2018
7.10.2018;26,16;5,46;;;;;;Trafik;Haftasonu ;10;2018
6.10.2018;26,19;5,59;;;;;6,89;Trafik;Haftasonu ;10;2018
5.10.2018;21,28;4,87;;;;;;Trafik;Haftaici;10;2018
4.10.2018;59,55;6,08;;;;;;Trafik;Haftaici;10;2018
3.10.2018;30,71;5,74;;;;;;Trafik;Haftaici;10;2018
2.10.2018;45,83;5,82;;;;;;Trafik;Haftaici;10;2018
1.10.2018;36,75;4,44;;;;;;Trafik;Haftaici;10;2018
30.09.2018;74,34;3,92;;;;;;Trafik;Haftasonu ;9;2018
29.09.2018;54,53;4,4;;;;;;Trafik;Haftasonu ;9;2018
28.09.2018;42,9;5,59;;;;;22,69;Trafik;Haftaici;9;2018
27.09.2018;16,35;3,59;;;;;;Trafik;Haftaici;9;2018
26.09.2018;15,27;4,9;;;;;3,73;Trafik;Haftaici;9;2018
25.09.2018;15,64;5,65;;;;;;Trafik;Haftaici;9;2018
24.09.2018;10,58;7,51;;;;;;Trafik;Haftaici;9;2018
23.09.2018;13,65;4,9;;;;;;Trafik;Haftasonu ;9;2018
22.09.2018;17,45;7,76;;;;;;Trafik;Haftasonu ;9;2018
21.09.2018;60,64;3,99;;;;;10,08;Trafik;Haftaici;9;2018
20.09.2018;33,05;2,81;;;;;;Trafik;Haftaici;9;2018
19.09.2018;41,94;5,06;;;;;9,99;Trafik;Haftaici;9;2018
18.09.2018;33,39;2,65;;;;;4,99;Trafik;Haftaici;9;2018
17.09.2018;;0,85;;;;;;Trafik;Haftaici;9;2018
16.09.2018;54,41;3,45;;;;;15,98;Trafik;Haftasonu ;9;2018
15.09.2018;29,08;6,24;;;;;;Trafik;Haftasonu ;9;2018
14.09.2018;61,73;7,25;;;;;16,8;Trafik;Haftaici;9;2018
13.09.2018;10,26;4,63;;;;;;Trafik;Haftaici;9;2018
12.09.2018;37,59;5,64;;;;;13,69;Trafik;Haftaici;9;2018
11.09.2018;45,65;6,94;;;;;11,41;Trafik;Haftaici;9;2018
10.09.2018;10,63;;;;;;;Trafik;Haftaici;9;2018
9.09.2018;14,42;;;;;;;Trafik;Haftasonu ;9;2018
8.09.2018;6,05;;;;;;;Trafik;Haftasonu ;9;2018
7.09.2018;12,84;;;;;;;Trafik;Haftaici;9;2018
6.09.2018;14,4;;;;;;;Trafik;Haftaici;9;2018
5.09.2018;12,56;;;;;;;Trafik;Haftaici;9;2018
4.09.2018;4,76;;;;;;;Trafik;Haftaici;9;2018
3.09.2018;16,2;;;;;;;Trafik;Haftaici;9;2018
2.09.2018;37,25;;;;;;;Trafik;Haftasonu ;9;2018
1.09.2018;17,97;;;;;;;Trafik;Haftasonu ;9;2018
31.08.2018;13,28;;;;;;;Trafik;Haftaici;8;2018
30.08.2018;20,27;;;;;;;Trafik;Haftaici;8;2018
29.08.2018;19,17;;;;;;;Trafik;Haftaici;8;2018
28.08.2018;43,23;;;;;;;Trafik;Haftaici;8;2018
27.08.2018;27,13;;;;;;;Trafik;Haftaici;8;2018
24.08.2018;30,57;;;;;;;Trafik;Haftaici;8;2018
22.08.2018;;;;;;;8,59;Trafik;Haftaici;8;2018
21.08.2018;32,19;;;;;;16,12;Trafik;Haftaici;8;2018
20.08.2018;31,37;;;;;;12,05;Trafik;Haftaici;8;2018
19.08.2018;36,21;;;;;;14,56;Trafik;Haftasonu ;8;2018
18.08.2018;32,36;;;;;;11,05;Trafik;Haftasonu ;8;2018
17.08.2018;45,72;;;;;;17,33;Trafik;Haftaici;8;2018
16.08.2018;43,38;;;;;;16,36;Trafik;Haftaici;8;2018
15.08.2018;41,45;;;;;;7,94;Trafik;Haftaici;8;2018
14.08.2018;26,24;;;;;;6,08;Trafik;Haftaici;8;2018
13.08.2018;28,63;;;;;;6,77;Trafik;Haftaici;8;2018
12.08.2018;17,77;;;;;;6,25;Trafik;Haftasonu ;8;2018
11.08.2018;19,92;3,98;;;;;5,64;Trafik;Haftasonu ;8;2018
10.08.2018;24,67;5,57;;;;;6,71;Trafik;Haftaici;8;2018
9.08.2018;27,82;4,68;;;;;11,71;Trafik;Haftaici;8;2018
8.08.2018;30,8;4,61;;;;;13,31;Trafik;Haftaici;8;2018
7.08.2018;35,42;3,16;;;;;12,49;Trafik;Haftaici;8;2018
6.08.2018;39,08;4,17;;;;;15,83;Trafik;Haftaici;8;2018
5.08.2018;26,91;5,85;;;;;11,87;Trafik;Haftasonu ;8;2018
4.08.2018;24,79;3,71;;;;;9,51;Trafik;Haftasonu ;8;2018
3.08.2018;38,5;3,75;;;;;17,9;Trafik;Haftaici;8;2018
2.08.2018;45,63;4,26;;;;;;Trafik;Haftaici;8;2018
1.08.2018;28,51;3,61;;;;;17,28;Trafik;Haftaici;8;2018
31.07.2018;41,79;2,64;;;;;;Trafik;Haftaici;7;2018
30.07.2018;36,83;5,91;;;;;;Trafik;Haftaici;7;2018
29.07.2018;35,19;5,65;;;;;24,13;Trafik;Haftasonu ;7;2018
28.07.2018;34,63;4,19;;;;;14,19;Trafik;Haftasonu ;7;2018
27.07.2018;37,11;4,49;;;;;19,33;Trafik;Haftaici;7;2018
26.07.2018;47,52;3,39;;;;;;Trafik;Haftaici;7;2018
25.07.2018;40,12;3,86;;;;;16,06;Trafik;Haftaici;7;2018
24.07.2018;67,56;4,01;;;;;19,43;Trafik;Haftaici;7;2018
23.07.2018;41,9;5,21;;;;;17,1;Trafik;Haftaici;7;2018
22.07.2018;23,42;6;;;;;;Trafik;Haftasonu ;7;2018
21.07.2018;28,05;4,64;;;;;13,45;Trafik;Haftasonu ;7;2018
20.07.2018;29,12;;;;;;;Trafik;Haftaici;7;2018
19.07.2018;29,22;6,54;;;;;14,45;Trafik;Haftaici;7;2018
18.07.2018;58,76;4,16;;;;;26,44;Trafik;Haftaici;7;2018
17.07.2018;33,87;5,32;;;;;14,79;Trafik;Haftaici;7;2018
16.07.2018;30,58;3,17;;;;;13,42;Trafik;Haftaici;7;2018
15.07.2018;21,35;2,65;2274,83;;;;10,58;Trafik;Haftasonu ;7;2018
14.07.2018;26,85;2,84;;;;;;Trafik;Haftasonu ;7;2018
13.07.2018;;;;;;;16,22;Trafik;Haftaici;7;2018
12.07.2018;;;;;;;;Trafik;Haftaici;7;2018
11.07.2018;;;;;;;;Trafik;Haftaici;7;2018
10.07.2018;49,1;;;;;;22,52;Trafik;Haftaici;7;2018
9.07.2018;54,09;;;;;;25,13;Trafik;Haftaici;7;2018
8.07.2018;42,36;;;;;;19,43;Trafik;Haftasonu ;7;2018
7.07.2018;37,89;;;;;;17,26;Trafik;Haftasonu ;7;2018
6.07.2018;33,36;;;;;;11,12;Trafik;Haftaici;7;2018
5.07.2018;25,62;;;;;;9,99;Trafik;Haftaici;7;2018
4.07.2018;31,31;;;;;;11,17;Trafik;Haftaici;7;2018
3.07.2018;23,5;;;;;;11,41;Trafik;Haftaici;7;2018
2.07.2018;35,65;;;;;;17,97;Trafik;Haftaici;7;2018
1.07.2018;25,35;23,98;;;;;15,32;Trafik;Haftasonu ;7;2018
30.06.2018;38,6;18,12;;;;;17,39;Trafik;Haftasonu ;6;2018
29.06.2018;32,22;9,99;;;;;13;Trafik;Haftaici;6;2018
28.06.2018;63,5;;;;;;7,88;Trafik;Haftaici;6;2018
27.06.2018;46,25;;;;;;11,41;Trafik;Haftaici;6;2018
26.06.2018;22,9;;;;;;9,17;Trafik;Haftaici;6;2018
25.06.2018;22,17;10,08;;;;;7,51;Trafik;Haftaici;6;2018
24.06.2018;24,53;9,78;;;;;15,3;Trafik;Haftasonu ;6;2018
23.06.2018;26,95;13,78;;;;;14,74;Trafik;Haftasonu ;6;2018
22.06.2018;29,98;7,38;;;;;12,25;Trafik;Haftaici;6;2018
21.06.2018;30,31;5,48;;;;;16,93;Trafik;Haftaici;6;2018
20.06.2018;25,88;5,65;;;;;10,59;Trafik;Haftaici;6;2018
19.06.2018;30,79;4,51;;;;;18,66;Trafik;Haftaici;6;2018
18.06.2018;6,87;;;;;;;Trafik;Haftaici;6;2018
16.06.2018;23,78;3,37;;;;;8,15;Trafik;Haftasonu ;6;2018
15.06.2018;32,17;12,87;;;;;15,61;Trafik;Haftaici;6;2018
14.06.2018;30,57;20,98;;;;;17,45;Trafik;Haftaici;6;2018
12.06.2018;16,47;;;;;;6,22;Trafik;Haftaici;6;2018
11.06.2018;30,01;5,86;;;;;9,48;Trafik;Haftaici;6;2018
10.06.2018;52,14;;;;;;16,8;Trafik;Haftasonu ;6;2018
9.06.2018;44,76;;;;;;14,35;Trafik;Haftasonu ;6;2018
8.06.2018;30,4;4,88;;;;;13,17;Trafik;Haftaici;6;2018
7.06.2018;41,07;8,2;;;;;15,44;Trafik;Haftaici;6;2018
6.06.2018;36,69;6,95;;;;;18,51;Trafik;Haftaici;6;2018
5.06.2018;34,29;;;;;;20,29;Trafik;Haftaici;6;2018
4.06.2018;32;;;;;;14,99;Trafik;Haftaici;6;2018
3.06.2018;31,19;3,8;;;;;10,11;Trafik;Haftasonu ;6;2018
2.06.2018;26,98;7,09;;;;;11,49;Trafik;Haftasonu ;6;2018
1.06.2018;23,29;5,15;;;;;11,53;Trafik;Haftaici;6;2018
31.05.2018;25,2;3,2;;;;;8,83;Trafik;Haftaici;5;2018
30.05.2018;34,61;5,27;;;;;12,53;Trafik;Haftaici;5;2018
29.05.2018;37,01;5,1;;;;;11,28;Trafik;Haftaici;5;2018
28.05.2018;56,64;1,83;;;;;16,65;Trafik;Haftaici;5;2018
27.05.2018;27,48;6,22;;;;;10,06;Trafik;Haftasonu ;5;2018
26.05.2018;23,51;4,33;;;;;12,28;Trafik;Haftasonu ;5;2018
25.05.2018;47,96;6,03;;;;;10,21;Trafik;Haftaici;5;2018
24.05.2018;49,7;2,22;;;;;19,28;Trafik;Haftaici;5;2018
23.05.2018;43,23;4,2;;;;;12,46;Trafik;Haftaici;5;2018
22.05.2018;41,22;3,59;;;;;8,42;Trafik;Haftaici;5;2018
21.05.2018;23,66;13,76;;;;;10,46;Trafik;Haftaici;5;2018
19.05.2018;40,45;5,09;;;;;9,58;Trafik;Haftasonu ;5;2018
18.05.2018;47,18;4,19;;;;;15,05;Trafik;Haftaici;5;2018
17.05.2018;44,23;4,43;;;;;12,17;Trafik;Haftaici;5;2018
16.05.2018;50,61;6,46;;;;;19,65;Trafik;Haftaici;5;2018
15.05.2018;60,07;8,17;717,98;;;;22,95;Trafik;Haftaici;5;2018
14.05.2018;43,72;4,51;;;;;15,17;Trafik;Haftaici;5;2018
13.05.2018;28,74;4,92;;;;;14,83;Trafik;Haftasonu ;5;2018
12.05.2018;18,5;2,64;;;;;6,45;Trafik;Haftasonu ;5;2018
11.05.2018;33,47;7,39;;;;;13,94;Trafik;Haftaici;5;2018
10.05.2018;38,76;4,14;;;;;15,44;Trafik;Haftaici;5;2018
9.05.2018;26,59;6,83;;;;;;Trafik;Haftaici;5;2018
8.05.2018;29,95;4,39;;;;;13,79;Trafik;Haftaici;5;2018
4.05.2018;87,34;;;;;;17,86;Trafik;Haftaici;5;2018
3.05.2018;65,43;11,41;;;;;10,43;Trafik;Haftaici;5;2018
2.05.2018;49,77;;;;;;16,75;Trafik;Haftaici;5;2018
1.05.2018;38,93;12,52;;;;;10,28;Trafik;Haftaici;5;2018
30.04.2018;29,99;13,6;;;;;7,96;Trafik;Haftaici;4;2018
29.04.2018;30,25;12,72;;;;;12,11;Trafik;Haftasonu ;4;2018
28.04.2018;27,4;10,78;;;;;10,53;Trafik;Haftasonu ;4;2018
27.04.2018;40,25;11,05;;;;;15,85;Trafik;Haftaici;4;2018
26.04.2018;36,25;11,77;;;;;12,24;Trafik;Haftaici;4;2018
25.04.2018;55,45;10,13;;;;;18,44;Trafik;Haftaici;4;2018
24.04.2018;40,92;9,2;;;;;12,31;Trafik;Haftaici;4;2018
23.04.2018;43,37;9,23;;;;;15,72;Trafik;Haftaici;4;2018
22.04.2018;47,46;15,76;;;;;21,13;Trafik;Haftasonu ;4;2018
21.04.2018;41,08;;1058,69;;;;;Trafik;Haftasonu ;4;2018
20.04.2018;31,66;5,26;842,27;;;;14,55;Trafik;Haftaici;4;2018
19.04.2018;46,55;9,75;;;;;13,41;Trafik;Haftaici;4;2018
18.04.2018;89,54;11,53;;;;;21,96;Trafik;Haftaici;4;2018
17.04.2018;47,11;9,4;;;;;16,73;Trafik;Haftaici;4;2018
16.04.2018;113,08;;;;;;23,39;Trafik;Haftaici;4;2018
14.04.2018;30,75;5,06;;;;;16,29;Trafik;Haftasonu ;4;2018
13.04.2018;36,27;14,07;;;;;;Trafik;Haftaici;4;2018
12.04.2018;29,88;7,25;;;;;18,88;Trafik;Haftaici;4;2018
11.04.2018;30,8;8,58;;;;;;Trafik;Haftaici;4;2018
10.04.2018;15,74;7,73;;;;;;Trafik;Haftaici;4;2018
9.04.2018;24,11;5,38;;;;;12,65;Trafik;Haftaici;4;2018
8.04.2018;30,18;2,9;;;;;12,52;Trafik;Haftasonu ;4;2018
7.04.2018;23,57;;;;;;12,13;Trafik;Haftasonu ;4;2018
6.04.2018;26,88;;;;;;17,78;Trafik;Haftaici;4;2018
5.04.2018;44,21;;;;;;29,44;Trafik;Haftaici;4;2018
4.04.2018;31,38;;;;;;;Trafik;Haftaici;4;2018
3.04.2018;31,57;;561,78;;;;;Trafik;Haftaici;4;2018
2.04.2018;17,05;6,16;;;;;;Trafik;Haftaici;4;2018
1.04.2018;17,07;5,42;;;;;15,21;Trafik;Haftasonu ;4;2018
31.03.2018;19,89;6,06;;;;;;Trafik;Haftasonu ;3;2018
30.03.2018;40,93;11,66;1241,44;;;;23,41;Trafik;Haftaici;3;2018
29.03.2018;25,3;5,95;829,06;;;;;Trafik;Haftaici;3;2018
28.03.2018;142,23;5,56;;;;;15,39;Trafik;Haftaici;3;2018
27.03.2018;299,6;7,38;;;;;30,72;Trafik;Haftaici;3;2018
26.03.2018;108,72;10,02;743,94;;;;20,6;Trafik;Haftaici;3;2018
25.03.2018;31,53;7,33;464,54;;;;10,85;Trafik;Haftasonu ;3;2018
24.03.2018;44,99;5,27;769,24;;;;16,11;Trafik;Haftasonu ;3;2018
23.03.2018;197,51;4,85;;;;;22,07;Trafik;Haftaici;3;2018
22.03.2018;83,97;9,64;;;;;20,61;Trafik;Haftaici;3;2018
21.03.2018;76,22;11,59;1425,38;;;;29;Trafik;Haftaici;3;2018
20.03.2018;91,68;6,16;;;;;17,43;Trafik;Haftaici;3;2018
19.03.2018;93,06;8,04;721,87;;;;20,6;Trafik;Haftaici;3;2018
18.03.2018;154,22;10,42;865;;;;32,87;Trafik;Haftasonu ;3;2018
17.03.2018;70,54;9,08;358,33;;;;22,46;Trafik;Haftasonu ;3;2018
16.03.2018;39,79;10,04;710,42;;;;27,64;Trafik;Haftaici;3;2018
15.03.2018;25,65;7,73;512,39;;;;;Trafik;Haftaici;3;2018
14.03.2018;27,31;4,45;284,66;;;;9,16;Trafik;Haftaici;3;2018
13.03.2018;63,75;7,04;278,72;;;;22,37;Trafik;Haftaici;3;2018
12.03.2018;86,64;12,44;;;;;29,34;Trafik;Haftaici;3;2018
11.03.2018;67,37;7,59;763,05;;;;22,97;Trafik;Haftasonu ;3;2018
10.03.2018;49,9;6,78;935,3;;;;16,84;Trafik;Haftasonu ;3;2018
9.03.2018;34,55;5,95;400,71;;;;13;Trafik;Haftaici;3;2018
8.03.2018;114,75;4;663,24;;;;37,57;Trafik;Haftaici;3;2018
7.03.2018;125,87;4,3;;;;;;Trafik;Haftaici;3;2018
6.03.2018;2,19;7,11;1715,14;;;;;Trafik;Haftaici;3;2018
5.03.2018;;7,48;1480,33;;;;29,56;Trafik;Haftaici;3;2018
4.03.2018;;4,25;1001,04;;;;18,33;Trafik;Haftasonu ;3;2018
3.03.2018;;5,2;387,04;;;;24,32;Trafik;Haftasonu ;3;2018
2.03.2018;;7,55;1663,41;;;;31,63;Trafik;Haftaici;3;2018
1.03.2018;;6,6;885,7;;;;16,31;Trafik;Haftaici;3;2018
28.02.2018;;5,32;401,67;;;;5,97;Trafik;Haftaici;2;2018
27.02.2018;;5,77;606,9;;;;9,51;Trafik;Haftaici;2;2018
26.02.2018;;6,04;763,27;;;;7,83;Trafik;Haftaici;2;2018
25.02.2018;;4,25;669,01;;;;13,1;Trafik;Haftasonu ;2;2018
24.02.2018;;5,48;1006,57;;;;24,88;Trafik;Haftasonu ;2;2018
23.02.2018;;5,68;947,71;37,56;79,73;42,17;29,25;Trafik;Haftaici;2;2018
22.02.2018;;6,17;1280,71;39,5;105,45;65,95;22,75;Trafik;Haftaici;2;2018
21.02.2018;;6,62;1915,5;46,88;122,98;76,1;52,89;Trafik;Haftaici;2;2018
20.02.2018;;11,05;658,92;32,45;46,96;14,51;23,27;Trafik;Haftaici;2;2018
19.02.2018;;10,17;1114,32;37,95;90,31;52,36;35,72;Trafik;Haftaici;2;2018
18.02.2018;;9,89;1010,87;35,77;111,51;75,74;25,53;Trafik;Haftasonu ;2;2018
17.02.2018;;7,25;520,8;;;;25,53;Trafik;Haftasonu ;2;2018
16.02.2018;;7,57;1352,56;40,3;140,79;100,49;26,96;Trafik;Haftaici;2;2018
15.02.2018;;4,6;895,59;21,24;40,61;19,37;30,64;Trafik;Haftaici;2;2018
14.02.2018;;6,67;1434,13;37,53;121,91;84,38;21,88;Trafik;Haftaici;2;2018
13.02.2018;;13,01;1014,13;40,17;101,03;60,86;22,11;Trafik;Haftaici;2;2018
12.02.2018;;6,85;908,3;38,71;106,52;67,81;20,36;Trafik;Haftaici;2;2018
11.02.2018;;4,48;496,18;25,33;44,47;19,13;27,02;Trafik;Haftasonu ;2;2018
10.02.2018;;6,6;1785,58;43,71;92,27;48,56;50,11;Trafik;Haftasonu ;2;2018
9.02.2018;;7,97;1117,84;45,31;130,86;85,56;38,45;Trafik;Haftaici;2;2018
8.02.2018;49,91;8,44;1541,18;33,14;98,75;65,61;;Trafik;Haftaici;2;2018
7.02.2018;58,4;8,09;941,27;40,69;98,94;58,25;41,88;Trafik;Haftaici;2;2018
6.02.2018;58,21;9,36;1539,81;48,52;149,79;101,28;;Trafik;Haftaici;2;2018
5.02.2018;37,56;8,66;1253,59;48,37;110,08;61,72;24,34;Trafik;Haftaici;2;2018
4.02.2018;42,43;11,17;984,83;46,18;113,38;67,2;35,53;Trafik;Haftasonu ;2;2018
3.02.2018;53,35;9,33;1078,87;36,29;100,96;64,67;19,85;Trafik;Haftasonu ;2;2018
2.02.2018;86,74;10,38;1568,29;56,9;156,62;99,72;29,91;Trafik;Haftaici;2;2018
1.02.2018;87,51;11,53;1178,95;62,2;121,73;59,53;34,75;Trafik;Haftaici;2;2018
31.01.2018;107,15;10,55;1547,63;56,04;191,24;135,2;37,46;Trafik;Haftaici;1;2018
30.01.2018;124,64;9,82;2152,28;59,32;232,66;173,34;44,52;Trafik;Haftaici;1;2018
29.01.2018;91,06;9,46;1706,16;50,03;191,99;141,96;28,63;Trafik;Haftaici;1;2018
28.01.2018;59,04;6,75;672,15;40,96;62,95;22;25,81;Trafik;Haftasonu ;1;2018
27.01.2018;47,23;6,5;907,71;31,52;55,71;24,19;21,59;Trafik;Haftasonu ;1;2018
26.01.2018;37;5,84;604,39;16,43;29,34;12,91;17,07;Trafik;Haftaici;1;2018
25.01.2018;28,06;4,38;410,35;;;;10,44;Trafik;Haftaici;1;2018
24.01.2018;29,66;3,77;249,95;;;;11,59;Trafik;Haftaici;1;2018
23.01.2018;23,37;3,83;176,78;30,14;42,01;11,87;12,94;Trafik;Haftaici;1;2018
22.01.2018;30,02;5,2;903,31;45,53;74,89;29,36;15,03;Trafik;Haftaici;1;2018
21.01.2018;30,48;11,26;462,78;35,08;45,79;10,71;11,9;Trafik;Haftasonu ;1;2018
20.01.2018;107,55;10,23;1757,41;72,37;179,88;107,51;41,04;Trafik;Haftasonu ;1;2018
19.01.2018;89,11;10,65;1764,7;65,38;206,92;141,54;32,03;Trafik;Haftaici;1;2018
18.01.2018;19,99;4,85;;35,05;47,74;12,69;10,66;Trafik;Haftaici;1;2018
17.01.2018;30,85;6,8;515,75;52,75;74,34;21,6;10,95;Trafik;Haftaici;1;2018
16.01.2018;58,92;8,99;1771,82;69,31;184,69;115,38;15,73;Trafik;Haftaici;1;2018
15.01.2018;40,79;9,04;468,09;49,49;77,15;27,66;9,72;Trafik;Haftaici;1;2018
14.01.2018;21,16;5,21;406,88;33,56;52,14;18,58;8,56;Trafik;Haftasonu ;1;2018
13.01.2018;55,07;9,83;555,05;52,17;70,64;18,47;11,97;Trafik;Haftasonu ;1;2018
12.01.2018;62,54;9,15;1441,84;86,58;184,93;98,34;19,88;Trafik;Haftaici;1;2018
11.01.2018;107,12;13,47;2354,93;78,72;253,6;174,88;29,57;Trafik;Haftaici;1;2018
10.01.2018;94,19;13,28;821,98;71,25;128,5;57,25;21,12;Trafik;Haftaici;1;2018
9.01.2018;133,77;7,18;1305,34;88,06;198,51;110,45;33,98;Trafik;Haftaici;1;2018
8.01.2018;122,75;6,67;1199,76;80,48;144,26;63,78;36,42;Trafik;Haftaici;1;2018
7.01.2018;74,95;8,61;1065,47;68,53;154,09;85,56;16,24;Trafik;Haftasonu ;1;2018
6.01.2018;125,43;11,17;1650,43;94,28;267,42;173,14;28,84;Trafik;Haftasonu ;1;2018
5.01.2018;83,82;8,89;1146,07;96,28;181,16;84,88;42,92;Trafik;Haftaici;1;2018
4.01.2018;39,42;7,96;1450,29;84,12;208,92;124,8;;Trafik;Haftaici;1;2018
3.01.2018;51,54;11,67;1107,85;67,3;106,74;39,43;;Trafik;Haftaici;1;2018
2.01.2018;76,94;12,43;1682,41;78,17;240,26;162,09;;Trafik;Haftaici;1;2018
1.01.2018;36,92;27,8;669,17;61,41;100,73;39,33;;Trafik;Haftaici;1;2018
31.12.2017;52,4;9,79;686,95;74,06;118,04;43,98;;Trafik;Haftasonu ;12;2017
30.12.2017;33,85;7,86;446,12;52,21;67,8;15,59;;Trafik;Haftasonu ;12;2017
29.12.2017;62,42;12,32;876,57;80,96;123,81;42,84;29,34;Trafik;Haftaici;12;2017
28.12.2017;87,95;10,02;1529,88;108,2;219,49;111,29;65,6;Trafik;Haftaici;12;2017
27.12.2017;88,89;9,07;1504,88;96,8;206,29;109,48;;Trafik;Haftaici;12;2017
26.12.2017;96,5;7,98;1056,54;93,49;154,93;61,44;;Trafik;Haftaici;12;2017
25.12.2017;76,55;8,57;1377,87;109,83;225,83;116;;Trafik;Haftaici;12;2017
24.12.2017;44,91;6,41;1151,76;70,74;134,23;63,49;;Trafik;Haftasonu ;12;2017
23.12.2017;31,99;5,51;612,2;62,71;102,73;40,01;;Trafik;Haftasonu ;12;2017
22.12.2017;55,59;5,97;649,28;42,47;74,99;32,52;32,7;Trafik;Haftaici;12;2017
21.12.2017;101;7,24;1603,51;65,97;144,65;78,67;56,37;Trafik;Haftaici;12;2017
20.12.2017;65,72;8,88;919,96;83,96;170,26;86,3;33,54;Trafik;Haftaici;12;2017
19.12.2017;65,72;5,73;1370,42;100,43;223,46;123,03;32,53;Trafik;Haftaici;12;2017
18.12.2017;48,81;6,32;1398,78;95,6;206,46;110,85;36,78;Trafik;Haftaici;12;2017
17.12.2017;42,22;11,92;865,43;56,69;89,48;32,79;26,48;Trafik;Haftasonu ;12;2017
16.12.2017;200,81;13,72;3956,97;125,24;526,09;400,85;101,58;Trafik;Haftasonu ;12;2017
15.12.2017;270,87;12,84;4093,35;158,08;627,22;469,14;177,33;Trafik;Haftaici;12;2017
14.12.2017;252,16;11,48;3617,06;132,49;518,66;386,17;153,68;Trafik;Haftaici;12;2017
13.12.2017;232,5;12,35;3179;136,67;549,52;412,85;112,56;Trafik;Haftaici;12;2017
12.12.2017;219,63;11,01;3029,85;135,94;455,18;319,24;106,7;Trafik;Haftaici;12;2017
11.12.2017;130,77;8,49;1622,54;94,07;308,92;214,85;48,93;Trafik;Haftaici;12;2017
10.12.2017;23,11;7,74;773,3;49,4;66,95;17,55;9,83;Trafik;Haftasonu ;12;2017
9.12.2017;175,26;9,49;2960,46;124,87;387,31;262,43;110,25;Trafik;Haftasonu ;12;2017
8.12.2017;137,63;16,43;2222,02;112,3;368,23;255,93;73,82;Trafik;Haftaici;12;2017
7.12.2017;43,08;11,38;806,17;71,22;104,35;33,13;28,18;Trafik;Haftaici;12;2017
6.12.2017;25,96;6,08;353,13;61,75;85,4;23,66;18,23;Trafik;Haftaici;12;2017
5.12.2017;24,01;4;317,44;69,18;108,53;39,35;;Trafik;Haftaici;12;2017
4.12.2017;236,03;15,39;3420,75;146,62;601,54;454,92;103,74;Trafik;Haftaici;12;2017
3.12.2017;199,45;13,17;3133,33;118,21;420,11;301,9;103,84;Trafik;Haftasonu ;12;2017
2.12.2017;178,22;10,98;2068,15;108,02;297,77;197,98;;Trafik;Haftasonu ;12;2017
1.12.2017;76,87;11,13;2293,58;95,21;281,17;185,95;;Trafik;Haftaici;12;2017
30.11.2017;67,03;7,96;1973,44;91,69;270,67;178,98;;Trafik;Haftaici;11;2017
29.11.2017;28,84;7,45;;84,54;147,35;62,8;;Trafik;Haftaici;11;2017
28.11.2017;34,28;6,86;958,37;77,28;134,77;57,5;;Trafik;Haftaici;11;2017
27.11.2017;55,31;10,64;1074,61;84,24;128,58;44,34;;Trafik;Haftaici;11;2017
26.11.2017;76,48;9,87;2034,84;92,24;276,41;184,17;;Trafik;Haftasonu ;11;2017
25.11.2017;66,59;8,38;1414,47;81,28;226,9;145,62;;Trafik;Haftasonu ;11;2017
24.11.2017;36,94;14,7;726,44;85,6;160,65;75,06;26,4;Trafik;Haftaici;11;2017
23.11.2017;28,2;9,74;1216,83;82,38;163,86;81,48;;Trafik;Haftaici;11;2017
22.11.2017;23,09;17,24;370,49;59,56;86,91;27,35;;Trafik;Haftaici;11;2017
21.11.2017;20,86;9,39;;66,84;94,54;27,7;;Trafik;Haftaici;11;2017
20.11.2017;16,75;6,26;484,6;60,98;82,33;21,35;5,55;Trafik;Haftaici;11;2017
19.11.2017;65,16;9,74;832,41;97,38;163,17;65,79;51,69;Trafik;Haftasonu ;11;2017
18.11.2017;112,18;10,33;2676,81;127,32;403,77;276,45;;Trafik;Haftasonu ;11;2017
17.11.2017;102,68;8,31;1858,63;132,19;364,72;232,54;67,56;Trafik;Haftaici;11;2017
16.11.2017;62,28;6,94;;91,71;205,43;113,71;;Trafik;Haftaici;11;2017
15.11.2017;91,36;6,48;2077;141,7;474,2;332,5;;Trafik;Haftaici;11;2017
14.11.2017;106,29;11,04;2575,19;84,39;298,96;214,57;72,93;Trafik;Haftaici;11;2017
13.11.2017;77,62;11,9;2118,09;71,36;199,3;127,95;56,77;Trafik;Haftaici;11;2017
12.11.2017;116,24;12,13;3094,28;85,63;312,07;226,45;94,4;Trafik;Haftasonu ;11;2017
11.11.2017;84,83;14;1841,57;77,77;189,38;111,6;;Trafik;Haftasonu ;11;2017
10.11.2017;86,2;15,55;1644;74,68;192,77;118,09;69,64;Trafik;Haftaici;11;2017
9.11.2017;131,46;9,88;2891,21;97,65;344,89;247,24;86,07;Trafik;Haftaici;11;2017
8.11.2017;106,13;10,41;2382,6;82,87;240,32;157,44;92,54;Trafik;Haftaici;11;2017
7.11.2017;119,21;11,19;1647,69;70,15;185,12;114,97;59,8;Trafik;Haftaici;11;2017
6.11.2017;71,37;7,12;1565,07;59,17;148,52;89,35;40,24;Trafik;Haftaici;11;2017
5.11.2017;43,53;6,39;996,18;36,98;47,85;10,87;29,89;Trafik;Haftasonu ;11;2017
4.11.2017;95,56;11,09;840,28;;;;50,42;Trafik;Haftasonu ;11;2017
3.11.2017;131,47;11,81;1754,65;86,4;239,47;153,07;57,59;Trafik;Haftaici;11;2017
2.11.2017;127,69;9,29;1731,78;77,7;212,34;134,64;72,66;Trafik;Haftaici;11;2017
1.11.2017;61,82;9,22;797,08;59,95;116,56;56,61;37,42;Trafik;Haftaici;11;2017
31.10.2017;39,99;12;;52,85;88,28;35,44;22,18;Trafik;Haftaici;10;2017
30.10.2017;29,76;6,08;551,15;52,48;77,5;25,02;;Trafik;Haftaici;10;2017
29.10.2017;33,13;5,69;1194,6;53,73;109,8;56,07;20,92;Trafik;Haftasonu ;10;2017
28.10.2017;74,41;6,64;1142,48;72,55;130,39;57,84;34,21;Trafik;Haftasonu ;10;2017
27.10.2017;77,65;9,25;1482,4;70,9;183,3;112,39;38,25;Trafik;Haftaici;10;2017
26.10.2017;49,01;10,79;655,69;52,52;99,54;47,02;25,19;Trafik;Haftaici;10;2017
25.10.2017;36,4;4,71;893,01;42,63;61,84;19,21;17,08;Trafik;Haftaici;10;2017
24.10.2017;150,3;7,21;1697,53;76,88;228,02;151,14;36,3;Trafik;Haftaici;10;2017
23.10.2017;107,18;9,96;1382,71;82,29;170,18;87,9;38,97;Trafik;Haftaici;10;2017
22.10.2017;120,22;22,87;2240,25;78,35;255,03;176,69;50,01;Trafik;Haftasonu ;10;2017
21.10.2017;111,84;22,23;1894,42;86,54;236,21;149,68;41,84;Trafik;Haftasonu ;10;2017
20.10.2017;142,7;8,3;1490,75;84,03;228,96;144,93;45,14;Trafik;Haftaici;10;2017
19.10.2017;145,94;6,88;1802,35;84,46;258,61;174,15;38,89;Trafik;Haftaici;10;2017
18.10.2017;70,78;5,83;1064,84;57,33;128,83;71,5;25,6;Trafik;Haftaici;10;2017
17.10.2017;53,06;6,95;;60,75;79,51;18,76;24,64;Trafik;Haftaici;10;2017
16.10.2017;43,55;13,96;693,05;57,82;71,84;14,02;19,9;Trafik;Haftaici;10;2017
15.10.2017;27,48;6,23;870,56;39,07;47,31;8,24;13,14;Trafik;Haftasonu ;10;2017
14.10.2017;37,97;5,55;530,77;60,18;86,27;26,1;21,97;Trafik;Haftasonu ;10;2017
13.10.2017;94,21;13,27;1471,43;66,5;125,55;59,05;35,86;Trafik;Haftaici;10;2017
12.10.2017;65,99;6,87;954,54;62,6;94,21;31,62;31,33;Trafik;Haftaici;10;2017
11.10.2017;50,78;7,13;923,41;64,74;90,9;26,16;29,96;Trafik;Haftaici;10;2017
10.10.2017;44,83;7,76;845,21;54,89;70,36;15,46;26,18;Trafik;Haftaici;10;2017
9.10.2017;32,07;6,61;579,33;45;51,66;6,66;20,58;Trafik;Haftaici;10;2017
8.10.2017;44,52;4,03;894,87;38,9;43;4,1;12,59;Trafik;Haftasonu ;10;2017
7.10.2017;66,61;5,5;1563,91;58,99;95,62;36,63;25,65;Trafik;Haftasonu ;10;2017
6.10.2017;68,05;6,57;1402,57;56,36;103,8;47,44;21,54;Trafik;Haftaici;10;2017
5.10.2017;83,8;9,42;1383,37;69,08;167,65;98,57;34,57;Trafik;Haftaici;10;2017
4.10.2017;54,79;5,2;796,98;40,52;59,78;19,26;22,81;Trafik;Haftaici;10;2017
3.10.2017;31,9;3,8;334,01;29,07;34,2;5,13;15,17;Trafik;Haftaici;10;2017
2.10.2017;21,91;4,3;;32,65;39,24;6,59;11,38;Trafik;Haftaici;10;2017
1.10.2017;31,38;4,08;785,98;28,87;35,22;6,35;15,26;Trafik;Haftasonu ;10;2017
30.09.2017;37,69;4,21;406,33;32,12;40,64;8,52;17,65;Trafik;Haftasonu ;9;2017
29.09.2017;35,09;5,25;280,39;30,96;39,92;8,97;18,17;Trafik;Haftaici;9;2017
28.09.2017;45,34;4,68;328,33;39,03;56,59;17,56;23,6;Trafik;Haftaici;9;2017
27.09.2017;56,71;8,56;699,43;47,34;100,19;52,85;33,58;Trafik;Haftaici;9;2017
26.09.2017;43,9;4,35;1084,64;35,03;57,07;22,04;11,03;Trafik;Haftaici;9;2017
25.09.2017;54,87;5,98;847,79;36,84;59,92;23,08;15,31;Trafik;Haftaici;9;2017
24.09.2017;54,09;6,82;822,99;37,79;54,52;16,73;22,78;Trafik;Haftasonu ;9;2017
23.09.2017;45,28;9,25;389;32,15;42,08;9,93;18,93;Trafik;Haftasonu ;9;2017
22.09.2017;31,96;4,92;379,29;24,07;31,32;7,24;13,32;Trafik;Haftaici;9;2017
21.09.2017;92,45;6,64;517,32;25,88;94,8;68,91;21,31;Trafik;Haftaici;9;2017
20.09.2017;94,39;6,37;915,42;;;;33,51;Trafik;Haftaici;9;2017
19.09.2017;100,04;;924,45;24,82;55,88;31,07;36,46;Trafik;Haftaici;9;2017
18.09.2017;133,05;10,72;1635,47;;;;41,16;Trafik;Haftaici;9;2017
17.09.2017;94,42;10,45;1808,35;;;;31,6;Trafik;Haftasonu ;9;2017
16.09.2017;92,94;9,08;1505,31;;;;31,48;Trafik;Haftasonu ;9;2017
15.09.2017;83,54;8,2;1214,25;;;;31,42;Trafik;Haftaici;9;2017
14.09.2017;67,24;8,56;612,63;16,57;21,25;4,68;15,37;Trafik;Haftaici;9;2017
13.09.2017;133,1;11,78;1461,46;;;;34,53;Trafik;Haftaici;9;2017
12.09.2017;122,09;13,19;1511,4;;;;35,98;Trafik;Haftaici;9;2017
11.09.2017;106,36;9,51;1086,78;;;;28,82;Trafik;Haftaici;9;2017
10.09.2017;107,63;10,02;1415,22;;;;35,69;Trafik;Haftasonu ;9;2017
9.09.2017;81,91;9,88;1518,14;;;;30,16;Trafik;Haftasonu ;9;2017
8.09.2017;121,41;10,94;1751,71;;;;26,16;Trafik;Haftaici;9;2017
7.09.2017;41,37;8,68;1026,02;;;;16,3;Trafik;Haftaici;9;2017
6.09.2017;26,34;10,22;;;;;14,87;Trafik;Haftaici;9;2017
5.09.2017;68,11;9,65;1261,63;28,05;111,98;83,93;31,59;Trafik;Haftaici;9;2017
4.09.2017;46,32;9,9;796,84;25,75;68,32;42,56;19,44;Trafik;Haftaici;9;2017
3.09.2017;39,3;10,91;1126,4;15,74;84,9;69,16;;Trafik;Haftasonu ;9;2017
2.09.2017;36,82;11,21;1057,07;13,95;96,51;82,56;;Trafik;Haftasonu ;9;2017
1.09.2017;26,62;9,26;641,55;18,2;65,58;47,38;12,69;Trafik;Haftaici;9;2017
31.08.2017;17,07;7,23;240,72;16,45;20,64;4,2;11,48;Trafik;Haftaici;8;2017
30.08.2017;33,35;7,15;618,3;16,89;21,22;4,32;16,9;Trafik;Haftaici;8;2017
29.08.2017;36,84;7,66;492,6;20,77;24,46;3,7;17;Trafik;Haftaici;8;2017
28.08.2017;36,46;10,36;386,74;18,99;22,1;3,11;15,78;Trafik;Haftaici;8;2017
27.08.2017;47,61;10,77;;21,46;23,3;1,84;21,67;Trafik;Haftasonu ;8;2017
26.08.2017;27,63;12,44;;;;;6,81;Trafik;Haftasonu ;8;2017
25.08.2017;18,51;16,33;;;;;;Trafik;Haftaici;8;2017
24.08.2017;30,37;8,06;227,9;;;;15,69;Trafik;Haftaici;8;2017
23.08.2017;22,61;8,6;;;;;;Trafik;Haftaici;8;2017
22.08.2017;27,46;10,07;304,67;;;;;Trafik;Haftaici;8;2017
21.08.2017;35,15;8,84;417,3;37,07;46,3;9,23;20,07;Trafik;Haftaici;8;2017
20.08.2017;60,91;10,47;897,99;23,78;75,36;51,59;25,36;Trafik;Haftasonu ;8;2017
19.08.2017;42,59;8,98;306,67;31,1;57,13;26,03;26,06;Trafik;Haftasonu ;8;2017
18.08.2017;35,62;7,08;652,35;24,21;27,75;3,54;23,76;Trafik;Haftaici;8;2017
17.08.2017;43,19;6,88;830,77;26,49;38,87;12,38;18,57;Trafik;Haftaici;8;2017
16.08.2017;58,15;7,3;976,88;33,17;35,6;2,42;32,97;Trafik;Haftaici;8;2017
15.08.2017;51,1;10,04;700,63;36,89;40,18;3,3;33,53;Trafik;Haftaici;8;2017
14.08.2017;62,63;10,26;980,8;28,19;30,94;2,74;29,56;Trafik;Haftaici;8;2017
13.08.2017;63,53;10,84;966,86;75,89;96,92;21,04;30,28;Trafik;Haftasonu ;8;2017
12.08.2017;49,47;9,27;855,92;27,29;29,55;2,26;24,8;Trafik;Haftasonu ;8;2017
11.08.2017;42,92;8,96;955,77;23,32;25,66;2,33;22,09;Trafik;Haftaici;8;2017
10.08.2017;48,19;9,84;533,7;;;;18,27;Trafik;Haftaici;8;2017
9.08.2017;71,21;9,75;408,79;;;;18,13;Trafik;Haftaici;8;2017
8.08.2017;58,72;8,53;559,61;;;;22,96;Trafik;Haftaici;8;2017
7.08.2017;76,06;8,58;1608,07;101,4;127,54;26,14;31,3;Trafik;Haftaici;8;2017
6.08.2017;44,45;8,3;544,38;35,23;39;3,77;20,19;Trafik;Haftasonu ;8;2017
5.08.2017;46,34;7,45;639,95;32,07;34,15;2,08;19,24;Trafik;Haftasonu ;8;2017
4.08.2017;48,4;7,9;1325;54,56;59,83;5,27;26,66;Trafik;Haftaici;8;2017
3.08.2017;50,45;8,38;638,65;25,79;27,3;1,51;20,89;Trafik;Haftaici;8;2017
2.08.2017;48,48;8,59;718,75;20,99;22,27;1,28;17,47;Trafik;Haftaici;8;2017
1.08.2017;34,52;8,47;572,26;21,67;23,02;1,35;16,9;Trafik;Haftaici;8;2017
31.07.2017;36,75;9,11;444,4;17,5;18,26;0,76;7,79;Trafik;Haftaici;7;2017
30.07.2017;26,2;9,61;456,79;15,26;16,02;0,75;;Trafik;Haftasonu ;7;2017
29.07.2017;30,23;9,39;586,58;29,45;31,28;1,84;;Trafik;Haftasonu ;7;2017
28.07.2017;41,02;9,73;230,5;26,16;27,73;1,57;16,34;Trafik;Haftaici;7;2017
27.07.2017;78,77;;;39,92;44,24;4,32;16,9;Trafik;Haftaici;7;2017
26.07.2017;91,06;;747,52;;;;24,27;Trafik;Haftaici;7;2017
25.07.2017;61,07;;601,37;;;;21,1;Trafik;Haftaici;7;2017
24.07.2017;49,42;12,27;274,42;29,01;29,82;0,81;19,99;Trafik;Haftaici;7;2017
23.07.2017;25,61;;;;;;8,01;Trafik;Haftasonu ;7;2017
22.07.2017;35,4;;1386,76;25,12;32,55;7,43;13,55;Trafik;Haftasonu ;7;2017
21.07.2017;33,95;;1147,97;21,44;28,89;7,44;14,31;Trafik;Haftaici;7;2017
20.07.2017;37,81;;370,16;;;;15,72;Trafik;Haftaici;7;2017
19.07.2017;;;1273,8;;;;;Trafik;Haftaici;7;2017
18.07.2017;44,86;;873,87;43,95;52,97;9,02;23,53;Trafik;Haftaici;7;2017
17.07.2017;46,77;10,25;858,49;70,94;94,24;23,3;17,62;Trafik;Haftaici;7;2017
16.07.2017;46,3;10,78;1378,1;45,36;61,43;16,07;23,8;Trafik;Haftasonu ;7;2017
15.07.2017;44,55;12,04;1096,35;46,6;55,38;8,78;20,17;Trafik;Haftasonu ;7;2017
14.07.2017;39,19;11,17;1308,08;40,87;48,56;7,69;16,04;Trafik;Haftaici;7;2017
13.07.2017;41,66;;;45,65;54,76;9,11;12,79;Trafik;Haftaici;7;2017
12.07.2017;38,78;10,84;798,52;49,01;55,6;6,59;15,9;Trafik;Haftaici;7;2017
11.07.2017;40,52;;1013,36;;;;18,03;Trafik;Haftaici;7;2017
10.07.2017;27,21;10,17;811,96;40,78;47,2;6,42;;Trafik;Haftaici;7;2017
9.07.2017;23,18;2,42;1606,31;32,95;40,17;7,22;11,16;Trafik;Haftasonu ;7;2017
8.07.2017;24,74;;876,81;33,03;39,98;6,95;;Trafik;Haftasonu ;7;2017
7.07.2017;34,57;;;31,97;37,34;5,37;21,78;Trafik;Haftaici;7;2017
6.07.2017;8,88;;;26,93;31,23;4,3;;Trafik;Haftaici;7;2017
5.07.2017;23,56;8,12;731,7;27,64;32,59;4,95;7,23;Trafik;Haftaici;7;2017
4.07.2017;47,39;10,41;1364,47;31;39,34;8,34;21,65;Trafik;Haftaici;7;2017
3.07.2017;62,85;;1248,32;71,57;207,95;136,38;24,47;Trafik;Haftaici;7;2017
2.07.2017;43,79;;;77,88;196,98;119,11;20,21;Trafik;Haftasonu ;7;2017
1.07.2017;46,53;;;38,08;45;6,92;16,51;Trafik;Haftasonu ;7;2017
30.06.2017;58,88;;881,45;40,44;50,47;10,03;23,6;Trafik;Haftaici;6;2017
29.06.2017;27,05;;623,71;;;;10,94;Trafik;Haftaici;6;2017
28.06.2017;35,14;;711,46;;;;23,72;Trafik;Haftaici;6;2017
27.06.2017;34,83;;999,32;;;;24,54;Trafik;Haftaici;6;2017
26.06.2017;20,8;;947,44;57,01;84,64;27,63;;Trafik;Haftaici;6;2017
25.06.2017;15,99;;826,84;30,45;34,36;3,91;;Trafik;Haftasonu ;6;2017
24.06.2017;33,02;;975,37;36,28;42,37;6,09;23,39;Trafik;Haftasonu ;6;2017
23.06.2017;31,49;7,44;1047,52;58,73;113,87;55,15;16,97;Trafik;Haftaici;6;2017
22.06.2017;31,2;;1015,87;51,79;65,31;13,52;16,74;Trafik;Haftaici;6;2017
21.06.2017;57,35;8,89;1518,53;90,36;167,44;77,08;32,18;Trafik;Haftaici;6;2017
20.06.2017;28,49;;885,6;58,26;80,86;22,61;16,92;Trafik;Haftaici;6;2017
19.06.2017;27,94;;1272,61;;;;;Trafik;Haftaici;6;2017
18.06.2017;33,94;9,54;1385,8;58,62;80,04;21,42;19,17;Trafik;Haftasonu ;6;2017
17.06.2017;38,98;8,44;976,09;60,48;96,38;35,9;17,99;Trafik;Haftasonu ;6;2017
16.06.2017;23,36;5,54;885,46;29,06;36,63;7,57;9,36;Trafik;Haftaici;6;2017
15.06.2017;38,98;7,53;1102,24;;;;17,2;Trafik;Haftaici;6;2017
14.06.2017;35,89;;;;;;20,32;Trafik;Haftaici;6;2017
13.06.2017;28,2;;;;;;10,04;Trafik;Haftaici;6;2017
12.06.2017;23,07;5,34;639,76;21,79;26,4;4,61;12,86;Trafik;Haftaici;6;2017
11.06.2017;27,49;8,26;843,62;30,59;35,51;4,92;12,29;Trafik;Haftasonu ;6;2017
10.06.2017;24,82;9,87;670,87;36,38;45,52;9,15;12,21;Trafik;Haftasonu ;6;2017
9.06.2017;33,83;8,3;719,65;43,35;53,53;10,19;13,24;Trafik;Haftaici;6;2017
8.06.2017;45,15;4,45;860,6;35,35;41,04;5,68;21,69;Trafik;Haftaici;6;2017
7.06.2017;53,46;8,22;;67,2;98,88;31,68;21,39;Trafik;Haftaici;6;2017
6.06.2017;31,86;7,36;1245,36;62,69;114,58;51,89;14,41;Trafik;Haftaici;6;2017
5.06.2017;37,68;4,4;884,92;41,87;49,59;7,72;13,41;Trafik;Haftaici;6;2017
4.06.2017;33,81;;818,49;44,06;58,01;13,95;16,46;Trafik;Haftasonu ;6;2017
3.06.2017;30,97;;631,46;49;63,83;14,83;14,63;Trafik;Haftasonu ;6;2017
2.06.2017;44,56;;1053,91;60,04;103,43;43,4;21,61;Trafik;Haftaici;6;2017
1.06.2017;43,48;8,02;1063,33;59,21;99,7;40,49;27,42;Trafik;Haftaici;6;2017
31.05.2017;47,08;7,13;1413,58;56,97;131,96;74,98;;Trafik;Haftaici;5;2017
30.05.2017;25,93;5,23;236,71;;;;11,01;Trafik;Haftaici;5;2017
29.05.2017;23,8;3,95;455,99;35,47;43,77;8,31;11,8;Trafik;Haftaici;5;2017
27.05.2017;35,12;;945,78;55,36;78,98;23,62;14,7;Trafik;Haftasonu ;5;2017
26.05.2017;41,31;5,4;1223,19;76,27;155,86;79,6;19,47;Trafik;Haftaici;5;2017
25.05.2017;38,16;3,7;788,32;57,5;74,87;17,37;11,73;Trafik;Haftaici;5;2017
24.05.2017;37,31;8,21;790,84;54,5;131,76;77,26;14,37;Trafik;Haftaici;5;2017
23.05.2017;22,45;6,04;578,11;38,13;48,54;10,4;10,92;Trafik;Haftaici;5;2017
22.05.2017;25,54;6,13;482,04;49,56;63,23;13,67;11,41;Trafik;Haftaici;5;2017
21.05.2017;27,91;5,32;844,76;52,48;67,39;14,91;15,01;Trafik;Haftasonu ;5;2017
20.05.2017;28,79;6,43;607,7;48,07;65,54;17,47;;Trafik;Haftasonu ;5;2017
19.05.2017;15,71;3,17;474,33;18,43;26,45;8,03;;Trafik;Haftaici;5;2017
17.05.2017;;;;;;;;Trafik;Haftaici;5;2017
16.05.2017;21,26;2,32;558,5;;;;7,45;Trafik;Haftaici;5;2017
15.05.2017;22,58;3,44;982,79;21,94;30,63;8,69;7,16;Trafik;Haftaici;5;2017
14.05.2017;90,21;6,6;486,28;23,77;29,74;5,97;18,28;Trafik;Haftasonu ;5;2017
13.05.2017;125,45;;1192,69;42,61;135,75;93,14;27,24;Trafik;Haftasonu ;5;2017
12.05.2017;43,55;5,59;1285,84;55,52;97,54;42,02;13,36;Trafik;Haftaici;5;2017
11.05.2017;43,49;6,4;786,3;53,8;86,25;32,45;18,07;Trafik;Haftaici;5;2017
10.05.2017;29,08;6,93;842,1;33,12;40,73;7,61;10,47;Trafik;Haftaici;5;2017
9.05.2017;56;;605,83;22,23;31,95;9,72;6,88;Trafik;Haftaici;5;2017
8.05.2017;49,66;4,37;704,08;38,28;51,21;12,93;10,99;Trafik;Haftaici;5;2017
7.05.2017;31,31;4,87;609,89;52,92;87,67;34,75;;Trafik;Haftasonu ;5;2017
6.05.2017;39,93;3,84;925,82;51,78;64,54;12,77;15,58;Trafik;Haftasonu ;5;2017
5.05.2017;50,36;4,27;1568,01;46,94;96,65;49,71;14,79;Trafik;Haftaici;5;2017
4.05.2017;49,38;5,06;967,67;34,59;50,71;16,12;13,81;Trafik;Haftaici;5;2017
3.05.2017;49,15;4,67;772,18;38,14;46,62;8,48;16,06;Trafik;Haftaici;5;2017
2.05.2017;78,01;5,55;1328,03;56,72;158,45;101,72;25,75;Trafik;Haftaici;5;2017
1.05.2017;72,37;5,97;1327,29;54,32;67,43;13,11;20,91;Trafik;Haftaici;5;2017
30.04.2017;77,21;5,11;1381,64;58,28;109,11;50,83;24,69;Trafik;Haftasonu ;4;2017
29.04.2017;61,46;7,77;1336,74;63,6;114,91;51,31;18,99;Trafik;Haftasonu ;4;2017
28.04.2017;66,95;5,82;1362,52;65,14;143,68;78,54;19,47;Trafik;Haftaici;4;2017
27.04.2017;104,1;7,24;1576,38;57,33;178,73;121,4;27,29;Trafik;Haftaici;4;2017
26.04.2017;63,86;5,03;983,13;51,14;111,48;60,34;24,94;Trafik;Haftaici;4;2017
25.04.2017;36,79;5,45;369,35;32,15;41,1;8,95;13,19;Trafik;Haftaici;4;2017
24.04.2017;31,2;;396,61;44,75;58,72;13,97;;Trafik;Haftaici;4;2017
23.04.2017;29,11;4,66;561,39;47,22;74,04;26,82;16,01;Trafik;Haftasonu ;4;2017
22.04.2017;31,28;5,08;567,66;33,37;43,83;10,46;13,74;Trafik;Haftasonu ;4;2017
21.04.2017;23,66;3,13;632,49;53,93;72,08;18,15;;Trafik;Haftaici;4;2017
20.04.2017;44,29;2,71;489,72;29,31;38,6;9,29;6,84;Trafik;Haftaici;4;2017
19.04.2017;53,11;5,68;762,67;55,05;100,31;45,26;22,78;Trafik;Haftaici;4;2017
18.04.2017;38,06;5,37;686,15;43,31;56,92;13,61;10,73;Trafik;Haftaici;4;2017
17.04.2017;39,67;3,22;661,97;54,71;81,47;22,32;;Trafik;Haftaici;4;2017
16.04.2017;41,75;5,27;1342,44;36,27;80,72;24,46;17,3;Trafik;Haftasonu ;4;2017
15.04.2017;69,46;;1304,06;37,39;117,22;59,83;31,29;Trafik;Haftasonu ;4;2017
14.04.2017;41,2;;151,73;38,5;70,39;11,9;18,69;Trafik;Haftaici;4;2017
13.04.2017;62,57;5,96;1491,84;34,24;77,49;23,26;22,5;Trafik;Haftaici;4;2017
12.04.2017;45,66;7,88;695,11;35,79;66,96;11,17;17,7;Trafik;Haftaici;4;2017
11.04.2017;35,13;6,74;569,71;32;72,63;20,63;16,86;Trafik;Haftaici;4;2017
10.04.2017;28,67;5,92;653,11;29,76;63,26;13,5;10,58;Trafik;Haftaici;4;2017
9.04.2017;28,15;5,79;580,64;27,56;58,1;10,54;14,71;Trafik;Haftasonu ;4;2017
8.04.2017;29,94;5,52;356,63;27,74;57,98;10,24;11,42;Trafik;Haftasonu ;4;2017
7.04.2017;44,21;7,04;694,21;42,77;82,13;19,36;20,28;Trafik;Haftaici;4;2017
6.04.2017;57,54;;748,86;43,46;75,23;11,78;15,16;Trafik;Haftaici;4;2017
5.04.2017;49,94;;952,62;;;;10,63;Trafik;Haftaici;4;2017
4.04.2017;45,49;;642,13;;;;11,09;Trafik;Haftaici;4;2017
3.04.2017;55,49;7,06;874,8;47,12;114,15;47,03;20,28;Trafik;Haftaici;4;2017
2.04.2017;30,36;6,05;810,77;28,3;68,64;20,35;11,82;Trafik;Haftasonu ;4;2017
1.04.2017;38,43;4,82;334,05;20,66;45,95;5,29;10,04;Trafik;Haftasonu ;4;2017
31.03.2017;37,05;5,3;494,81;22,89;49,02;6,13;12,14;Trafik;Haftaici;3;2017
30.03.2017;48,26;5,12;712,72;41,64;74,75;13,11;16;Trafik;Haftaici;3;2017
29.03.2017;54,82;5,18;524,95;29,53;73,14;23,61;21,35;Trafik;Haftaici;3;2017
28.03.2017;59,77;;704,67;41,97;99;37,04;27,95;Trafik;Haftaici;3;2017
27.03.2017;;;805,17;26,48;56,69;10,21;16,36;Trafik;Haftaici;3;2017
26.03.2017;58,55;9,76;763,68;36,8;68,98;12,18;27,25;Trafik;Haftasonu ;3;2017
25.03.2017;63,33;12,25;760,36;44,64;102,69;38,04;17,58;Trafik;Haftasonu ;3;2017
24.03.2017;61,44;7,28;;41,68;109,28;47,59;19,55;Trafik;Haftaici;3;2017
23.03.2017;40,49;6,32;273,06;23,66;49,56;5,91;14,93;Trafik;Haftaici;3;2017
22.03.2017;34;7,11;;20,67;45,8;5,13;12,76;Trafik;Haftaici;3;2017
21.03.2017;;;1803,52;;;;;Trafik;Haftaici;3;2017
20.03.2017;24,63;6,65;;53,64;56,76;3,12;10,64;Trafik;Haftaici;3;2017
18.03.2017;26,98;11,42;775,23;49,62;54,27;4,65;;Trafik;Haftasonu ;3;2017
17.03.2017;26,81;2,84;377,45;64,82;70,64;5,82;;Trafik;Haftaici;3;2017
16.03.2017;60,53;1,92;841,06;73,74;79,62;5,88;;Trafik;Haftaici;3;2017
15.03.2017;36,91;2,81;1031,85;59,91;66,98;7,07;;Trafik;Haftaici;3;2017
14.03.2017;25,27;0,46;450,39;57,75;65,73;7,98;;Trafik;Haftaici;3;2017
13.03.2017;28,88;1,68;551,99;65,66;71,59;5,93;;Trafik;Haftaici;3;2017
12.03.2017;20,9;0,83;844,24;47,08;49,37;2,3;;Trafik;Haftasonu ;3;2017
11.03.2017;123,74;2,16;518,02;43,78;45,75;1,96;;Trafik;Haftasonu ;3;2017
10.03.2017;30,32;1,61;885,82;40,54;42,2;1,66;;Trafik;Haftaici;3;2017
9.03.2017;84,21;5,69;526,62;39,09;40,59;1,5;;Trafik;Haftaici;3;2017
8.03.2017;61,22;5,46;1074,89;103,84;121,42;17,58;;Trafik;Haftaici;3;2017
7.03.2017;68,54;4,89;889,69;94,2;110,26;16,06;16,06;Trafik;Haftaici;3;2017
6.03.2017;75,06;5,66;1157,16;98,86;116,29;17,43;25,21;Trafik;Haftaici;3;2017
5.03.2017;89,62;5,9;1359,22;115,49;142,98;27,49;35,68;Trafik;Haftasonu ;3;2017
4.03.2017;28,6;1,69;;33,66;34,96;1,29;10,84;Trafik;Haftasonu ;3;2017
3.03.2017;83,01;2,94;1722,61;147,14;182,54;35,39;43,86;Trafik;Haftaici;3;2017
2.03.2017;92,13;4,56;1400,55;79,35;88,05;8,7;40,38;Trafik;Haftaici;3;2017
1.03.2017;72,53;3,73;400,93;45,77;48,58;2,81;19,57;Trafik;Haftaici;3;2017
28.02.2017;94,24;3,31;;82,47;93,27;10,81;31,97;Trafik;Haftaici;2;2017
27.02.2017;142,21;13,52;759,36;130,99;142,6;11,61;60,79;Trafik;Haftaici;2;2017
26.02.2017;118,47;7,89;1904,85;149,77;170,07;20,3;59,37;Trafik;Haftasonu ;2;2017
25.02.2017;79;7,65;895,56;124,53;136,62;12,1;41,47;Trafik;Haftasonu ;2;2017
24.02.2017;44,13;3,25;;65,32;69,49;4,16;14,61;Trafik;Haftaici;2;2017
23.02.2017;103,56;9,35;1752,64;172,28;198,02;25,74;57,96;Trafik;Haftaici;2;2017
22.02.2017;57,14;10,67;246,63;72,77;80,32;7,56;24,11;Trafik;Haftaici;2;2017
21.02.2017;49,61;10,53;746,43;106,82;120,62;13,8;19,45;Trafik;Haftaici;2;2017
20.02.2017;43,52;5,71;226,04;49,4;51,46;2,07;15,38;Trafik;Haftaici;2;2017
19.02.2017;74,71;11,74;895,36;93,25;100,71;7,46;39,46;Trafik;Haftasonu ;2;2017
18.02.2017;133,01;13,54;1821,2;190,04;222,88;32,84;58,39;Trafik;Haftasonu ;2;2017
17.02.2017;97,07;6,99;1253,35;138,26;162,04;23,77;48,22;Trafik;Haftaici;2;2017
16.02.2017;21,72;2,9;281,99;43,81;46,64;2,84;8,49;Trafik;Haftaici;2;2017
15.02.2017;52,98;3,83;802;63,98;70,5;6,52;23,96;Trafik;Haftaici;2;2017
14.02.2017;30,98;3,87;470,73;46,25;50,08;3,83;18,87;Trafik;Haftaici;2;2017
13.02.2017;31,08;2,84;751,45;43,61;46,58;2,97;19,74;Trafik;Haftaici;2;2017
12.02.2017;29,32;3,71;;33,2;35,23;2,03;17,37;Trafik;Haftasonu ;2;2017
11.02.2017;101,67;7,82;454,55;61,82;66,13;4,3;60,59;Trafik;Haftasonu ;2;2017
10.02.2017;133,87;14,41;834,16;126,77;145,47;18,7;74,7;Trafik;Haftaici;2;2017
9.02.2017;148,69;12,08;1231,29;173,09;196,13;23,04;66,76;Trafik;Haftaici;2;2017
8.02.2017;114,07;7,63;1127,97;117,01;132,59;15,57;60,01;Trafik;Haftaici;2;2017
7.02.2017;125,07;5,45;1433,06;126,97;143,92;16,95;75,59;Trafik;Haftaici;2;2017
6.02.2017;45,86;7,85;997,41;112,48;123,66;11,18;23,18;Trafik;Haftaici;2;2017
5.02.2017;22,97;6,56;366,72;53,88;56,98;3,11;;Trafik;Haftasonu ;2;2017
4.02.2017;84,14;16,59;2190,71;160,07;184,38;24,31;68,52;Trafik;Haftasonu ;2;2017
3.02.2017;69,96;12,28;1395,73;134,44;153,15;18,72;;Trafik;Haftaici;2;2017
2.02.2017;62,01;8,91;1033,39;115,61;131,58;15,97;54,09;Trafik;Haftaici;2;2017
1.02.2017;67,23;8,25;947;113,21;131,6;18,39;;Trafik;Haftaici;2;2017
31.01.2017;50,44;8,19;2777,11;71,46;84,21;12,75;29,43;Trafik;Haftaici;1;2017
30.01.2017;82,05;13,56;952,3;74,74;91,73;16,99;47,95;Trafik;Haftaici;1;2017
29.01.2017;28,98;20,87;756,22;65,04;84,82;19,78;16,84;Trafik;Haftasonu ;1;2017
28.01.2017;42,16;20,42;973,78;60,84;75,79;14,95;18,13;Trafik;Haftasonu ;1;2017
27.01.2017;23,94;8,58;461,47;38,97;47,24;8,28;10,41;Trafik;Haftaici;1;2017
26.01.2017;27,39;8,67;;36,31;42,08;5,77;11,29;Trafik;Haftaici;1;2017
25.01.2017;65,34;12,94;1137,8;88,28;110,5;22,23;42,95;Trafik;Haftaici;1;2017
24.01.2017;135,12;17,44;2113,23;106,07;153,5;47,43;68,29;Trafik;Haftaici;1;2017
23.01.2017;46,21;9,51;939,72;68,32;87,8;19,48;24,18;Trafik;Haftaici;1;2017
22.01.2017;39,42;14,64;468,44;43,52;48,13;4,62;22,67;Trafik;Haftasonu ;1;2017
21.01.2017;34,33;13,82;351,01;60,85;75,76;14,91;;Trafik;Haftasonu ;1;2017
20.01.2017;44,54;9,97;900,36;56,01;66,9;10,88;29,78;Trafik;Haftaici;1;2017
19.01.2017;80,05;10,93;990,6;93,62;127,35;33,73;61,06;Trafik;Haftaici;1;2017
18.01.2017;103,9;10,68;3627,37;206,46;362,36;155,9;84,6;Trafik;Haftaici;1;2017
17.01.2017;84,31;12,85;1810,53;102,82;135,6;32,79;65,38;Trafik;Haftaici;1;2017
16.01.2017;77,13;16,06;1934,46;117,43;160,75;43,32;60,15;Trafik;Haftaici;1;2017
15.01.2017;100,39;17,03;2649,24;114,28;151,71;37,42;79,74;Trafik;Haftasonu ;1;2017
14.01.2017;73,72;11,76;1388,35;96,04;127,89;31,85;48,16;Trafik;Haftasonu ;1;2017
13.01.2017;42,85;15,99;807,47;80,45;102,28;23,61;22,94;Trafik;Haftaici;1;2017
12.01.2017;23,92;12,96;672,05;73,76;91,47;17,72;14,41;Trafik;Haftaici;1;2017
11.01.2017;32,96;11,49;2016,37;115,26;178,67;63,41;;Trafik;Haftaici;1;2017
10.01.2017;29,99;14,13;922,38;40,31;44,03;3,73;;Trafik;Haftaici;1;2017
9.01.2017;52,99;21,3;1208,97;86,84;129,11;42,27;30,77;Trafik;Haftaici;1;2017
8.01.2017;20,83;8,86;585,67;54,39;69,87;15,48;11,75;Trafik;Haftasonu ;1;2017
7.01.2017;16,55;7,37;617,17;56,65;67,91;11,25;6,06;Trafik;Haftasonu ;1;2017
6.01.2017;16,68;12,75;274,14;55,44;65,39;9,95;6,57;Trafik;Haftaici;1;2017
5.01.2017;58,39;15,58;1957,17;87,59;119,89;32,3;32,23;Trafik;Haftaici;1;2017
4.01.2017;59,31;11,36;1287,83;94,44;126,65;32,21;41,32;Trafik;Haftaici;1;2017
3.01.2017;66,67;7,81;1118,64;96,95;134,46;37,51;41,11;Trafik;Haftaici;1;2017
2.01.2017;78,26;12,39;1440,83;95,19;139,57;44,38;52,07;Trafik;Haftaici;1;2017
1.01.2017;31,8;13,27;922,89;79,73;102,36;22,63;;Trafik;Haftasonu ;1;2017
31.12.2016;31,37;42,06;769,14;71,82;97,18;25,36;18,21;Trafik;Haftasonu ;12;2016
30.12.2016;42,11;9,7;1092,5;87,11;122,37;35,26;25,41;Trafik;Haftaici;12;2016
29.12.2016;23,2;9,9;1078,87;66,84;82,49;15,64;12,51;Trafik;Haftaici;12;2016
28.12.2016;42,38;14,28;701,47;64,12;77,95;13,84;17,95;Trafik;Haftaici;12;2016
27.12.2016;40,55;21,57;1049,91;57,13;69,89;12,76;17,89;Trafik;Haftaici;12;2016
26.12.2016;39,7;10,92;852,82;42,91;50,3;7,39;21,52;Trafik;Haftaici;12;2016
25.12.2016;41,38;30,47;573,38;67,73;84,14;16,41;16,59;Trafik;Haftasonu ;12;2016
24.12.2016;74,76;19,3;1773,79;108,92;152,7;43,78;;Trafik;Haftasonu ;12;2016
23.12.2016;59,73;10,67;1360,94;65,61;77,13;11,52;;Trafik;Haftaici;12;2016
22.12.2016;39,63;14,44;968,95;44,46;49,61;5,15;;Trafik;Haftaici;12;2016
21.12.2016;57,03;14,33;1056,75;46,13;54,8;8,67;31,53;Trafik;Haftaici;12;2016
20.12.2016;65,51;13,84;1276,43;85,28;132,22;46,94;25,55;Trafik;Haftaici;12;2016
19.12.2016;80,9;14,73;2047,65;106,33;195,23;88,9;33,27;Trafik;Haftaici;12;2016
18.12.2016;46,31;14,21;1006,52;57,14;73,52;16,38;17,44;Trafik;Haftasonu ;12;2016
17.12.2016;51,84;13,32;1353,52;54,38;71,08;16,7;17,78;Trafik;Haftasonu ;12;2016
16.12.2016;47,01;62,82;1523,4;75,72;115,66;39,94;21,57;Trafik;Haftaici;12;2016
15.12.2016;38,51;13,17;1159,53;64,44;85,66;21,22;15,51;Trafik;Haftaici;12;2016
14.12.2016;34,57;7,85;;48,38;63,24;14,85;12,1;Trafik;Haftaici;12;2016
13.12.2016;22,66;16,27;1371,03;47,72;58,26;10,54;7,75;Trafik;Haftaici;12;2016
12.12.2016;165,71;25,88;2875,09;282,89;456,03;173,15;57,49;Trafik;Haftaici;12;2016
11.12.2016;108,59;24,03;3909,69;176,01;313,78;137,77;39,09;Trafik;Haftasonu ;12;2016
10.12.2016;95,91;36,89;4736,94;156,71;255,04;98,33;36,54;Trafik;Haftasonu ;12;2016
9.12.2016;115,92;22,12;5223,9;;;;49,14;Trafik;Haftaici;12;2016
8.12.2016;56,9;13,03;3459,34;;;;34,18;Trafik;Haftaici;12;2016
7.12.2016;66,31;37,44;1258,35;;;;46,68;Trafik;Haftaici;12;2016
6.12.2016;125,63;15,83;6311,25;;;;76,74;Trafik;Haftaici;12;2016
5.12.2016;63,02;9,55;4065,99;;;;;Trafik;Haftaici;12;2016
4.12.2016;103,43;16,35;2662,96;;;;;Trafik;Haftasonu ;12;2016
3.12.2016;46,6;9,51;859,38;;;;37,75;Trafik;Haftasonu ;12;2016
2.12.2016;22,5;9,68;5486,61;;;;;Trafik;Haftaici;12;2016
1.12.2016;33,75;6,27;155,2;36,36;42,41;6,05;19,53;Trafik;Haftaici;12;2016
30.11.2016;24,92;6,51;87,25;33,72;39,81;6,09;14,33;Trafik;Haftaici;11;2016
29.11.2016;83,51;10,48;3087,83;82,05;103,48;21,42;40,37;Trafik;Haftaici;11;2016
28.11.2016;146,76;14,29;869,69;102,72;114,97;12,26;80,59;Trafik;Haftaici;11;2016
27.11.2016;151,16;24;2139,66;187,02;238,07;51,05;92,97;Trafik;Haftasonu ;11;2016
26.11.2016;232,01;25,41;2329,02;212,29;290,04;77,75;148,19;Trafik;Haftasonu ;11;2016
25.11.2016;255,97;33,51;2948,17;273,82;386,65;112,83;153,06;Trafik;Haftaici;11;2016
24.11.2016;205,6;27,07;2329,37;199,24;276,91;77,66;118,57;Trafik;Haftaici;11;2016
23.11.2016;182,15;20,12;1876,88;141,57;238,76;97,19;94,85;Trafik;Haftaici;11;2016
22.11.2016;125,09;19,79;1390,07;113,22;174,05;60,83;55,43;Trafik;Haftaici;11;2016
21.11.2016;196,97;24,99;2685,96;185,17;366,23;181,06;85,75;Trafik;Haftaici;11;2016
20.11.2016;196,2;22,22;2824,24;219,56;341,35;121,79;85,54;Trafik;Haftasonu ;11;2016
19.11.2016;122,99;17,39;1989,94;108,32;163,85;55,53;60,2;Trafik;Haftasonu ;11;2016
18.11.2016;131,75;16,04;2115,11;119,22;194,96;75,75;58,75;Trafik;Haftaici;11;2016
17.11.2016;78,03;10,25;737,43;83,52;128,33;44,82;32,37;Trafik;Haftaici;11;2016
16.11.2016;43,77;6,62;2025,71;52,78;63,78;11;21,22;Trafik;Haftaici;11;2016
15.11.2016;35,9;8,95;1545,63;37,7;44,3;6,61;18,14;Trafik;Haftaici;11;2016
14.11.2016;60,07;18,95;2390,76;87,83;124,35;36,52;33,66;Trafik;Haftaici;11;2016
13.11.2016;41,65;9,75;1038,96;59,22;68,57;9,35;14,19;Trafik;Haftasonu ;11;2016
12.11.2016;97,75;11,19;1762,99;121,06;175,96;54,91;52,09;Trafik;Haftasonu ;11;2016
11.11.2016;75,33;9,55;1131,1;134,17;195,64;61,47;37,96;Trafik;Haftaici;11;2016
10.11.2016;38,97;8,02;1667,44;83,1;97,87;14,76;11,42;Trafik;Haftaici;11;2016
9.11.2016;171,92;11,01;1633,38;120,13;176,89;56,76;76,98;Trafik;Haftaici;11;2016
8.11.2016;180,27;15,28;3314,67;265,33;382,9;117,57;89,86;Trafik;Haftaici;11;2016
7.11.2016;136,95;14,02;2693,63;213,85;348,49;134,64;65,29;Trafik;Haftaici;11;2016
6.11.2016;125,16;16,94;988,65;185,18;254,72;69,54;;Trafik;Haftasonu ;11;2016
5.11.2016;121,09;25,53;1588,34;179,93;280,26;100,33;;Trafik;Haftasonu ;11;2016
4.11.2016;133,84;27,21;2376,24;263,13;396,8;133,66;;Trafik;Haftaici;11;2016
3.11.2016;157,05;17;5056,82;215,24;332,57;117,32;87,4;Trafik;Haftaici;11;2016
2.11.2016;90,3;15,17;2300,31;157,94;236,05;78,12;50,51;Trafik;Haftaici;11;2016
1.11.2016;32,9;11,36;2022,36;83;102,81;19,81;17,66;Trafik;Haftaici;11;2016
31.10.2016;35,16;11,86;966,11;74,23;82,66;8,43;15,83;Trafik;Haftaici;10;2016
30.10.2016;46,21;24,26;1845,47;66,11;73,06;6,94;19,92;Trafik;Haftasonu ;10;2016
29.10.2016;58,96;11,27;1626,82;94,13;113,41;19,29;35,2;Trafik;Haftasonu ;10;2016
28.10.2016;54,4;9,17;1235,12;77,82;93,58;15,76;31,61;Trafik;Haftaici;10;2016
27.10.2016;69,47;8,09;2276,79;126,37;149,52;23,15;37,12;Trafik;Haftaici;10;2016
26.10.2016;115,08;11,87;2502,57;183,67;301,65;117,98;69,77;Trafik;Haftaici;10;2016
25.10.2016;45,31;5,87;1116,42;76,03;96,42;20,39;;Trafik;Haftaici;10;2016
24.10.2016;52,55;8,47;2705,31;;;;24,76;Trafik;Haftaici;10;2016
23.10.2016;94,64;14,56;3348,97;;;;53,11;Trafik;Haftasonu ;10;2016
22.10.2016;98,3;11,5;;;;;;Trafik;Haftasonu ;10;2016
21.10.2016;71,04;11,87;3004,68;;;;55,21;Trafik;Haftaici;10;2016
20.10.2016;77,65;12,86;;;;;42,74;Trafik;Haftaici;10;2016
19.10.2016;71;9;1741,75;;;;47,54;Trafik;Haftaici;10;2016
18.10.2016;28,51;5,92;;;;;15,3;Trafik;Haftaici;10;2016
17.10.2016;38,29;6,35;1055,3;;;;20,68;Trafik;Haftaici;10;2016
16.10.2016;67,47;7,86;;;;;39,44;Trafik;Haftasonu ;10;2016
15.10.2016;38,42;6,58;;;;;;Trafik;Haftasonu ;10;2016
14.10.2016;29,77;5,53;1554,73;51,9;64,3;12,4;13,07;Trafik;Haftaici;10;2016
13.10.2016;38,3;7,43;1583,51;69,23;94,12;24,89;15,18;Trafik;Haftaici;10;2016
12.10.2016;125,98;5,81;2288,71;59,47;103,32;43,85;50,84;Trafik;Haftaici;10;2016
11.10.2016;60,3;9,18;1905,17;82,48;197,46;114,98;32,31;Trafik;Haftaici;10;2016
10.10.2016;60,83;7,68;;91,3;204,14;112,84;33,02;Trafik;Haftaici;10;2016
9.10.2016;63,71;6,94;1886,83;82,54;197,47;114,92;28,23;Trafik;Haftasonu ;10;2016
8.10.2016;64,83;5,04;1159,11;78,17;110,91;32,74;23,61;Trafik;Haftasonu ;10;2016
7.10.2016;90,28;9,38;1332,6;92,44;195,42;102,97;32,72;Trafik;Haftaici;10;2016
6.10.2016;70,01;4,84;1191,14;66,44;89,02;22,58;29,6;Trafik;Haftaici;10;2016
5.10.2016;99,81;20,65;1095,87;97,28;146,28;49;38,36;Trafik;Haftaici;10;2016
4.10.2016;99,17;12,93;1835,63;102,75;261,12;158,37;;Trafik;Haftaici;10;2016
3.10.2016;115,52;10,2;1760,52;115,82;256,06;140,24;34,67;Trafik;Haftaici;10;2016
2.10.2016;96,06;9,21;1985,24;93,19;217,01;123,82;32,66;Trafik;Haftasonu ;10;2016
1.10.2016;87,98;6,64;2036,89;92,56;207,17;114,61;32,5;Trafik;Haftasonu ;10;2016
30.09.2016;26,1;6,64;1592,45;47,07;69,39;22,31;12,31;Trafik;Haftaici;9;2016
29.09.2016;57,71;9,63;1492,95;82,54;202,62;120,09;24,77;Trafik;Haftaici;9;2016
28.09.2016;21,96;4,92;1816,87;46,05;58,03;11,98;8,12;Trafik;Haftaici;9;2016
27.09.2016;;7,53;2295,83;87,48;216,18;128,7;;Trafik;Haftaici;9;2016
26.09.2016;;9,35;2047,37;89,72;204,19;114,47;;Trafik;Haftaici;9;2016
25.09.2016;;9,85;1751,46;43,52;58,63;15,12;;Trafik;Haftasonu ;9;2016
24.09.2016;;8,71;1520,32;44,13;56,56;12,43;;Trafik;Haftasonu ;9;2016
23.09.2016;;7,84;1776,59;43,41;54,87;11,46;;Trafik;Haftaici;9;2016
22.09.2016;;11,12;1842,91;;;;14,02;Trafik;Haftaici;9;2016
21.09.2016;;8,98;2042,96;;;;11,48;Trafik;Haftaici;9;2016
20.09.2016;;10,26;;;;;;Trafik;Haftaici;9;2016
19.09.2016;;12,15;;;;;;Trafik;Haftaici;9;2016
18.09.2016;;11,9;981,43;;;;;Trafik;Haftasonu ;9;2016
17.09.2016;;9,54;;;;;;Trafik;Haftasonu ;9;2016
16.09.2016;;10,58;;;;;;Trafik;Haftaici;9;2016
15.09.2016;;10,02;;;;;;Trafik;Haftaici;9;2016
14.09.2016;;10,11;;;;;;Trafik;Haftaici;9;2016
13.09.2016;;10,06;;;;;;Trafik;Haftaici;9;2016
12.09.2016;;7,82;;;;;;Trafik;Haftaici;9;2016
11.09.2016;;8,57;;;;;;Trafik;Haftasonu ;9;2016
10.09.2016;;10,34;;;;;;Trafik;Haftasonu ;9;2016
9.09.2016;;11,41;;;;;18,48;Trafik;Haftaici;9;2016
8.09.2016;;10,04;;77,66;177,36;99,7;18,32;Trafik;Haftaici;9;2016
7.09.2016;;9,85;;46,26;52,34;6,09;21,09;Trafik;Haftaici;9;2016
6.09.2016;;10,75;;91,79;181,88;90,09;;Trafik;Haftaici;9;2016
5.09.2016;;10,35;1557,22;81,05;174,75;93,69;;Trafik;Haftaici;9;2016
4.09.2016;;9,67;176,29;42,1;51,11;9,01;;Trafik;Haftasonu ;9;2016
3.09.2016;;9,45;1285,44;41,5;53,78;12,28;;Trafik;Haftasonu ;9;2016
2.09.2016;;8,46;;39,56;46,79;7,23;;Trafik;Haftaici;9;2016
1.09.2016;;8,22;914;44,06;53,29;9,23;;Trafik;Haftaici;9;2016
31.08.2016;;9,97;;38,78;45,31;6,53;;Trafik;Haftaici;8;2016
30.08.2016;;8,54;589,88;51,95;61,22;9,27;;Trafik;Haftaici;8;2016
29.08.2016;;7,87;301,32;66,35;79,82;13,46;;Trafik;Haftaici;8;2016
28.08.2016;;7,41;706,2;41,06;46,66;5,6;;Trafik;Haftasonu ;8;2016
27.08.2016;30,36;8,67;277,25;51,88;65,31;13,44;15,56;Trafik;Haftasonu ;8;2016
26.08.2016;40,47;5,83;1175,71;43,78;52,35;8,58;21,18;Trafik;Haftaici;8;2016
25.08.2016;43,55;9,26;131,16;34,38;40,67;6,29;22,78;Trafik;Haftaici;8;2016
24.08.2016;77,99;8,09;2108,42;62,83;90,43;27,6;26,71;Trafik;Haftaici;8;2016
23.08.2016;56,8;13,28;678,81;50,03;57,57;7,55;;Trafik;Haftaici;8;2016
22.08.2016;46,18;11,81;1124,95;57,68;71,86;14,18;25,18;Trafik;Haftaici;8;2016
21.08.2016;50,95;9,2;154,77;53,82;60,83;7,01;20,07;Trafik;Haftasonu ;8;2016
20.08.2016;38,23;9,08;782,5;48,66;63,99;15,33;15,98;Trafik;Haftasonu ;8;2016
19.08.2016;36,68;10,49;244,54;55,16;62,07;6,91;17,35;Trafik;Haftaici;8;2016
18.08.2016;47,12;10,11;670,85;71,31;93,64;22,33;20,12;Trafik;Haftaici;8;2016
17.08.2016;25,71;10,46;194,34;43,92;51,7;7,78;11,92;Trafik;Haftaici;8;2016
16.08.2016;24,32;8,85;260,88;38,16;43,67;5,51;8,61;Trafik;Haftaici;8;2016
15.08.2016;22,98;6,62;2366,22;34,42;39,52;5,1;8,22;Trafik;Haftaici;8;2016
14.08.2016;22,56;7,68;1042,87;33,24;39,47;6,23;5,91;Trafik;Haftasonu ;8;2016
13.08.2016;26,58;7,34;445,62;38,94;45,11;6,17;15,17;Trafik;Haftasonu ;8;2016
12.08.2016;70,97;7,78;992,47;49,47;54,36;4,88;33,29;Trafik;Haftaici;8;2016
11.08.2016;53,17;9,63;;50,85;62,28;11,43;33,37;Trafik;Haftaici;8;2016
10.08.2016;59,67;6,17;1403,39;62,74;88,31;25,57;23,57;Trafik;Haftaici;8;2016
9.08.2016;25,49;7,66;233,2;50,34;65,79;15,45;12,95;Trafik;Haftaici;8;2016
8.08.2016;33,89;4,87;1003,61;30,01;33,86;3,85;15,43;Trafik;Haftaici;8;2016
7.08.2016;32,88;6,9;200,28;32,33;36,87;4,54;20,01;Trafik;Haftasonu ;8;2016
6.08.2016;46,68;9,82;1263,3;52,85;60,19;7,34;19,31;Trafik;Haftasonu ;8;2016
5.08.2016;31,08;7,52;;36,19;39,2;3,01;16,62;Trafik;Haftaici;8;2016
4.08.2016;37,71;6,04;846,91;30,04;33,27;3,23;20,49;Trafik;Haftaici;8;2016
3.08.2016;48,4;14,51;343,41;50,9;55,76;4,85;27,11;Trafik;Haftaici;8;2016
2.08.2016;60,69;6,75;1351,74;79,02;122,13;43,11;28,69;Trafik;Haftaici;8;2016
1.08.2016;34,09;5,82;;59,04;70,06;11,02;16,79;Trafik;Haftaici;8;2016
31.07.2016;39,7;6,34;231,54;39,15;46,03;6,89;23,26;Trafik;Haftasonu ;7;2016
30.07.2016;44,69;8,64;425,05;44,49;48,84;4,35;22,85;Trafik;Haftasonu ;7;2016
29.07.2016;34,24;6,51;2526,42;43,69;47,55;3,86;23,21;Trafik;Haftaici;7;2016
28.07.2016;35,06;8,14;472,24;37,42;40,64;3,22;16,25;Trafik;Haftaici;7;2016
27.07.2016;49,39;7,74;442,58;45,81;50,61;4,8;22,57;Trafik;Haftaici;7;2016
26.07.2016;31,29;11,76;605,36;41,42;50,72;9,3;9,39;Trafik;Haftaici;7;2016
25.07.2016;21,84;4,68;159,3;27,58;28,85;1,27;12,96;Trafik;Haftaici;7;2016
24.07.2016;24,21;8,25;;21,79;23,64;1,85;;Trafik;Haftasonu ;7;2016
23.07.2016;38,08;1,75;;30,8;34,63;3,84;20,99;Trafik;Haftasonu ;7;2016
22.07.2016;39,36;17,19;;62,88;77,02;14,14;21,04;Trafik;Haftaici;7;2016
21.07.2016;45,19;5,5;1239,99;30,74;33,71;2,97;18,03;Trafik;Haftaici;7;2016
20.07.2016;37,48;3,93;1160,07;29,68;33,1;3,41;13,64;Trafik;Haftaici;7;2016
19.07.2016;36,24;8,97;240,21;28,09;31,71;3,62;18,7;Trafik;Haftaici;7;2016
18.07.2016;59,04;12,92;1857,61;43,07;47,33;4,26;32,04;Trafik;Haftaici;7;2016
17.07.2016;48,55;9,97;304,23;75,1;111,67;36,57;22,79;Trafik;Haftasonu ;7;2016
16.07.2016;32,78;35,38;1623,35;53,18;57,94;4,77;15,11;Trafik;Haftasonu ;7;2016
15.07.2016;50,15;10,49;;100,14;228,85;128,71;25,08;Trafik;Haftaici;7;2016
14.07.2016;34,97;12,14;1637,99;67,62;89,84;22,22;18,11;Trafik;Haftaici;7;2016
13.07.2016;39,45;11,14;545,3;69,26;101,17;31,91;15,41;Trafik;Haftaici;7;2016
12.07.2016;19,73;5,19;1272,15;30,63;32,36;1,73;7,33;Trafik;Haftaici;7;2016
11.07.2016;20,13;5,57;172,35;35,49;39,16;3,66;8,63;Trafik;Haftaici;7;2016
10.07.2016;29,68;11,46;1208,51;28,24;31,5;3,26;12,77;Trafik;Haftasonu ;7;2016
9.07.2016;17,69;2,24;531,93;33,69;35,72;2,03;3,91;Trafik;Haftasonu ;7;2016
8.07.2016;18,45;5,14;624,51;20,36;22,35;1,99;9,58;Trafik;Haftaici;7;2016
7.07.2016;26,45;7,37;318,57;21,7;23,44;1,74;16,56;Trafik;Haftaici;7;2016
6.07.2016;21,02;7,69;1411,27;23,85;25,61;1,76;;Trafik;Haftaici;7;2016
5.07.2016;22,46;5,63;554,04;17,01;18,46;1,45;7,16;Trafik;Haftaici;7;2016
4.07.2016;19,26;5,75;1272,96;18,82;20,67;1,85;8,8;Trafik;Haftaici;7;2016
3.07.2016;24,1;8,36;207,21;26,84;29,44;2,59;11,82;Trafik;Haftasonu ;7;2016
2.07.2016;30,33;;1620,07;32,96;35,94;2,98;13,11;Trafik;Haftasonu ;7;2016
1.07.2016;27,25;8,13;68;39,8;46,57;6,76;11,79;Trafik;Haftaici;7;2016
30.06.2016;28,25;1,55;1158,1;42,93;48,16;5,23;16,19;Trafik;Haftaici;6;2016
29.06.2016;39,05;7,1;179,48;46,41;53,09;6,68;23,42;Trafik;Haftaici;6;2016
28.06.2016;47,06;8,04;2213,68;38,91;43,76;4,85;28,02;Trafik;Haftaici;6;2016
27.06.2016;57,8;5,54;486,07;38,56;43,05;4,48;21,62;Trafik;Haftaici;6;2016
26.06.2016;39,29;3,4;1348,89;42,33;51,96;9,63;18,67;Trafik;Haftasonu ;6;2016
25.06.2016;43,96;7,03;95,81;29,69;33,48;3,78;21,71;Trafik;Haftasonu ;6;2016
24.06.2016;36,34;10,68;1550,49;26,8;29,86;3,05;14,59;Trafik;Haftaici;6;2016
23.06.2016;;6,78;1210,37;17,91;45,69;27,78;25,7;Trafik;Haftaici;6;2016
22.06.2016;;5,94;1317,18;16,56;17,98;1,42;17,43;Trafik;Haftaici;6;2016
21.06.2016;;3,55;1218,52;15,36;16,65;1,28;17,71;Trafik;Haftaici;6;2016
20.06.2016;;5,03;536,73;17,93;19,38;1,45;17,86;Trafik;Haftaici;6;2016
19.06.2016;25,42;4,85;634,1;17,78;20,13;2,35;19,58;Trafik;Haftasonu ;6;2016
18.06.2016;27,93;5,57;1439,55;18,26;20,66;2,4;12,92;Trafik;Haftasonu ;6;2016
17.06.2016;22,65;4,68;457,69;20,39;23,14;2,75;8,46;Trafik;Haftaici;6;2016
16.06.2016;26,42;4,18;582,6;25,77;31,64;5,87;13,9;Trafik;Haftaici;6;2016
15.06.2016;26,77;5,52;403,78;26,43;30,13;3,7;12,88;Trafik;Haftaici;6;2016
14.06.2016;44,23;6,89;706,34;40,5;59,88;19,38;16,38;Trafik;Haftaici;6;2016
13.06.2016;41,01;7,98;2128,11;56,43;83,93;27,51;23,42;Trafik;Haftaici;6;2016
12.06.2016;38,99;8,98;2510,54;42,94;64,57;21,63;22,12;Trafik;Haftasonu ;6;2016
11.06.2016;44,91;7,95;2809,64;47,51;73,09;25,58;22,69;Trafik;Haftasonu ;6;2016
10.06.2016;34,87;4,48;904,25;35,6;50,56;14,97;13,6;Trafik;Haftaici;6;2016
9.06.2016;15,45;5,42;1041,84;17,16;18,6;1,44;5,79;Trafik;Haftaici;6;2016
8.06.2016;19,68;4,19;456,2;18,7;21,54;2,84;7,59;Trafik;Haftaici;6;2016
7.06.2016;24,48;8,55;1152,81;20,72;23,68;2,96;13,53;Trafik;Haftaici;6;2016
6.06.2016;29,7;5,72;1,93;49,17;61,2;12,03;22,71;Trafik;Haftaici;6;2016
5.06.2016;17,88;10,8;1374,21;26,95;30,77;3,81;;Trafik;Haftasonu ;6;2016
4.06.2016;28,9;7,81;541,95;34,16;37,97;3,81;;Trafik;Haftasonu ;6;2016
3.06.2016;61,24;8,04;1180,73;36,49;44,21;7,73;;Trafik;Haftaici;6;2016
2.06.2016;69,44;11,55;949,9;45,45;66,83;21,38;59,79;Trafik;Haftaici;6;2016
1.06.2016;68,72;13,47;703,43;36,39;41,59;5,19;47,72;Trafik;Haftaici;6;2016
31.05.2016;80,87;7,37;1700,04;45,24;74,31;29,07;59,13;Trafik;Haftaici;5;2016
30.05.2016;28,69;8,56;956,86;46,71;60,42;13,71;;Trafik;Haftaici;5;2016
29.05.2016;36,44;6,76;;49,6;90,01;40,41;;Trafik;Haftasonu ;5;2016
28.05.2016;14,67;6,59;1130,96;33,84;38,6;4,76;;Trafik;Haftasonu ;5;2016
27.05.2016;30,42;6,58;503,86;35,3;40,15;4,85;18,41;Trafik;Haftaici;5;2016
26.05.2016;30,95;7,97;4404,67;37,29;43,32;6,03;18,53;Trafik;Haftaici;5;2016
25.05.2016;;3,43;886,5;75,47;118,5;43,03;;Trafik;Haftaici;5;2016
24.05.2016;26,09;7,94;3528,57;22,3;53,77;31,47;;Trafik;Haftaici;5;2016
23.05.2016;19,46;5,96;2953,11;23,35;55,41;32,06;;Trafik;Haftaici;5;2016
22.05.2016;25,2;6,28;1281,07;9,58;41,04;31,45;13,64;Trafik;Haftasonu ;5;2016
21.05.2016;39,39;7,74;662,12;25,35;60,35;35;27,94;Trafik;Haftasonu ;5;2016
20.05.2016;34,14;23,32;712,55;27,01;61,65;34,64;;Trafik;Haftaici;5;2016
19.05.2016;26,41;14,04;429,2;20,9;43,29;22,39;;Trafik;Haftaici;5;2016
18.05.2016;30,75;8,17;990,77;38,45;66,28;27,83;21,03;Trafik;Haftaici;5;2016
17.05.2016;44,2;14,89;644,07;43,06;58,57;15,51;28,19;Trafik;Haftaici;5;2016
16.05.2016;58,6;5,94;593,78;24,8;59,26;34,46;30,65;Trafik;Haftaici;5;2016
15.05.2016;75,41;8;730,04;33;60,85;27,85;49,25;Trafik;Haftasonu ;5;2016
14.05.2016;74,65;9,06;484,6;48,41;72,55;24,14;51,95;Trafik;Haftasonu ;5;2016
13.05.2016;140,73;8,91;916,33;23,91;76,57;52,65;88,67;Trafik;Haftaici;5;2016
12.05.2016;67,92;10,54;972,12;42,76;91,72;48,96;41,81;Trafik;Haftaici;5;2016
11.05.2016;50,03;12,37;743,22;40,68;71,46;30,78;29,54;Trafik;Haftaici;5;2016
10.05.2016;51,06;6,65;1245,78;42,83;70,54;27,71;32,26;Trafik;Haftaici;5;2016
9.05.2016;36,66;6,53;560,52;32,52;57,98;25,46;19,81;Trafik;Haftaici;5;2016
8.05.2016;38,41;5,35;666,6;28,37;51,96;23,59;22,45;Trafik;Haftasonu ;5;2016
7.05.2016;34,34;6,37;796,14;35,2;56,22;21,02;25,34;Trafik;Haftasonu ;5;2016
6.05.2016;25,67;4,1;921,75;38,09;66,73;28,64;;Trafik;Haftaici;5;2016
5.05.2016;29,22;4,35;1542,93;29,03;53,42;24,4;16,52;Trafik;Haftaici;5;2016
4.05.2016;21,89;4,26;508,84;52,33;61,08;8,75;;Trafik;Haftaici;5;2016
3.05.2016;37,31;;;52,86;63,35;10,49;;Trafik;Haftaici;5;2016
2.05.2016;43,07;9,06;824,47;50,92;62,22;11,3;;Trafik;Haftaici;5;2016
1.05.2016;28,61;3,52;690,37;51,03;60,7;9,67;;Trafik;Haftasonu ;5;2016
30.04.2016;37,13;10,63;754,87;41,97;46,47;4,51;;Trafik;Haftasonu ;4;2016
29.04.2016;46,53;10,61;1134,1;70,72;90,3;19,58;28,13;Trafik;Haftaici;4;2016
28.04.2016;45,5;17,28;923,96;61,7;82,39;20,68;;Trafik;Haftaici;4;2016
27.04.2016;47,43;10,61;1036,2;45,18;56,69;11,51;23,65;Trafik;Haftaici;4;2016
26.04.2016;35,85;2,44;993,39;41,64;65,35;23,71;22,51;Trafik;Haftaici;4;2016
25.04.2016;62,13;7,08;1441,03;42,66;86,87;44,21;;Trafik;Haftaici;4;2016
24.04.2016;37,29;3,42;344,94;26,37;35,34;8,97;;Trafik;Haftasonu ;4;2016
23.04.2016;46,06;7,76;1105,89;41,61;67,78;26,18;;Trafik;Haftasonu ;4;2016
22.04.2016;40,96;7,75;;44,57;68,61;24,04;;Trafik;Haftaici;4;2016
21.04.2016;19,6;4,83;;17,64;24,35;6,7;;Trafik;Haftaici;4;2016
20.04.2016;67,08;7,38;589,41;37,61;48,79;11,18;33,96;Trafik;Haftaici;4;2016
19.04.2016;97,44;7,74;1198,63;54,15;110,79;56,64;49,25;Trafik;Haftaici;4;2016
18.04.2016;62,95;6,93;1065,38;53,5;99,78;46,29;30,91;Trafik;Haftaici;4;2016
17.04.2016;49,38;13,58;913,02;43,61;77,77;34,16;27,27;Trafik;Haftasonu ;4;2016
16.04.2016;53,44;5,69;;54,48;103,02;48,53;31,72;Trafik;Haftasonu ;4;2016
15.04.2016;98,06;8,64;489,14;37,61;53,91;16,3;53,44;Trafik;Haftaici;4;2016
14.04.2016;57,91;9;873,46;37;52,74;15,74;29,93;Trafik;Haftaici;4;2016
13.04.2016;43,21;7,82;613,25;31,52;44,29;12,78;23,2;Trafik;Haftaici;4;2016
12.04.2016;26,31;5,89;492,97;25,94;33,2;7,26;13,6;Trafik;Haftaici;4;2016
11.04.2016;51,32;5,84;478,06;26,22;34,43;8,21;26,1;Trafik;Haftaici;4;2016
10.04.2016;70,78;7,11;;29,83;44,71;14,88;40,3;Trafik;Haftasonu ;4;2016
9.04.2016;145,99;5,83;803,9;23,36;32,52;9,17;78,53;Trafik;Haftasonu ;4;2016
8.04.2016;89,44;8,74;1101,81;40,57;80,29;39,73;41,55;Trafik;Haftaici;4;2016
7.04.2016;105,67;10,52;1129,49;49,05;74,01;24,96;52,27;Trafik;Haftaici;4;2016
6.04.2016;128,25;11,58;1338,04;55,05;113,18;58,13;59,71;Trafik;Haftaici;4;2016
5.04.2016;124,11;15,15;1312,75;64,03;130,26;66,23;65,4;Trafik;Haftaici;4;2016
4.04.2016;132,6;17,62;1221,4;58,32;119,97;61,64;62,04;Trafik;Haftaici;4;2016
3.04.2016;51,63;6,93;;28,13;37,39;9,26;20,65;Trafik;Haftasonu ;4;2016
2.04.2016;55,6;19,75;809,81;33,85;43,21;9,36;30,01;Trafik;Haftasonu ;4;2016
1.04.2016;95,87;11,93;1398,97;52,37;117,34;64,97;47,22;Trafik;Haftaici;4;2016
31.03.2016;77,37;;1880,13;59,6;134,79;75,19;;Trafik;Haftaici;3;2016
30.03.2016;159,35;13,76;4002,75;56,54;118;61,46;76,38;Trafik;Haftaici;3;2016
29.03.2016;51,94;13,41;584,09;50,03;79,29;29,26;26,85;Trafik;Haftaici;3;2016
28.03.2016;32;8,05;;34,04;46,15;12,12;22,75;Trafik;Haftaici;3;2016
27.03.2016;24,91;9,14;;29,06;41,12;12,06;;Trafik;Haftasonu ;3;2016
26.03.2016;19,65;5,95;;40,69;58,81;18,12;14,44;Trafik;Haftasonu ;3;2016
25.03.2016;39,25;4,45;;52,34;77,4;25,06;24,88;Trafik;Haftaici;3;2016
24.03.2016;96,35;6,68;;36,97;47,85;10,88;52,11;Trafik;Haftaici;3;2016
23.03.2016;52,43;5,66;536,03;32,7;48,34;15,64;23,92;Trafik;Haftaici;3;2016
22.03.2016;58,05;12,12;709,13;53,46;84,57;31,11;31,2;Trafik;Haftaici;3;2016
21.03.2016;79,6;18,38;1546,83;59,37;129,09;69,72;49,82;Trafik;Haftaici;3;2016
20.03.2016;43,99;12,7;;42,07;57,31;15,24;29,57;Trafik;Haftasonu ;3;2016
19.03.2016;80,32;6,34;1930,93;69,99;144,49;74,49;62,77;Trafik;Haftasonu ;3;2016
18.03.2016;58,55;14,95;1483,09;57,92;114,71;56,79;35,85;Trafik;Haftaici;3;2016
17.03.2016;52,02;11,22;1199,45;48,32;93,72;45,39;34,07;Trafik;Haftaici;3;2016
16.03.2016;31,12;6,73;310;25,14;33,53;8,39;19,39;Trafik;Haftaici;3;2016
15.03.2016;18,35;5,25;;18,77;23,7;4,93;;Trafik;Haftaici;3;2016
14.03.2016;36,82;6,91;859,56;37,78;54,22;16,44;24,96;Trafik;Haftaici;3;2016
13.03.2016;54,35;10,18;2100,21;33,75;42,26;8,52;30,37;Trafik;Haftasonu ;3;2016
12.03.2016;97,92;19,64;2338,38;58,14;135,97;77,82;56,95;Trafik;Haftasonu ;3;2016
11.03.2016;88,07;14,61;1798,64;59,6;144,28;84,68;49,94;Trafik;Haftaici;3;2016
10.03.2016;101,05;16,1;1763,52;64,03;157,58;93,55;62,28;Trafik;Haftaici;3;2016
9.03.2016;73,03;17,57;2335,42;49,67;84,22;34,55;44,65;Trafik;Haftaici;3;2016
8.03.2016;127,22;18,33;2460,58;66,3;164,08;97,78;69,16;Trafik;Haftaici;3;2016
7.03.2016;84,18;14,49;1604,42;54,57;115,38;60,82;48,5;Trafik;Haftaici;3;2016
6.03.2016;70,42;15,99;1257,82;50,52;113;62,48;44,8;Trafik;Haftasonu ;3;2016
5.03.2016;41,37;7,29;1902,46;59,49;112,74;53,25;34,05;Trafik;Haftasonu ;3;2016
4.03.2016;23,94;3,41;1264,97;50,6;94,35;43,75;9,92;Trafik;Haftaici;3;2016
3.03.2016;38;12,58;634,72;51,86;71,66;19,8;23,33;Trafik;Haftaici;3;2016
2.03.2016;110,67;40,92;1406,47;71,28;155,14;83,86;55,18;Trafik;Haftaici;3;2016
1.03.2016;151,45;18,58;2954,28;65,36;200,59;135,23;72,8;Trafik;Haftaici;3;2016
29.02.2016;118,2;19,65;6241,82;64,69;162,69;98;61,42;Trafik;Haftaici;2;2016
28.02.2016;148,8;19,2;1633,16;71,54;185,23;113,69;83,51;Trafik;Haftasonu ;2;2016
27.02.2016;50,14;10;870,68;54,64;97,53;42,89;34,08;Trafik;Haftasonu ;2;2016
26.02.2016;85,39;14,79;1039,56;54,32;85,77;31,45;46,76;Trafik;Haftaici;2;2016
25.02.2016;107,96;20,22;1296,22;64,41;158,21;93,8;58,71;Trafik;Haftaici;2;2016
24.02.2016;127,23;39,51;1519,67;81,46;186,49;105,03;75,92;Trafik;Haftaici;2;2016
23.02.2016;110,21;27,69;1705,05;81,27;213,22;131,95;60,85;Trafik;Haftaici;2;2016
22.02.2016;94;21,61;1002,51;70,77;146,24;75,47;54,39;Trafik;Haftaici;2;2016
21.02.2016;29,56;13,06;390,58;32,27;37,3;5,02;15,81;Trafik;Haftasonu ;2;2016
20.02.2016;52,39;21,93;407,19;53,3;80,17;26,86;28,95;Trafik;Haftasonu ;2;2016
19.02.2016;72,74;14,58;1093,97;50,97;61,62;10,65;41,14;Trafik;Haftaici;2;2016
18.02.2016;128,96;38,57;1328,47;64,67;135,98;71,32;64,57;Trafik;Haftaici;2;2016
17.02.2016;241,05;38,39;2658,63;99,42;284,85;185,43;115;Trafik;Haftaici;2;2016
16.02.2016;250,67;22,37;2730,5;92,45;256,04;163,59;107,76;Trafik;Haftaici;2;2016
15.02.2016;155,31;14,39;1986,24;67,93;220,15;152,22;84,68;Trafik;Haftaici;2;2016
14.02.2016;83,43;24,48;1912,01;85,72;218,98;133,26;57,5;Trafik;Haftasonu ;2;2016
12.02.2016;62,42;;831,02;100,59;137,86;37,27;26,26;Trafik;Haftaici;2;2016
11.02.2016;52,27;9;1705,2;142,88;299,71;156,83;38,64;Trafik;Haftaici;2;2016
10.02.2016;84,99;23,22;1380,57;109,79;215,87;106,08;50,36;Trafik;Haftaici;2;2016
9.02.2016;106,82;12,08;1545,18;101,04;208,52;107,48;74,03;Trafik;Haftaici;2;2016
8.02.2016;110,91;22,96;1500,19;117,65;220,38;102,73;66,8;Trafik;Haftaici;2;2016
7.02.2016;38,35;11,12;651,31;58,76;84,12;25,36;;Trafik;Haftasonu ;2;2016
6.02.2016;24,26;11,36;571,69;61,91;76,09;14,18;;Trafik;Haftasonu ;2;2016
5.02.2016;45,26;7,95;624,94;75,98;84,5;8,51;23,7;Trafik;Haftaici;2;2016
4.02.2016;102,58;21,47;1668;149,18;270,31;121,13;48,52;Trafik;Haftaici;2;2016
3.02.2016;134,89;15,15;2114,97;128,28;312,21;183,93;68,32;Trafik;Haftaici;2;2016
2.02.2016;117,57;23,82;1632,86;110,4;271,85;161,45;70,07;Trafik;Haftaici;2;2016
1.02.2016;86,77;18,4;1428,8;147,55;239,7;92,14;64,62;Trafik;Haftaici;2;2016
31.01.2016;96,62;30,21;1569,88;131,78;194,66;62,87;81,12;Trafik;Haftasonu ;1;2016
30.01.2016;184,56;33,33;2784,13;221,47;359,89;138,42;157,12;Trafik;Haftasonu ;1;2016
29.01.2016;177,63;44,63;2995,12;198,54;450,48;251,94;137,52;Trafik;Haftaici;1;2016
28.01.2016;100,13;40,93;1505,82;170,62;253,13;82,51;78,22;Trafik;Haftaici;1;2016
27.01.2016;132,97;30,84;1668,44;157,13;249,39;92,26;92,81;Trafik;Haftaici;1;2016
26.01.2016;92,23;25,17;1152,46;125,78;170,08;44,3;67,94;Trafik;Haftaici;1;2016
25.01.2016;80,57;26,16;1268,98;115,83;191,19;75,36;68,03;Trafik;Haftaici;1;2016
24.01.2016;51,2;18,87;864,05;75,28;113,72;38,45;;Trafik;Haftasonu ;1;2016
23.01.2016;36,6;8,45;613,75;46,01;51,93;5,92;;Trafik;Haftasonu ;1;2016
22.01.2016;42,41;19,4;927,42;84,49;112,39;27,9;;Trafik;Haftaici;1;2016
21.01.2016;144,68;33,95;2488,19;142,41;239,56;97,16;135,05;Trafik;Haftaici;1;2016
20.01.2016;32,19;9,96;554,34;73,17;84,28;11,11;20,25;Trafik;Haftaici;1;2016
19.01.2016;27,53;20,19;543,28;71,01;91,16;20,15;;Trafik;Haftaici;1;2016
18.01.2016;38,36;12,6;565,13;84,25;105,77;21,52;19,74;Trafik;Haftaici;1;2016
17.01.2016;31,28;15,14;354,26;51,62;56,04;4,41;14,65;Trafik;Haftasonu ;1;2016
16.01.2016;34,81;9,97;786,78;76,67;91,08;14,41;24,21;Trafik;Haftasonu ;1;2016
15.01.2016;141,43;25,56;2569,22;84,8;238,1;153,29;127,57;Trafik;Haftaici;1;2016
14.01.2016;40,68;25,09;764,49;104,22;146,08;41,86;24,5;Trafik;Haftaici;1;2016
13.01.2016;48,92;19,85;943,29;99;136,18;37,18;42,34;Trafik;Haftaici;1;2016
12.01.2016;28,34;5,09;772,59;81,97;109,81;27,84;;Trafik;Haftaici;1;2016
11.01.2016;73,85;22,31;2307,87;127,26;279,59;152,34;49;Trafik;Haftaici;1;2016
10.01.2016;97,68;19,31;1769,81;126,28;237,63;111,35;59,7;Trafik;Haftasonu ;1;2016
9.01.2016;69,19;25,62;1315,79;116,28;227,03;110,75;40,67;Trafik;Haftasonu ;1;2016
8.01.2016;40,55;30,5;719,32;80,92;106,04;25,12;;Trafik;Haftaici;1;2016
7.01.2016;16,52;17,33;381,91;53,26;60,45;7,19;8,03;Trafik;Haftaici;1;2016
6.01.2016;173,48;21,7;3719,88;104,89;278,21;173,32;138,93;Trafik;Haftaici;1;2016
5.01.2016;148,79;30,47;3983,75;225,94;524,1;298,16;120,87;Trafik;Haftaici;1;2016
4.01.2016;44,29;18,3;1321,88;121;194,99;73,99;31,75;Trafik;Haftaici;1;2016
3.01.2016;55,39;28,85;1134,56;104,85;142,36;37,51;41,72;Trafik;Haftasonu ;1;2016
2.01.2016;85,59;38,77;1788,32;117,52;262,15;144,63;69,86;Trafik;Haftasonu ;1;2016
1.01.2016;36,97;24,03;795,41;88,81;114,05;25,24;;Trafik;Haftaici;1;2016
31.12.2015;42,81;14,11;746,63;58,84;75,44;16,61;9,83;Trafik;Haftaici;12;2015
30.12.2015;27,06;8,59;420,8;53,73;62,71;8,98;9,51;Trafik;Haftaici;12;2015
29.12.2015;119,96;15,59;1770,7;137,4;260,8;123,4;39,33;Trafik;Haftaici;12;2015
28.12.2015;161,53;32,13;3654,95;158,66;399,72;241,05;52,65;Trafik;Haftaici;12;2015
27.12.2015;280,6;33,12;5559,62;227,61;611,49;383,88;99,73;Trafik;Haftasonu ;12;2015
26.12.2015;209,88;38,71;3550;168,29;465,64;297,36;72,98;Trafik;Haftasonu ;12;2015
25.12.2015;146,91;23,13;2349,05;123,56;321,26;197,7;45,28;Trafik;Haftaici;12;2015
24.12.2015;228,94;25,24;2944,97;166,25;393,17;226,93;78,63;Trafik;Haftaici;12;2015
23.12.2015;140,56;19,17;1645,56;128,56;266,66;138,11;49,88;Trafik;Haftaici;12;2015
22.12.2015;154,44;14,24;1945,5;168,07;320,46;152,38;51,55;Trafik;Haftaici;12;2015
21.12.2015;194,75;19,54;2185,92;115,9;238,49;122,59;72,61;Trafik;Haftaici;12;2015
20.12.2015;105,48;10,21;1332,81;115,72;212,99;97,28;40,77;Trafik;Haftasonu ;12;2015
19.12.2015;91,42;17,91;1290,6;95,3;172,55;77,26;32;Trafik;Haftasonu ;12;2015
18.12.2015;97,61;22,12;1538,86;87,71;175,24;87,54;32,73;Trafik;Haftaici;12;2015
17.12.2015;51,08;10,42;1079,9;68,14;120,77;52,62;20,25;Trafik;Haftaici;12;2015
16.12.2015;73,86;8,12;560,13;62,64;71,4;8,76;29,52;Trafik;Haftaici;12;2015
15.12.2015;90,04;17,95;767,75;87,59;120,02;32,42;30,04;Trafik;Haftaici;12;2015
14.12.2015;97,53;20,67;1494,97;106,27;209,44;103,16;31,62;Trafik;Haftaici;12;2015
13.12.2015;87,56;13,75;1791,12;86,01;179,64;93,63;28,36;Trafik;Haftasonu ;12;2015
12.12.2015;194,3;27,46;3099,65;145,56;348,47;202,91;63,15;Trafik;Haftasonu ;12;2015
11.12.2015;246,52;22,34;3847,36;172,41;453,83;281,41;76,42;Trafik;Haftaici;12;2015
10.12.2015;152,21;29,68;2347,26;141,47;311,73;170,26;45,03;Trafik;Haftaici;12;2015
9.12.2015;117,54;15,42;1921,56;99,46;178,89;79,43;37,61;Trafik;Haftaici;12;2015
8.12.2015;269,42;31,5;4201,22;174,08;494,45;320,38;79,74;Trafik;Haftaici;12;2015
7.12.2015;239,98;28,28;3926,55;176,85;495,37;318,51;71,18;Trafik;Haftaici;12;2015
6.12.2015;152,15;29,63;3036,11;140,41;350,54;210,14;48,95;Trafik;Haftasonu ;12;2015
5.12.2015;137,62;19,29;2394,55;121,92;303,73;181,81;41,75;Trafik;Haftasonu ;12;2015
4.12.2015;49,94;7,07;814,57;77,22;102,16;24,94;19,23;Trafik;Haftaici;12;2015
3.12.2015;44,23;24,07;604,4;90,25;116,94;26,68;11,98;Trafik;Haftaici;12;2015
2.12.2015;28,24;9,54;584,08;87,08;108,45;21,36;10,36;Trafik;Haftaici;12;2015
1.12.2015;47,74;19,27;840,04;112,82;160,54;47,72;14,83;Trafik;Haftaici;12;2015
30.11.2015;33,56;17,69;693,26;86,75;115,03;28,28;15,1;Trafik;Haftaici;11;2015
29.11.2015;32,37;14,6;774,66;102;141,04;39,04;;Trafik;Haftasonu ;11;2015
28.11.2015;37,96;8,09;649,92;91,78;117,42;25,65;8,47;Trafik;Haftasonu ;11;2015
27.11.2015;128,43;15,72;2078,08;86,64;252,33;165,69;38,86;Trafik;Haftaici;11;2015
26.11.2015;139,6;14,98;789,05;83,64;120,57;36,93;35,13;Trafik;Haftaici;11;2015
25.11.2015;2,48;29,83;3068,37;150,91;366,66;215,74;;Trafik;Haftaici;11;2015
24.11.2015;141,56;19,44;1885,6;123,13;276,53;153,4;40,33;Trafik;Haftaici;11;2015
23.11.2015;145,87;19,21;1855,14;114,28;261,06;146,78;42,7;Trafik;Haftaici;11;2015
22.11.2015;56,85;13,28;1060,64;93,57;153,97;60,41;16,7;Trafik;Haftasonu ;11;2015
21.11.2015;74,89;14,21;1233,48;113,86;210,4;96,54;22,04;Trafik;Haftasonu ;11;2015
20.11.2015;184,18;22,6;2206,42;130,13;317,36;187,24;53,67;Trafik;Haftaici;11;2015
19.11.2015;159,43;27,1;2180,56;112,69;305,65;192,96;47,68;Trafik;Haftaici;11;2015
18.11.2015;160,13;28,46;2151,02;115,62;332,21;216,59;46,25;Trafik;Haftaici;11;2015
17.11.2015;80,69;16,85;1510,48;85,84;204,15;118,3;23,61;Trafik;Haftaici;11;2015
16.11.2015;107,41;22,11;1946,04;116,95;268,4;151,45;35,05;Trafik;Haftaici;11;2015
15.11.2015;127,82;24,46;2425,18;110,61;307,62;197,01;39,83;Trafik;Haftasonu ;11;2015
14.11.2015;172,24;18,52;2565,68;111,05;334;222,95;54,16;Trafik;Haftasonu ;11;2015
13.11.2015;95,76;19,81;1970,53;106,22;247,79;141,57;28,49;Trafik;Haftaici;11;2015
12.11.2015;151,27;16,7;1992,21;88,76;258,41;169,65;44,27;Trafik;Haftaici;11;2015
11.11.2015;63,66;18,65;932,99;113,4;166,29;52,89;21,9;Trafik;Haftaici;11;2015
10.11.2015;98,2;19,14;1778,56;86,95;243,66;156,71;30,64;Trafik;Haftaici;11;2015
9.11.2015;49,77;13,49;550,47;74,85;89,37;14,52;16,53;Trafik;Haftaici;11;2015
8.11.2015;68,55;13,47;1166,36;76,92;131,47;54,55;22,3;Trafik;Haftasonu ;11;2015
7.11.2015;152,66;19,8;2226,63;122,67;281,59;158,92;48,01;Trafik;Haftasonu ;11;2015
6.11.2015;178,69;20,46;2485,17;125,37;337,5;212,13;54,03;Trafik;Haftaici;11;2015
5.11.2015;197,6;12,59;2752,25;112,36;334,36;221,99;66,07;Trafik;Haftaici;11;2015
4.11.2015;119,66;16,27;2500,76;103,68;274,87;171,19;31,3;Trafik;Haftaici;11;2015
3.11.2015;150,59;19,56;2611,93;124,67;306,11;181,45;37,25;Trafik;Haftaici;11;2015
2.11.2015;77,48;13,1;1654,07;84,3;170,04;85,74;23,75;Trafik;Haftaici;11;2015
1.11.2015;50,33;11,06;1344,63;70,35;147,57;77,22;15,25;Trafik;Haftasonu ;11;2015
31.10.2015;41,53;9,59;992,13;55,62;89,01;33,38;11,59;Trafik;Haftasonu ;10;2015
30.10.2015;62,95;11,09;1575,09;56,44;92,62;36,18;18,76;Trafik;Haftaici;10;2015
29.10.2015;44,6;11,95;1203,28;57,08;130,89;73,81;14,09;Trafik;Haftaici;10;2015
28.10.2015;29,15;10,44;692,79;44,03;54,31;10,27;10,24;Trafik;Haftaici;10;2015
27.10.2015;37,54;;647,07;47,48;73,4;25,92;14,07;Trafik;Haftaici;10;2015
26.10.2015;51,3;;1366,88;67,63;129,8;62,17;;Trafik;Haftaici;10;2015
25.10.2015;17,8;6,1;1821,18;36,93;44,72;7,79;;Trafik;Haftasonu ;10;2015
24.10.2015;64,06;8,5;851,68;79,02;152,02;73;;Trafik;Haftasonu ;10;2015
23.10.2015;54,6;6,09;932,86;48,24;74,15;25,91;;Trafik;Haftaici;10;2015
22.10.2015;58,71;6,5;1079,7;63,05;117,81;54,76;;Trafik;Haftaici;10;2015
21.10.2015;84,64;5,49;1067,62;78,01;124,8;46,79;;Trafik;Haftaici;10;2015
20.10.2015;105,51;7,16;1098,56;113,46;206,9;93,44;;Trafik;Haftaici;10;2015
19.10.2015;106,83;5,15;1385;137,1;216,67;79,57;;Trafik;Haftaici;10;2015
18.10.2015;102,94;8,52;1416,9;125,5;256,71;131,21;;Trafik;Haftasonu ;10;2015
17.10.2015;84,45;5,2;947,46;124,69;226,71;102,02;;Trafik;Haftasonu ;10;2015
16.10.2015;54,89;7,11;572,44;67,57;86,66;19,1;;Trafik;Haftaici;10;2015
15.10.2015;82,41;7,99;939,08;98,86;188,76;89,91;;Trafik;Haftaici;10;2015
14.10.2015;53,51;6,7;597,5;89,26;169,72;80,46;;Trafik;Haftaici;10;2015
13.10.2015;56,17;6,97;660,31;71,63;104,45;32,81;18,68;Trafik;Haftaici;10;2015
12.10.2015;87,63;6,77;739,06;79,4;131,79;52,39;22,64;Trafik;Haftaici;10;2015
11.10.2015;69,56;7,31;620,42;87,52;148,12;60,6;19,56;Trafik;Haftasonu ;10;2015
10.10.2015;36,41;6,94;206,26;60,17;70,26;10,09;11,92;Trafik;Haftasonu ;10;2015
9.10.2015;42;8,63;373,39;61,04;75,75;14,71;17,41;Trafik;Haftaici;10;2015
8.10.2015;40,33;7,28;808,78;63,62;94,65;31,02;13,83;Trafik;Haftaici;10;2015
7.10.2015;34,51;12,13;1061,18;136,69;189,61;52,92;;Trafik;Haftaici;10;2015
6.10.2015;60,2;4,59;1502,06;163,78;234,1;70,33;;Trafik;Haftaici;10;2015
5.10.2015;78,34;12,31;1586,69;194,55;348,39;153,84;;Trafik;Haftaici;10;2015
4.10.2015;46,59;5,02;992,75;139,7;193,24;53,54;;Trafik;Haftasonu ;10;2015
3.10.2015;54,3;10,69;904,6;133,01;232,62;99,61;;Trafik;Haftasonu ;10;2015
2.10.2015;27,48;4,12;584,01;80,43;87,68;7,26;;Trafik;Haftaici;10;2015
1.10.2015;19,03;11,19;608,06;58,99;67,46;8,47;;Trafik;Haftaici;10;2015
30.09.2015;41,39;7,56;661,91;104,39;154,19;49,8;;Trafik;Haftaici;9;2015
29.09.2015;53,39;18,86;667,02;120,83;138,19;17,36;;Trafik;Haftaici;9;2015
28.09.2015;34,8;2,45;595,21;73,1;89,54;16,44;;Trafik;Haftaici;9;2015
27.09.2015;47,88;8,16;774,32;99,7;152,98;53,28;;Trafik;Haftasonu ;9;2015
26.09.2015;49,74;3,49;700,95;92,49;150,71;58,22;;Trafik;Haftasonu ;9;2015
25.09.2015;30,79;11,08;718,47;126,03;178,8;52,77;;Trafik;Haftaici;9;2015
24.09.2015;31,48;6,82;784,86;106,14;192,39;86,25;;Trafik;Haftaici;9;2015
23.09.2015;43,24;9,06;514,97;103;117,77;14,77;;Trafik;Haftaici;9;2015
22.09.2015;51,76;5,58;696,49;86,98;121,16;34,18;;Trafik;Haftaici;9;2015
21.09.2015;57,04;8,97;727,31;120,94;181,66;60,73;;Trafik;Haftaici;9;2015
20.09.2015;58,95;7,83;680,35;83,15;112,13;28,98;;Trafik;Haftasonu ;9;2015
19.09.2015;62,41;12,45;669;100,03;162,52;62,48;;Trafik;Haftasonu ;9;2015
18.09.2015;30,31;2,76;471,51;65,12;75,38;10,26;;Trafik;Haftaici;9;2015
17.09.2015;65,39;11,03;619,86;95,45;125,79;30,35;;Trafik;Haftaici;9;2015
16.09.2015;54,44;2,68;523,05;75,36;99,79;24,44;;Trafik;Haftaici;9;2015
15.09.2015;38,39;11,61;465,31;67,64;78,14;10,5;;Trafik;Haftaici;9;2015
14.09.2015;46,88;4,79;;78,27;117,38;39,11;;Trafik;Haftaici;9;2015
13.09.2015;35,41;11,76;424,33;55,65;60,79;5,14;;Trafik;Haftasonu ;9;2015
12.09.2015;72,61;2,17;590,44;61,29;72,33;11,04;;Trafik;Haftasonu ;9;2015
11.09.2015;83,32;11,32;644,84;73,75;100,2;26,45;;Trafik;Haftaici;9;2015
10.09.2015;80,64;5,1;609,84;83,67;157,48;73,8;;Trafik;Haftaici;9;2015
9.09.2015;53,62;10,58;390,75;48,17;52,79;4,62;12,55;Trafik;Haftaici;9;2015
8.09.2015;86,11;4,72;639,08;60,4;69,57;9,17;23,32;Trafik;Haftaici;9;2015
7.09.2015;100,93;13,8;782,06;89,25;163,08;73,83;24,46;Trafik;Haftaici;9;2015
6.09.2015;67,93;6,51;920,51;101,87;234,55;132,68;15,43;Trafik;Haftasonu ;9;2015
5.09.2015;76,96;13,54;1064,81;113,93;251,96;138,03;22,17;Trafik;Haftasonu ;9;2015
4.09.2015;57,28;3,8;558,98;96,48;140,36;43,87;19,82;Trafik;Haftaici;9;2015
3.09.2015;74,87;2,87;1324,48;126,38;263,48;137,1;18,86;Trafik;Haftaici;9;2015
2.09.2015;65,2;;1005,4;105,02;207,42;102,4;17,23;Trafik;Haftaici;9;2015
1.09.2015;37,65;;683,78;65,92;122,69;56,77;8,1;Trafik;Haftaici;9;2015
31.08.2015;37,13;4,68;661,68;48,15;52,89;4,74;9,57;Trafik;Haftaici;8;2015
30.08.2015;26,68;;551,58;44,37;48,62;4,25;6,77;Trafik;Haftasonu ;8;2015
29.08.2015;37,98;;592,48;35,64;38,17;2,53;7,4;Trafik;Haftasonu ;8;2015
28.08.2015;20,45;;560,57;42,21;46,63;4,43;5,74;Trafik;Haftaici;8;2015
27.08.2015;24,45;;535,58;34,65;37,37;2,72;7,39;Trafik;Haftaici;8;2015
26.08.2015;35,63;2,96;546,77;39,82;43,31;3,49;11,45;Trafik;Haftaici;8;2015
25.08.2015;31,64;1,89;575,05;31,43;34,23;2,8;7,17;Trafik;Haftaici;8;2015
24.08.2015;24,66;;571,07;36,43;39,84;3,41;8,7;Trafik;Haftaici;8;2015
23.08.2015;39,68;;684,42;47,38;51,54;4,16;13,63;Trafik;Haftasonu ;8;2015
22.08.2015;34,79;;687,94;39,79;52;12,22;9,48;Trafik;Haftasonu ;8;2015
21.08.2015;50,02;4,69;798,98;69,4;96,99;27,59;12,44;Trafik;Haftaici;8;2015
20.08.2015;47,24;4,81;642,45;49,06;53,45;4,39;15,55;Trafik;Haftaici;8;2015
19.08.2015;64,39;7,44;715,08;40,1;41,74;1,63;16,66;Trafik;Haftaici;8;2015
18.08.2015;62,19;;978,63;66,48;88,58;22,1;17,57;Trafik;Haftaici;8;2015
17.08.2015;59,36;4,06;1137,36;81,29;162,65;81,36;16,02;Trafik;Haftaici;8;2015
16.08.2015;52,93;;824,35;59,99;102,26;42,26;13,78;Trafik;Haftasonu ;8;2015
15.08.2015;40,93;4,5;755,91;51,57;54,69;3,13;12,94;Trafik;Haftasonu ;8;2015
14.08.2015;59,75;3,87;890,99;61,42;69,41;8;22,22;Trafik;Haftaici;8;2015
13.08.2015;52,27;;941;78,16;115,21;37,05;16,61;Trafik;Haftaici;8;2015
12.08.2015;39,81;;815,91;65,68;73,6;7,91;11,98;Trafik;Haftaici;8;2015
11.08.2015;64,8;7,91;746,62;49,51;55,83;6,32;15,95;Trafik;Haftaici;8;2015
10.08.2015;44,95;6,57;814,98;45,5;47,69;2,19;14,08;Trafik;Haftaici;8;2015
9.08.2015;24,36;;652,34;34,9;39,67;4,77;6,06;Trafik;Haftasonu ;8;2015
8.08.2015;32,53;2,42;658,38;38,17;48,3;10,14;9,25;Trafik;Haftasonu ;8;2015
7.08.2015;38,4;4,54;619,35;35,51;39,69;4,18;12,2;Trafik;Haftaici;8;2015
6.08.2015;39,97;7,31;437,26;34,5;36,52;2,02;17,15;Trafik;Haftaici;8;2015
5.08.2015;57,96;7,19;450,7;67,1;75,33;8,23;5,18;Trafik;Haftaici;8;2015
4.08.2015;52,84;5,44;422,01;66,61;72,03;5,41;7,07;Trafik;Haftaici;8;2015
3.08.2015;43,15;6,17;404,04;56,53;63,25;6,72;6,14;Trafik;Haftaici;8;2015
2.08.2015;45,46;4,86;382,06;41,43;45,46;4,03;10,17;Trafik;Haftasonu ;8;2015
1.08.2015;45,43;6,55;392,76;37,78;42,84;5,06;7,76;Trafik;Haftasonu ;8;2015
31.07.2015;67,26;7,59;630,73;72,77;106,58;33,82;5,46;Trafik;Haftaici;7;2015
30.07.2015;57,96;8,43;502,11;68,29;88,49;20,2;6,72;Trafik;Haftaici;7;2015
29.07.2015;39,05;3,78;386,31;50,52;59,15;8,63;5,77;Trafik;Haftaici;7;2015
28.07.2015;41,7;7,59;399,01;57,7;65,13;7,43;4,94;Trafik;Haftaici;7;2015
27.07.2015;40,23;8,05;380,92;57,82;61;3,18;9,14;Trafik;Haftaici;7;2015
26.07.2015;55,04;10,05;488,34;70,09;79,89;9,8;5,39;Trafik;Haftasonu ;7;2015
25.07.2015;45,79;6,58;501,34;52,79;59,93;7,14;5,23;Trafik;Haftasonu ;7;2015
24.07.2015;43,74;6,26;443,31;53,97;58,01;4,04;5,87;Trafik;Haftaici;7;2015
23.07.2015;27,19;5,77;325,14;49,95;57,94;7,99;3,05;Trafik;Haftaici;7;2015
22.07.2015;26,11;4,87;302,61;29,31;33,38;4,06;5,78;Trafik;Haftaici;7;2015
21.07.2015;25,96;4,79;409,35;38,4;42,63;4,23;2,84;Trafik;Haftaici;7;2015
20.07.2015;32,94;6,99;452,25;69,63;92,13;22,5;4,1;Trafik;Haftaici;7;2015
19.07.2015;17,17;4,01;305,12;36,06;40,03;3,97;3,67;Trafik;Haftasonu ;7;2015
18.07.2015;17,7;5,61;287,69;30,96;35,11;4,15;3,52;Trafik;Haftasonu ;7;2015
17.07.2015;15,4;4,96;274,31;27,59;31,52;3,92;2,91;Trafik;Haftaici;7;2015
16.07.2015;16,3;5,93;305,62;30,23;34,57;4,34;3,68;Trafik;Haftaici;7;2015
15.07.2015;29,65;6,85;375,34;42,95;48,2;5,25;5,74;Trafik;Haftaici;7;2015
14.07.2015;38,5;7,22;330,1;61,73;68,18;6,46;4,87;Trafik;Haftaici;7;2015
13.07.2015;40,53;5,88;269,26;41,73;46,96;5,23;4,29;Trafik;Haftaici;7;2015
12.07.2015;24,23;5,74;294,41;37,94;42,5;4,57;6,1;Trafik;Haftasonu ;7;2015
11.07.2015;34,65;7,03;342,14;42,42;46,4;3,98;7,42;Trafik;Haftasonu ;7;2015
10.07.2015;41,56;10,91;425,57;61,79;66,44;4,65;6,39;Trafik;Haftaici;7;2015
9.07.2015;42,51;9,04;354,18;74,15;92,12;17,98;;Trafik;Haftaici;7;2015
8.07.2015;28,01;3,11;565,09;25,05;28,04;2,99;6,97;Trafik;Haftaici;7;2015
7.07.2015;25,18;3,25;552,58;24,72;28,67;3,95;11,26;Trafik;Haftaici;7;2015
6.07.2015;43,24;2,71;639,72;32,8;36,95;4,15;13,59;Trafik;Haftaici;7;2015
5.07.2015;32,23;1,92;650,27;41,38;47,76;6,38;13,44;Trafik;Haftasonu ;7;2015
4.07.2015;23,72;1,53;563,3;30,07;36,96;6,89;9,97;Trafik;Haftasonu ;7;2015
3.07.2015;22,85;1,81;643,89;25,66;31,22;5,57;8,68;Trafik;Haftaici;7;2015
2.07.2015;27,58;3,94;588,7;33,2;39,35;6,14;9,59;Trafik;Haftaici;7;2015
1.07.2015;34,51;3,38;698,08;36,86;43,03;6,17;13,63;Trafik;Haftaici;7;2015
30.06.2015;42,45;4,03;786,57;43,24;62,23;18,99;15,78;Trafik;Haftaici;6;2015
29.06.2015;30,03;2,22;763,54;38,73;48,18;9,45;8,52;Trafik;Haftaici;6;2015
28.06.2015;19,15;4,17;638,16;36,3;52,13;15,83;7,38;Trafik;Haftasonu ;6;2015
27.06.2015;30,55;2,87;730,81;38,82;48,05;9,24;8,36;Trafik;Haftasonu ;6;2015
26.06.2015;28,55;4,38;666,73;28,53;35,62;7,09;8,55;Trafik;Haftaici;6;2015
25.06.2015;26,77;3,78;740,85;29,63;35,97;6,35;12,43;Trafik;Haftaici;6;2015
24.06.2015;28,69;4,49;843,98;37,9;47,59;9,69;10,6;Trafik;Haftaici;6;2015
23.06.2015;35,7;4,95;799,62;37,19;62,68;25,49;10,84;Trafik;Haftaici;6;2015
22.06.2015;43,16;3,31;792,09;36,83;41,81;4,98;13,48;Trafik;Haftaici;6;2015
21.06.2015;25,23;3,19;637,65;42,28;47,23;4,95;9,74;Trafik;Haftasonu ;6;2015
20.06.2015;25,52;4,86;681,84;33,9;41,28;7,38;10,38;Trafik;Haftasonu ;6;2015
19.06.2015;35,7;4,59;710,92;57,63;71,82;14,19;12,3;Trafik;Haftaici;6;2015
18.06.2015;36,43;2,34;700,4;48,66;60,33;11,67;9,12;Trafik;Haftaici;6;2015
17.06.2015;47,94;3,4;804,72;38,96;47,79;8,83;18,59;Trafik;Haftaici;6;2015
16.06.2015;60,9;5,01;1171,17;69,04;125,13;56,08;17,56;Trafik;Haftaici;6;2015
15.06.2015;45,38;5,8;896,68;67,56;97,39;29,84;14,69;Trafik;Haftaici;6;2015
14.06.2015;21,49;3,58;645,99;27,69;35,72;8,04;6,83;Trafik;Haftasonu ;6;2015
13.06.2015;28,16;3,15;680,49;28,09;36,06;7,98;10,08;Trafik;Haftasonu ;6;2015
12.06.2015;37,04;4,48;926,26;34,97;70,14;35,17;11,24;Trafik;Haftaici;6;2015
11.06.2015;33,97;4,16;861,39;47,13;75,28;28,15;9,45;Trafik;Haftaici;6;2015
10.06.2015;36,01;4,37;768,14;43,73;52,76;9,03;12,31;Trafik;Haftaici;6;2015
9.06.2015;47,99;2,53;893,84;55,83;94,4;38,57;13,48;Trafik;Haftaici;6;2015
8.06.2015;41,56;5,22;807,24;54,87;76,06;21,19;12,9;Trafik;Haftaici;6;2015
7.06.2015;39,71;3,48;740,24;29,9;54,2;24,3;12,81;Trafik;Haftasonu ;6;2015
6.06.2015;32,09;2,03;845,99;27,79;35,47;7,68;10,88;Trafik;Haftasonu ;6;2015
5.06.2015;33,71;6,03;693,65;56,7;94,79;38,09;;Trafik;Haftaici;6;2015
4.06.2015;27,02;3,81;1088,78;34,41;49,27;14,86;15,4;Trafik;Haftaici;6;2015
3.06.2015;40,01;5,22;1010,7;45,41;61,55;16,14;23,15;Trafik;Haftaici;6;2015
2.06.2015;27,29;3,77;872,94;24,95;30,12;5,17;;Trafik;Haftaici;6;2015
1.06.2015;23,89;2,01;1048,7;33,64;43,26;9,61;;Trafik;Haftaici;6;2015
31.05.2015;27,21;1,79;1178,08;33,23;45,39;12,16;17,44;Trafik;Haftasonu ;5;2015
30.05.2015;23,79;4,68;969,56;40,46;74,49;34,03;10,66;Trafik;Haftasonu ;5;2015
29.05.2015;26,62;3,57;875,54;25,58;35,1;9,52;15,07;Trafik;Haftaici;5;2015
28.05.2015;27,31;4,1;841,73;38,22;49,38;11,16;;Trafik;Haftaici;5;2015
27.05.2015;56,43;5,07;1286,01;42,62;69,66;27,04;32,39;Trafik;Haftaici;5;2015
26.05.2015;63,3;4,68;1228,69;61,45;103,76;42,3;;Trafik;Haftaici;5;2015
25.05.2015;73,85;4,21;1250,27;39,63;63,59;23,96;48,68;Trafik;Haftaici;5;2015
24.05.2015;53,88;6,21;1054,48;50,31;63,72;13,41;;Trafik;Haftasonu ;5;2015
23.05.2015;65,73;5,4;1088,3;50,47;76,73;26,26;45,77;Trafik;Haftasonu ;5;2015
22.05.2015;60,83;4,86;1004,03;42,38;52,48;10,1;44,13;Trafik;Haftaici;5;2015
21.05.2015;61,2;5,09;961,54;41,49;52,29;10,8;42,75;Trafik;Haftaici;5;2015
20.05.2015;85,51;3,08;1130,47;49,13;64,52;15,39;68,46;Trafik;Haftaici;5;2015
19.05.2015;103,34;6,15;1079,54;55,9;83,33;27,43;53,59;Trafik;Haftaici;5;2015
18.05.2015;88,75;5,53;1188,23;34,33;42,53;8,2;53,8;Trafik;Haftaici;5;2015
17.05.2015;101,43;12,21;1302,96;54,69;118,28;63,6;58,17;Trafik;Haftasonu ;5;2015
16.05.2015;76,92;7,28;1186,18;58,59;102,74;44,15;41,47;Trafik;Haftasonu ;5;2015
15.05.2015;54;5,46;1080,39;61,3;98,89;37,59;28,49;Trafik;Haftaici;5;2015
14.05.2015;38,73;3,35;984,41;59,84;87,48;27,64;27;Trafik;Haftaici;5;2015
13.05.2015;23,85;4,21;804,94;22,64;26,22;3,58;10,96;Trafik;Haftaici;5;2015
12.05.2015;19,14;3,15;817,2;16,09;18,83;2,75;10,35;Trafik;Haftaici;5;2015
11.05.2015;22,85;3,69;874,57;22,4;26,78;4,38;13,37;Trafik;Haftaici;5;2015
10.05.2015;20,03;2,7;874,11;23,21;27,93;4,72;12,44;Trafik;Haftasonu ;5;2015
9.05.2015;18,7;2,5;920,56;21,33;26,11;4,77;6,95;Trafik;Haftasonu ;5;2015
8.05.2015;30,7;2,34;1087,05;33,83;43,83;10;14,55;Trafik;Haftaici;5;2015
7.05.2015;;;;58,69;79,01;20,32;;Trafik;Haftaici;5;2015
6.05.2015;27,15;3,15;835,79;55,83;60,15;4,32;12,86;Trafik;Haftaici;5;2015
5.05.2015;33,79;5,67;878,26;85,02;91,74;6,72;14,4;Trafik;Haftaici;5;2015
4.05.2015;26,35;5,47;703,96;62,16;68,26;6,1;15,77;Trafik;Haftaici;5;2015
3.05.2015;31,2;4,51;767,12;90,98;100,24;9,26;14,87;Trafik;Haftasonu ;5;2015
2.05.2015;39,81;4,81;905,09;99,48;130,26;30,78;21,99;Trafik;Haftasonu ;5;2015
1.05.2015;38,06;4,79;657,94;62,54;69,33;6,8;21,63;Trafik;Haftaici;5;2015
30.04.2015;31,32;8,09;666,87;69,26;74,91;5,65;17,38;Trafik;Haftaici;4;2015
29.04.2015;68,22;4,09;713,45;108,85;122,49;13,64;32,01;Trafik;Haftaici;4;2015
28.04.2015;70,94;6,03;835,61;77,81;86,06;8,25;28,91;Trafik;Haftaici;4;2015
27.04.2015;43,31;7,29;926,5;99,46;128,18;28,72;24,56;Trafik;Haftaici;4;2015
26.04.2015;45,99;8,63;918,08;99,23;126,98;27,75;22,95;Trafik;Haftasonu ;4;2015
25.04.2015;38,16;6,64;933,57;95,13;135,72;40,59;24,89;Trafik;Haftasonu ;4;2015
24.04.2015;37,02;7,93;858,42;111,04;143,95;32,91;21,23;Trafik;Haftaici;4;2015
23.04.2015;21,04;5,03;604,01;32,03;35,93;3,9;11,95;Trafik;Haftaici;4;2015
22.04.2015;28,39;4,77;675,3;67,56;76,49;8,93;19,28;Trafik;Haftaici;4;2015
21.04.2015;32,3;7,15;732,19;48,59;54,9;6,31;23,16;Trafik;Haftaici;4;2015
20.04.2015;27,31;7,57;702,68;97,59;111,13;13,55;13,49;Trafik;Haftaici;4;2015
19.04.2015;44,18;5,76;609,15;53,18;58,72;5,54;22,73;Trafik;Haftasonu ;4;2015
18.04.2015;39,75;4,65;760,23;79,4;89,23;9,83;17,4;Trafik;Haftasonu ;4;2015
17.04.2015;45,47;6,03;942,35;99,55;125,15;25,6;25,85;Trafik;Haftaici;4;2015
16.04.2015;58,53;8;1003,97;96;147,85;51,85;33,11;Trafik;Haftaici;4;2015
15.04.2015;46,11;7,86;1159,25;71,84;93,06;21,22;29,8;Trafik;Haftaici;4;2015
14.04.2015;63,97;9,6;1117,65;81,14;102,43;21,29;40,73;Trafik;Haftaici;4;2015
13.04.2015;44,98;5,27;1240,92;61,21;78,92;17,71;26,26;Trafik;Haftaici;4;2015
12.04.2015;30,43;5,83;1068,85;44,14;49,78;5,63;23,45;Trafik;Haftasonu ;4;2015
11.04.2015;36,34;6,29;808,04;52,46;59,03;6,57;21,83;Trafik;Haftasonu ;4;2015
10.04.2015;18,55;3,9;564,47;27,71;35,06;7,35;;Trafik;Haftaici;4;2015
9.04.2015;40,7;5,15;989,93;60,65;107,72;47,07;31,21;Trafik;Haftaici;4;2015
8.04.2015;39,88;16,07;738,42;43,85;52,81;8,96;22,34;Trafik;Haftaici;4;2015
7.04.2015;30,19;14,52;668,94;49,36;68,69;19,34;17,76;Trafik;Haftaici;4;2015
6.04.2015;34,96;4,61;531,02;44,59;58,07;13,49;13,92;Trafik;Haftaici;4;2015
5.04.2015;70,83;8,02;1204,64;60,47;136,42;75,97;39,81;Trafik;Haftasonu ;4;2015
4.04.2015;34,23;8,8;602,71;53,35;87,96;34,63;;Trafik;Haftasonu ;4;2015
3.04.2015;56,43;6,41;865,31;66,66;118,83;52,18;31,23;Trafik;Haftaici;4;2015
2.04.2015;31,09;8,11;479,71;50,47;67,94;17,47;17,38;Trafik;Haftaici;4;2015
1.04.2015;50,9;3,35;870,79;59,1;117,18;58,1;24,24;Trafik;Haftaici;4;2015
30.03.2015;44,71;9,91;653,08;55,12;88,72;33,61;24,45;Trafik;Haftaici;3;2015
29.03.2015;61,78;3,81;962,7;57,15;91,54;34,41;36,24;Trafik;Haftasonu ;3;2015
28.03.2015;85,83;5,45;1419;64,62;144,44;79,81;55,98;Trafik;Haftasonu ;3;2015
27.03.2015;52,67;3,57;765,86;58,89;93,29;34,41;26,27;Trafik;Haftaici;3;2015
26.03.2015;83,15;9,34;1263,06;66,7;140,22;73,54;51;Trafik;Haftaici;3;2015
25.03.2015;57,64;7,58;801,22;53,63;84,03;30,41;35,04;Trafik;Haftaici;3;2015
24.03.2015;57,5;5,42;532,59;48,37;56,11;7,74;41,67;Trafik;Haftaici;3;2015
23.03.2015;52,02;13,74;567,55;55,16;72,28;17,12;32,21;Trafik;Haftaici;3;2015
22.03.2015;49,44;5,09;867,16;62,65;107,21;44,57;;Trafik;Haftasonu ;3;2015
21.03.2015;34,68;9,63;535,99;42,98;57,12;14,14;19,97;Trafik;Haftasonu ;3;2015
20.03.2015;73,36;14,41;743,26;61,56;91,81;30,26;44,1;Trafik;Haftaici;3;2015
19.03.2015;47,4;3,91;798,55;58,47;99,42;40,94;30,07;Trafik;Haftaici;3;2015
18.03.2015;69,17;9,79;805,97;60,84;92,11;31,27;44,08;Trafik;Haftaici;3;2015
17.03.2015;40,03;5,19;465,14;40,37;49,05;8,68;20,14;Trafik;Haftaici;3;2015
16.03.2015;44,72;5,67;562,63;44,97;59,79;14,82;19,26;Trafik;Haftaici;3;2015
15.03.2015;52,07;5,59;1384,16;62,71;140,71;78,03;38,37;Trafik;Haftasonu ;3;2015
14.03.2015;35,66;4,24;678,19;59,63;85,74;26,12;19,82;Trafik;Haftasonu ;3;2015
13.03.2015;84,39;6,54;1277,96;64,2;144,16;79,99;44,09;Trafik;Haftaici;3;2015
12.03.2015;39,86;16,14;920,27;69,04;116,66;47,66;34,35;Trafik;Haftaici;3;2015
11.03.2015;118,94;9,55;902,04;62,59;102,9;40,3;61,89;Trafik;Haftaici;3;2015
10.03.2015;82,33;3,99;705,98;56,96;91,62;34,68;34,87;Trafik;Haftaici;3;2015
9.03.2015;77,34;7,16;608,88;53,21;66,62;13,41;38,48;Trafik;Haftaici;3;2015
8.03.2015;69,39;8,72;562,37;45,99;54,21;8,22;40,49;Trafik;Haftasonu ;3;2015
7.03.2015;105,28;13,07;1137,67;66,32;127,42;61,13;61,06;Trafik;Haftasonu ;3;2015
6.03.2015;193,83;22,43;2086,73;81,51;205,5;124,04;113,03;Trafik;Haftaici;3;2015
5.03.2015;;15,05;1319,82;60,02;107,33;47,33;;Trafik;Haftaici;3;2015
4.03.2015;32,97;7,88;587,89;57,77;66,9;9,14;;Trafik;Haftaici;3;2015
3.03.2015;54,19;5,06;994,52;76,95;93,24;16,28;29,88;Trafik;Haftaici;3;2015
2.03.2015;99,96;14,73;1199,76;92,98;170,07;77,11;;Trafik;Haftaici;3;2015
1.03.2015;112,92;19,24;1010,13;95,01;185,27;90,28;60,79;Trafik;Haftasonu ;3;2015
28.02.2015;57,38;4,06;670,05;87,08;108,42;21,36;;Trafik;Haftasonu ;2;2015
27.02.2015;46,38;4,74;909,65;66,79;80,12;13,34;;Trafik;Haftaici;2;2015
26.02.2015;83,22;9,6;1440,17;76,85;103,74;26,87;;Trafik;Haftaici;2;2015
25.02.2015;70,5;8,29;1256,98;100,57;191,07;90,6;;Trafik;Haftaici;2;2015
24.02.2015;108,22;10,95;1396,79;80,38;105,11;24,73;;Trafik;Haftaici;2;2015
23.02.2015;128,13;14,36;1259,29;105,65;126,92;21,25;;Trafik;Haftaici;2;2015
22.02.2015;69,5;9,52;907,46;85,45;97,95;12,5;47,22;Trafik;Haftasonu ;2;2015
21.02.2015;57,87;7,07;835,65;83,74;102,38;18,65;29,38;Trafik;Haftasonu ;2;2015
20.02.2015;56,29;15,2;958,26;78,24;100,05;21,8;30,21;Trafik;Haftaici;2;2015
19.02.2015;42,55;6,84;723,72;44,31;49,4;5,09;30,91;Trafik;Haftaici;2;2015
18.02.2015;29,67;4,1;553;26,88;32,7;5,82;19,55;Trafik;Haftaici;2;2015
17.02.2015;27,03;4,2;573,34;32,55;39,21;6,66;15,07;Trafik;Haftaici;2;2015
16.02.2015;60,28;5,35;902,48;60,34;80,89;20,55;43,98;Trafik;Haftaici;2;2015
15.02.2015;72,5;9,28;872,49;59,85;76,37;16,52;43,44;Trafik;Haftasonu ;2;2015
14.02.2015;68,69;9,26;911,26;52,6;74,67;22,07;42,96;Trafik;Haftasonu ;2;2015
13.02.2015;50;6,46;867,55;49;60,98;11,99;;Trafik;Haftaici;2;2015
12.02.2015;69,59;8,41;1055,96;67,48;99,61;32,13;50,29;Trafik;Haftaici;2;2015
11.02.2015;32,55;5,01;788,13;37,13;43,21;6,08;;Trafik;Haftaici;2;2015
10.02.2015;36,63;3,97;;37,79;43,74;5,95;25,49;Trafik;Haftaici;2;2015
9.02.2015;53,79;10,95;;61,63;79,15;17,51;27,69;Trafik;Haftaici;2;2015
8.02.2015;54,56;13,69;824,52;76,21;111,07;34,87;32,19;Trafik;Haftasonu ;2;2015
7.02.2015;47,28;13,16;921,14;64,61;79,8;15,2;25,18;Trafik;Haftasonu ;2;2015
6.02.2015;151,18;18,68;1676,94;94,77;218,88;124,13;79,2;Trafik;Haftaici;2;2015
5.02.2015;144,77;10,94;1438,56;102,74;213,22;110,5;62,51;Trafik;Haftaici;2;2015
4.02.2015;107,38;12,45;1180,75;86,36;177,09;90,75;50,43;Trafik;Haftaici;2;2015
3.02.2015;32,36;8,2;612,9;69,65;86,86;17,22;17,44;Trafik;Haftaici;2;2015
2.02.2015;39,59;5,61;409,11;40,17;47,85;7,68;19,84;Trafik;Haftaici;2;2015
1.02.2015;47,29;1,66;347,48;26,75;32,07;5,32;18,84;Trafik;Haftasonu ;2;2015
31.01.2015;27,45;4,89;448,1;39,96;49,39;9,42;12,41;Trafik;Haftasonu ;1;2015
30.01.2015;32,04;3,63;700,01;65,28;83,73;18,45;13,68;Trafik;Haftaici;1;2015
29.01.2015;47,22;6,72;672,37;78,55;108,62;30,08;25,59;Trafik;Haftaici;1;2015
28.01.2015;64,27;9,41;748,05;88,77;123,38;34,6;27,15;Trafik;Haftaici;1;2015
27.01.2015;85,42;13,21;933,93;69,28;101,57;32,29;46,26;Trafik;Haftaici;1;2015
26.01.2015;153,22;19,89;1905,57;74,66;151,35;76,7;75,21;Trafik;Haftaici;1;2015
25.01.2015;104,22;18,57;2399,74;55,17;83,63;28,45;85,32;Trafik;Haftasonu ;1;2015
24.01.2015;103,51;20,58;1661,25;57,28;95,21;37,94;65,18;Trafik;Haftasonu ;1;2015
23.01.2015;122,54;18,18;1706,28;69,14;125,08;55,96;84,08;Trafik;Haftaici;1;2015
22.01.2015;195,2;20,6;2535,18;67,88;119,18;51,3;149;Trafik;Haftaici;1;2015
21.01.2015;130,16;19,84;1822,55;66,35;161,87;95,53;97,84;Trafik;Haftaici;1;2015
20.01.2015;191,57;21,12;1913,21;68,91;120,7;51,79;138,64;Trafik;Haftaici;1;2015
19.01.2015;187,23;22,14;1839,02;65,06;131,02;65,96;131,85;Trafik;Haftaici;1;2015
18.01.2015;60,79;15,36;1024;57,98;73,33;15,34;40,72;Trafik;Haftasonu ;1;2015
17.01.2015;;25,32;1572,32;66,03;92,88;26,86;;Trafik;Haftasonu ;1;2015
16.01.2015;;25,51;3004,03;68,67;141,42;72,75;;Trafik;Haftaici;1;2015
15.01.2015;;28,74;2305,77;82,41;178,94;96,53;;Trafik;Haftaici;1;2015
14.01.2015;;16,09;2114,08;51,14;88,71;37,57;;Trafik;Haftaici;1;2015
13.01.2015;;11,76;1268,62;36,01;46,96;10,95;;Trafik;Haftaici;1;2015
12.01.2015;;16,22;1868,59;48,59;77,65;29,05;;Trafik;Haftaici;1;2015
11.01.2015;;38,51;3013,38;93,49;234,72;141,24;;Trafik;Haftasonu ;1;2015
10.01.2015;;27;1347,44;66,58;98,67;32,09;;Trafik;Haftasonu ;1;2015
9.01.2015;;31,62;1258,82;55,11;81,53;26,42;;Trafik;Haftaici;1;2015
8.01.2015;;25,03;988,96;44,06;62,3;18,24;;Trafik;Haftaici;1;2015
7.01.2015;;15,74;774,33;29,33;38,55;9,22;;Trafik;Haftaici;1;2015
6.01.2015;;12,71;979,11;46,87;64,45;17,58;;Trafik;Haftaici;1;2015
5.01.2015;;12,47;1157,1;32,06;44,23;12,17;;Trafik;Haftaici;1;2015
4.01.2015;;15,62;812,68;36,07;50,5;14,42;;Trafik;Haftasonu ;1;2015
3.01.2015;;74,45;929,41;38,15;56,8;18,66;;Trafik;Haftasonu ;1;2015
2.01.2015;;9,7;946,64;23,37;31,67;8,3;;Trafik;Haftaici;1;2015
1.01.2015;;8,78;1254,18;26,12;35,63;9,51;;Trafik;Haftaici;1;2015
31.12.2014;;15,23;2130,05;40,16;87,77;47,62;;Trafik;Haftaici;12;2014
30.12.2014;;21,81;1134,54;48,79;119,36;70,58;;Trafik;Haftaici;12;2014
29.12.2014;;10,2;696,07;28,97;38,33;9,36;;Trafik;Haftaici;12;2014
28.12.2014;;19,86;1749,69;46,42;155,3;108,89;;Trafik;Haftasonu ;12;2014
27.12.2014;20,9;10,28;797,93;24,54;32,55;8,01;;Trafik;Haftasonu ;12;2014
26.12.2014;165,34;21,79;2355,02;56,19;170,26;114,08;98,28;Trafik;Haftaici;12;2014
25.12.2014;235;23,07;3177,57;69,98;248,86;178,89;138,81;Trafik;Haftaici;12;2014
24.12.2014;257,86;30,92;3791,77;70,63;283,08;212,46;141,02;Trafik;Haftaici;12;2014
23.12.2014;145,92;31,19;1752,83;52,87;199,04;146,2;83,11;Trafik;Haftaici;12;2014
22.12.2014;57,68;19,58;1020,26;40,39;88,69;48,32;32,16;Trafik;Haftaici;12;2014
21.12.2014;103,58;18,82;1579,41;41,71;103,79;62,08;67,04;Trafik;Haftasonu ;12;2014
20.12.2014;171,56;24,44;2177,6;52,02;157,08;105,06;111,37;Trafik;Haftasonu ;12;2014
19.12.2014;114,46;25,5;2216,31;42,54;107,7;65,16;69,13;Trafik;Haftaici;12;2014
18.12.2014;206,74;18,58;2719,45;31,29;117,25;85,96;146,98;Trafik;Haftaici;12;2014
17.12.2014;156,44;15,95;1808,56;32,2;76,28;44,08;108,81;Trafik;Haftaici;12;2014
16.12.2014;130,44;12,88;1416,54;31,39;59,81;28,42;92,66;Trafik;Haftaici;12;2014
15.12.2014;91,52;11,91;1233,24;36,61;70,58;33,97;50,95;Trafik;Haftaici;12;2014
14.12.2014;64,13;11,82;1367,5;30,04;54,33;24,29;39,46;Trafik;Haftasonu ;12;2014
13.12.2014;51,65;9,73;1244,96;22,73;31,96;9,24;28,11;Trafik;Haftasonu ;12;2014
12.12.2014;51,32;8,77;1575,62;29,12;48,58;19,46;;Trafik;Haftaici;12;2014
11.12.2014;129,44;14,03;2054,44;32,29;84,45;52,16;65,67;Trafik;Haftaici;12;2014
10.12.2014;83,1;11,7;1879,8;36,37;133,16;96,79;56,81;Trafik;Haftaici;12;2014
9.12.2014;52,58;8,93;1348,58;24,81;33,06;8,25;30,92;Trafik;Haftaici;12;2014
8.12.2014;153,57;14,76;2210,4;32,71;78,86;46,16;91,38;Trafik;Haftaici;12;2014
7.12.2014;80,48;14,21;1172,42;23,96;43,79;19,83;50,1;Trafik;Haftasonu ;12;2014
6.12.2014;96,79;9,45;1412,61;48,53;96,21;47,67;57,3;Trafik;Haftasonu ;12;2014
5.12.2014;158,52;15,45;2474,58;68,87;168,71;99,84;92,75;Trafik;Haftaici;12;2014
4.12.2014;160,86;12,71;2572,72;61,73;224,34;162,63;100,53;Trafik;Haftaici;12;2014
3.12.2014;253,64;15,83;3800,99;80,37;421,53;341,19;134,49;Trafik;Haftaici;12;2014
2.12.2014;230,21;14,42;2354,29;66,25;325,96;259,74;125,12;Trafik;Haftaici;12;2014
1.12.2014;43,77;15,75;1246,31;53,23;101,69;48,45;;Trafik;Haftaici;12;2014
30.11.2014;83,89;14,03;2516,48;97,38;186,59;89,21;15,12;Trafik;Haftasonu ;11;2014
29.11.2014;188,62;22,08;2728,97;131,09;360,4;229,34;34,55;Trafik;Haftasonu ;11;2014
28.11.2014;91,8;12,96;1678,64;87,05;195,49;108,47;16,76;Trafik;Haftaici;11;2014
27.11.2014;43,63;12,66;1369,82;65,38;85,83;20,45;9,22;Trafik;Haftaici;11;2014
26.11.2014;37,38;9,27;1070,24;39,62;49,77;10,15;7,39;Trafik;Haftaici;11;2014
25.11.2014;46,93;8,52;1149,83;44,8;53,99;9,2;8,87;Trafik;Haftaici;11;2014
24.11.2014;29,64;8,35;908,46;36,58;39,92;3,34;6,34;Trafik;Haftaici;11;2014
23.11.2014;47,58;13,53;1235,04;50,03;71,91;21,88;9,7;Trafik;Haftasonu ;11;2014
22.11.2014;45,25;14,75;1339,5;75,48;138,56;63,07;7,76;Trafik;Haftasonu ;11;2014
21.11.2014;33,88;9,91;1167,01;50,69;77,16;26,47;5,89;Trafik;Haftaici;11;2014
20.11.2014;63,95;9,86;1493,42;65,46;86,77;21,3;13,08;Trafik;Haftaici;11;2014
19.11.2014;145,61;12,53;1817,19;98,89;190,48;91,61;27,53;Trafik;Haftaici;11;2014
18.11.2014;161,11;14,97;1907,11;101,79;209,05;107,26;30,67;Trafik;Haftaici;11;2014
17.11.2014;195,35;14,31;2022,84;126,68;243,03;116,34;36,35;Trafik;Haftaici;11;2014
16.11.2014;155,55;15,07;1769,69;95,32;205,94;110,64;29,11;Trafik;Haftasonu ;11;2014
15.11.2014;87,36;9,34;993,62;69,43;111,88;42,46;16,34;Trafik;Haftasonu ;11;2014
14.11.2014;80,89;11,56;1343,51;85,53;95,04;9,5;15,28;Trafik;Haftaici;11;2014
13.11.2014;134,17;12,61;1512,3;102,9;188,58;85,69;24,87;Trafik;Haftaici;11;2014
12.11.2014;146,54;;1746,6;118,75;234,46;115,71;27,5;Trafik;Haftaici;11;2014
11.11.2014;157,13;11,47;1921,65;126,22;240,25;114,04;28,97;Trafik;Haftaici;11;2014
10.11.2014;114,94;10,98;1335,94;137,38;237,53;94,74;24,31;Trafik;Haftaici;11;2014
9.11.2014;217,34;7,37;2687,13;134,33;317,75;183,43;41,38;Trafik;Haftasonu ;11;2014
8.11.2014;241,26;18,6;2595,72;151,9;394,23;242,38;45,89;Trafik;Haftasonu ;11;2014
7.11.2014;214,06;9;2189,08;145,02;347,76;202,75;38,47;Trafik;Haftaici;11;2014
6.11.2014;220,5;4,65;2234,62;135,39;317,94;182,56;42,38;Trafik;Haftaici;11;2014
5.11.2014;188,72;9,19;2013,66;115,52;282,32;166,8;35,01;Trafik;Haftaici;11;2014
4.11.2014;170,47;8,54;1875,21;114,85;282,16;167,32;32,2;Trafik;Haftaici;11;2014
3.11.2014;43,25;6,42;776,39;49,9;74,89;25,01;8,85;Trafik;Haftaici;11;2014
2.11.2014;37,79;6,11;896,15;44,67;62,72;18,08;8,92;Trafik;Haftasonu ;11;2014
1.11.2014;72,13;6,23;985,78;53,84;124,27;70,44;13,78;Trafik;Haftasonu ;11;2014
31.10.2014;32,08;6,86;924,8;72,51;107,06;34,55;7,83;Trafik;Haftaici;10;2014
30.10.2014;79,13;5,46;1247,59;97,2;147,73;50,54;14,84;Trafik;Haftaici;10;2014
29.10.2014;68,01;5,9;1143,28;53,62;65,86;12,24;12,84;Trafik;Haftaici;10;2014
28.10.2014;82,55;5,44;1305,35;108,54;156,02;47,49;16,12;Trafik;Haftaici;10;2014
27.10.2014;70,06;6,15;1562,62;77,98;175,54;97,58;14,77;Trafik;Haftaici;10;2014
26.10.2014;60,82;5,22;1119,23;69,41;102,65;33,28;13,18;Trafik;Haftasonu ;10;2014
25.10.2014;65,2;6,02;1159,31;68,24;118,22;50;14,1;Trafik;Haftasonu ;10;2014
24.10.2014;106,92;6,29;1569,93;53,48;98,94;45,45;20,71;Trafik;Haftaici;10;2014
23.10.2014;60,12;6,56;1302,34;90,7;137,7;47,02;11,65;Trafik;Haftaici;10;2014
22.10.2014;178,13;7,6;1903,68;123,07;301,16;178,11;35,64;Trafik;Haftaici;10;2014
21.10.2014;166,51;7,08;1941,66;115,13;277,98;162,85;32,69;Trafik;Haftaici;10;2014
20.10.2014;102,61;5,92;1214,41;93,59;196,68;103,13;18,88;Trafik;Haftaici;10;2014
19.10.2014;25,18;5,41;645,72;34,27;40,83;6,57;6,07;Trafik;Haftasonu ;10;2014
18.10.2014;37,78;4,52;1025,19;55,75;67,64;11,89;8,36;Trafik;Haftasonu ;10;2014
17.10.2014;82,34;6,06;1676,9;89,48;222,7;133,24;18,64;Trafik;Haftaici;10;2014
16.10.2014;96,35;10,58;1294,89;87,75;161,89;74,16;23,72;Trafik;Haftaici;10;2014
15.10.2014;111,32;5,75;1497,69;90,89;183,02;92,14;28,51;Trafik;Haftaici;10;2014
14.10.2014;56,56;5,67;1179,34;53,04;115,81;62,79;17,33;Trafik;Haftaici;10;2014
13.10.2014;78,52;5,73;1443,1;77,96;130,2;52,23;21,97;Trafik;Haftaici;10;2014
12.10.2014;58,78;5,93;1047,73;92,58;143,04;50,49;15,05;Trafik;Haftasonu ;10;2014
11.10.2014;137,57;5,92;940,37;80,66;155,04;74,41;23,75;Trafik;Haftasonu ;10;2014
10.10.2014;28,85;5,09;764,94;54,37;60,64;6,27;9,45;Trafik;Haftaici;10;2014
9.10.2014;41,81;5,53;867,66;64,27;88,13;23,86;10,65;Trafik;Haftaici;10;2014
8.10.2014;49,62;5,13;896,93;61,86;83,13;21,27;13,18;Trafik;Haftaici;10;2014
7.10.2014;55,56;5,14;1159,35;76,73;124,91;48,2;17,76;Trafik;Haftaici;10;2014
6.10.2014;52,77;5,19;1059,66;78,72;107,43;28,72;16,41;Trafik;Haftaici;10;2014
5.10.2014;47,03;4,8;1066,03;71,11;110,49;39,39;11,31;Trafik;Haftasonu ;10;2014
4.10.2014;54,18;4,23;1096,31;65,82;136,49;70,69;11,81;Trafik;Haftasonu ;10;2014
3.10.2014;31,97;;813,32;50,48;71,59;21,12;8,12;Trafik;Haftaici;10;2014
2.10.2014;34,29;;740,38;42,86;48,48;5,56;4,72;Trafik;Haftaici;10;2014
1.10.2014;110,71;6,16;1593,67;93,37;196,75;103,38;22,84;Trafik;Haftaici;10;2014
30.09.2014;91,51;5,44;1433,64;74,45;159,68;85,25;18,38;Trafik;Haftaici;9;2014
29.09.2014;49,7;5,41;868,18;48,58;82,58;34,02;10,64;Trafik;Haftaici;9;2014
28.09.2014;18,13;5,65;837,86;36,48;43,06;6,58;4,55;Trafik;Haftasonu ;9;2014
27.09.2014;38,81;6,8;991,62;62,54;75,62;13,08;9,76;Trafik;Haftasonu ;9;2014
26.09.2014;77,64;7,11;1300,93;87,22;134,8;47,58;18,12;Trafik;Haftaici;9;2014
25.09.2014;55,16;5,77;1186,26;75,81;147,25;71,46;13,03;Trafik;Haftaici;9;2014
24.09.2014;43,89;5,24;977,06;65,3;133,86;68,58;11,35;Trafik;Haftaici;9;2014
23.09.2014;87,49;5,51;1224,7;70,9;96,14;25,24;17,52;Trafik;Haftaici;9;2014
22.09.2014;77,67;6,62;1475;74,9;184,58;109,69;18,41;Trafik;Haftaici;9;2014
21.09.2014;52,85;4,45;1153,85;67,81;130,65;62,86;11,16;Trafik;Haftasonu ;9;2014
20.09.2014;26,82;5,19;906,79;48,84;66,99;18,16;6,07;Trafik;Haftasonu ;9;2014
19.09.2014;37,65;4,85;876,06;59,33;74,05;14,72;9,25;Trafik;Haftaici;9;2014
18.09.2014;37,4;6,42;927,41;56,78;70,27;13,5;1,99;Trafik;Haftaici;9;2014
17.09.2014;47,84;5,92;1024,6;56,71;77,87;21,16;2,88;Trafik;Haftaici;9;2014
16.09.2014;38,65;5,57;959,83;47,45;55,71;8,26;12,64;Trafik;Haftaici;9;2014
15.09.2014;41,73;1,62;970,76;58,01;71,82;13,81;11,96;Trafik;Haftaici;9;2014
14.09.2014;38,81;6,45;1052,32;52,6;79,54;26,94;11,42;Trafik;Haftasonu ;9;2014
13.09.2014;49,99;5,48;1242,73;58,33;79,83;21,5;13,07;Trafik;Haftasonu ;9;2014
12.09.2014;67,77;6,48;1388,63;77,84;157,62;79,79;17,25;Trafik;Haftaici;9;2014
7.09.2014;42,39;4,24;976,94;70,32;93,01;22,69;12,01;Trafik;Haftasonu ;9;2014
6.09.2014;67,66;5,71;1019,28;72,79;87,63;14,84;16,94;Trafik;Haftasonu ;9;2014
5.09.2014;63,39;4,25;1002,94;63,17;87,91;24,75;14,86;Trafik;Haftaici;9;2014
4.09.2014;70,25;4,31;1075,4;64,09;78,16;14,06;17,18;Trafik;Haftaici;9;2014
3.09.2014;75,07;4,39;1146,19;91,24;132,5;41,26;17,59;Trafik;Haftaici;9;2014
2.09.2014;70,74;4,79;1077,89;74,04;138,82;64,78;17,6;Trafik;Haftaici;9;2014
1.09.2014;46,09;3,49;935,99;46,37;57,03;10,67;12,96;Trafik;Haftaici;9;2014
31.08.2014;40,43;4,34;886,1;37,82;42,87;5,06;10,98;Trafik;Haftasonu ;8;2014
28.08.2014;76,42;4,79;1182,45;50,41;57,59;7,16;21,23;Trafik;Haftaici;8;2014
27.08.2014;91,18;6,27;1395,98;91,39;183,57;92,2;21,04;Trafik;Haftaici;8;2014
26.08.2014;45,07;5,26;1015,66;60,55;84,34;23,8;13,93;Trafik;Haftaici;8;2014
25.08.2014;42,51;5,76;1048,99;36,59;45,26;8,67;12,79;Trafik;Haftaici;8;2014
24.08.2014;45,43;5;1120,3;66,44;122,5;56,06;12,94;Trafik;Haftasonu ;8;2014
23.08.2014;31,55;4,64;906,01;33,5;39,22;5,72;8,5;Trafik;Haftasonu ;8;2014
22.08.2014;45,03;4,64;1104,11;54,31;64,43;10,12;14,13;Trafik;Haftaici;8;2014
21.08.2014;58,69;6,66;1176,96;81,25;136,78;55,53;15,14;Trafik;Haftaici;8;2014
20.08.2014;35,81;6,07;951,25;54,69;64,55;9,87;9,94;Trafik;Haftaici;8;2014
19.08.2014;22,8;4,59;936,11;32,74;41,33;8,59;7,25;Trafik;Haftaici;8;2014
18.08.2014;35,29;5,2;977,8;36,42;43,91;7,49;9,74;Trafik;Haftaici;8;2014
17.08.2014;71,64;4,07;1516,35;87,65;145,12;57,48;20,37;Trafik;Haftasonu ;8;2014
16.08.2014;69,36;4,49;1644,7;98,61;224,42;125,84;20,41;Trafik;Haftasonu ;8;2014
7.08.2014;45,41;5,67;1190,08;30,14;32,8;2,67;10,59;Trafik;Haftaici;8;2014
6.08.2014;44,4;5,12;1225,43;39,24;40,76;1,52;12,73;Trafik;Haftaici;8;2014
5.08.2014;38,78;5,85;1203,05;27,85;30,77;2,92;10,36;Trafik;Haftaici;8;2014
4.08.2014;36,31;6,85;885,83;33,27;36,56;3,29;14,91;Trafik;Haftaici;8;2014
3.08.2014;70,28;11,36;1093,75;45,16;78,29;33,14;18,97;Trafik;Haftasonu ;8;2014
2.08.2014;71,97;7,95;602,4;51,84;57,26;5,43;19,51;Trafik;Haftasonu ;8;2014
1.08.2014;70,4;8,14;632,62;67,15;87,07;19,92;13,62;Trafik;Haftaici;8;2014
31.07.2014;46,43;7,46;1110,49;0,48;1,37;0,9;3,32;Trafik;Haftaici;7;2014
30.07.2014;45,06;5,79;491,7;0,45;1,13;0,68;2,67;Trafik;Haftaici;7;2014
29.07.2014;48,23;6,03;508,52;0,59;1,44;0,85;2,94;Trafik;Haftaici;7;2014
28.07.2014;25,27;5,22;777,84;0,54;1,27;0,73;3,5;Trafik;Haftaici;7;2014
27.07.2014;25,01;4,72;397,49;29,72;31,88;2,16;2,74;Trafik;Haftasonu ;7;2014
26.07.2014;37,48;6,49;444,47;35,06;38,64;3,59;3,7;Trafik;Haftasonu ;7;2014
25.07.2014;32,93;4,86;380,35;32,4;35,2;2,79;3,31;Trafik;Haftaici;7;2014
24.07.2014;73,68;5,6;470,9;49,24;53,46;4,22;2,72;Trafik;Haftaici;7;2014
23.07.2014;47,13;5,18;617,64;60,25;77,79;17,55;3,56;Trafik;Haftaici;7;2014
22.07.2014;44,28;5,19;578,03;66,06;76,34;10,29;3,95;Trafik;Haftaici;7;2014
21.07.2014;32,76;4,83;376,21;38,11;41,61;3,5;4,21;Trafik;Haftaici;7;2014
20.07.2014;29,75;5,25;390,51;31,63;34,5;2,87;3,06;Trafik;Haftasonu ;7;2014
19.07.2014;34,86;5,23;430,47;36,26;38,88;2,62;4,05;Trafik;Haftasonu ;7;2014
18.07.2014;51,02;5,15;433,6;41,07;44,09;3,03;3,69;Trafik;Haftaici;7;2014
17.07.2014;54,28;5,19;433,63;43,22;47,39;4,17;3,22;Trafik;Haftaici;7;2014
16.07.2014;60,07;6,26;552,77;53,67;66,43;12,77;4,65;Trafik;Haftaici;7;2014
15.07.2014;35,21;4,28;322,23;27,6;29,25;1,65;3,32;Trafik;Haftaici;7;2014
14.07.2014;43,62;5,59;400,23;35,68;38,61;2,94;2,9;Trafik;Haftaici;7;2014
13.07.2014;68,48;4,88;405,35;32,79;35,8;3,01;3,49;Trafik;Haftasonu ;7;2014
12.07.2014;90,53;6,12;504,87;56,53;65,81;9,29;3,11;Trafik;Haftasonu ;7;2014
11.07.2014;85,3;4,81;476,85;52,49;61,33;8,84;31;Trafik;Haftaici;7;2014
10.07.2014;83,15;6,39;921,17;75,96;125,27;49,33;40,88;Trafik;Haftaici;7;2014
9.07.2014;48,2;6,98;623,44;65,77;93,02;27,26;27,73;Trafik;Haftaici;7;2014
8.07.2014;34,01;6,66;326,28;33,89;37,11;3,23;;Trafik;Haftaici;7;2014
7.07.2014;35,33;5,27;446,54;36,32;37,92;1,6;19,67;Trafik;Haftaici;7;2014
6.07.2014;21,5;5,13;414,36;33,81;35,3;1,5;;Trafik;Haftasonu ;7;2014
5.07.2014;31,39;5,78;418,19;33,98;36,67;2,7;18,15;Trafik;Haftasonu ;7;2014
4.07.2014;37,35;7,25;420,43;31;34,21;3,21;24,01;Trafik;Haftaici;7;2014
3.07.2014;43,6;5,49;439,05;37,41;40,61;3,2;;Trafik;Haftaici;7;2014
2.07.2014;48,09;3,94;382,62;41,41;43,56;2,15;32,36;Trafik;Haftaici;7;2014
1.07.2014;53,58;6,38;494,45;58,91;63,8;4,89;35,14;Trafik;Haftaici;7;2014
30.06.2014;47,21;4,9;533,85;54,11;78,14;24,03;28,48;Trafik;Haftaici;6;2014
29.06.2014;48,62;4,6;380,99;48,56;52,78;4,22;20,52;Trafik;Haftasonu ;6;2014
28.06.2014;68,3;7,32;396,01;54,19;58,38;4,2;40,47;Trafik;Haftasonu ;6;2014
27.06.2014;92,16;5,94;682,61;78,81;118,56;39,77;49,39;Trafik;Haftaici;6;2014
26.06.2014;87,82;;401,05;58,39;66,33;7,95;47,37;Trafik;Haftaici;6;2014
25.06.2014;44,35;18,11;441,57;56,2;67,72;11,53;22,59;Trafik;Haftaici;6;2014
24.06.2014;43,01;4,99;384,87;41,85;52,8;10,95;22,99;Trafik;Haftaici;6;2014
23.06.2014;28,41;5,97;289,95;33,62;37,23;3,61;16,15;Trafik;Haftaici;6;2014
22.06.2014;27,31;6,18;311,92;39,92;44,86;4,94;17,44;Trafik;Haftasonu ;6;2014
21.06.2014;33,99;5,98;332,3;46,31;52,09;5,78;;Trafik;Haftasonu ;6;2014
20.06.2014;42,52;5,04;312,23;51,58;57,72;6,14;28,92;Trafik;Haftaici;6;2014
19.06.2014;95,93;;392,45;51,13;60,39;9,27;50,32;Trafik;Haftaici;6;2014
18.06.2014;55,79;;435,12;53,62;66,32;12,71;32,42;Trafik;Haftaici;6;2014
17.06.2014;50,54;8,14;756,5;77,45;122,27;44,85;;Trafik;Haftaici;6;2014
16.06.2014;39,05;5,35;382,92;50,75;55,33;4,59;19,77;Trafik;Haftaici;6;2014
15.06.2014;55,57;4,97;810,6;55,28;85,79;30,51;31,03;Trafik;Haftasonu ;6;2014
14.06.2014;56,34;3,53;696,95;71,48;114,81;43,35;28,54;Trafik;Haftasonu ;6;2014
13.06.2014;43,17;3,71;424,01;58,44;66,76;8,32;20;Trafik;Haftaici;6;2014
12.06.2014;27,46;3,41;327,85;37,71;43,34;5,63;;Trafik;Haftaici;6;2014
11.06.2014;44,07;4,53;315,66;38,42;42,66;4,23;23,08;Trafik;Haftaici;6;2014
10.06.2014;50,87;4,03;439,41;42,91;54,24;11,34;31,74;Trafik;Haftaici;6;2014
9.06.2014;54,79;8,81;1152,88;70,89;146,07;75,19;25,22;Trafik;Haftaici;6;2014
8.06.2014;37,36;6,19;1042,62;59,88;111,05;51,18;19,64;Trafik;Haftasonu ;6;2014
7.06.2014;30,9;5,87;721,34;66,56;98,09;31,55;15,57;Trafik;Haftasonu ;6;2014
6.06.2014;32,09;5,14;794,11;83,21;125,45;42,25;;Trafik;Haftaici;6;2014
5.06.2014;98,66;6,96;494,56;78,31;91,9;13,6;48,12;Trafik;Haftaici;6;2014
4.06.2014;57,3;7,79;418,11;37,94;43,46;5,53;27,59;Trafik;Haftaici;6;2014
3.06.2014;37,58;8,27;436,01;68,37;96,52;28,17;;Trafik;Haftaici;6;2014
2.06.2014;38,24;6,06;509,78;50,33;58,9;8,57;22,35;Trafik;Haftaici;6;2014
1.06.2014;33,43;6,06;490,08;53,05;86,88;33,85;18,81;Trafik;Haftasonu ;6;2014
31.05.2014;37,22;6,06;465,31;73,14;85,34;12,2;19,33;Trafik;Haftasonu ;5;2014
30.05.2014;43,33;6,54;491,47;53,38;64,54;11,14;23,07;Trafik;Haftaici;5;2014
29.05.2014;41,79;9,1;374,7;;;;;Trafik;Haftaici;5;2014
28.05.2014;56,14;7,94;458,23;52,79;58,6;5,82;32,51;Trafik;Haftaici;5;2014
27.05.2014;54,79;7,54;523,49;55,99;61,11;5,12;30,67;Trafik;Haftaici;5;2014
26.05.2014;57,9;7,53;548,29;62,11;84,09;22;32,56;Trafik;Haftaici;5;2014
25.05.2014;37,35;7,11;477,72;44,51;49,55;5,04;21,81;Trafik;Haftasonu ;5;2014
24.05.2014;43,62;7,29;473,1;53,68;62,5;8,82;23,67;Trafik;Haftasonu ;5;2014
23.05.2014;40,65;6,27;458,49;58,55;66,86;8,31;25,85;Trafik;Haftaici;5;2014
22.05.2014;21,87;7,23;371,19;37,31;41,76;4,45;;Trafik;Haftaici;5;2014
21.05.2014;35,4;7,61;394,17;39,15;44,02;4,87;16,47;Trafik;Haftaici;5;2014
20.05.2014;32,19;6,9;367,66;39,79;42,28;2,49;15,92;Trafik;Haftaici;5;2014
19.05.2014;30,13;6,03;407,49;39,96;42,49;2,53;;Trafik;Haftaici;5;2014
18.05.2014;35,55;7,71;344,58;34,24;36,37;2,13;21,08;Trafik;Haftasonu ;5;2014
17.05.2014;46,3;8,54;473,35;56,57;62,08;5,51;24,66;Trafik;Haftasonu ;5;2014
16.05.2014;34,49;6,84;506,58;74,8;113,42;38,65;22,06;Trafik;Haftaici;5;2014
15.05.2014;44,22;6,51;428,83;57,64;66,71;9,08;21,86;Trafik;Haftaici;5;2014
14.05.2014;50,36;8,12;590,85;70,64;108,09;37,45;;Trafik;Haftaici;5;2014
13.05.2014;44,41;7,46;538,45;49,79;57,18;7,4;28,21;Trafik;Haftaici;5;2014
12.05.2014;44,97;7,39;637,54;69,35;106,76;37,41;29,68;Trafik;Haftaici;5;2014
11.05.2014;56,64;8,11;665,64;59,67;100,79;41,13;34,28;Trafik;Haftasonu ;5;2014
10.05.2014;32,02;7,82;443,34;83,07;104,02;20,96;18,74;Trafik;Haftasonu ;5;2014
9.05.2014;28,12;7,91;321,38;45,82;51,73;5,91;17,92;Trafik;Haftaici;5;2014
8.05.2014;31,18;7,78;363,25;29,16;32,43;3,27;18,81;Trafik;Haftaici;5;2014
7.05.2014;23,55;8,5;332,45;32,22;35,41;3,19;;Trafik;Haftaici;5;2014
6.05.2014;40,53;2,55;375,44;49,28;57,7;8,42;22,42;Trafik;Haftaici;5;2014
5.05.2014;31,05;8,57;772,6;85,95;114,85;28,89;19,62;Trafik;Haftaici;5;2014
4.05.2014;61,46;7,89;517,7;58,38;75,81;17,43;29,62;Trafik;Haftasonu ;5;2014
3.05.2014;45,06;8,48;750,2;70,8;104,38;33,6;21,94;Trafik;Haftasonu ;5;2014
2.05.2014;27,48;8,04;643,72;69,07;88,77;19,72;16,68;Trafik;Haftaici;5;2014
1.05.2014;21,33;7,6;669,73;65,69;90,12;24,45;;Trafik;Haftaici;5;2014
30.04.2014;30,01;8,35;423,9;65,77;80,32;14,56;15,93;Trafik;Haftaici;4;2014
29.04.2014;24,91;7,33;638,75;62,95;92,04;29,1;12,86;Trafik;Haftaici;4;2014
28.04.2014;21,7;6,91;489,22;73,69;91,67;17,98;10,94;Trafik;Haftaici;4;2014
27.04.2014;44,82;10,17;495,4;54,34;65,48;11,14;22,99;Trafik;Haftasonu ;4;2014
26.04.2014;41,36;11,18;429,24;49,1;57,69;8,6;25,38;Trafik;Haftasonu ;4;2014
25.04.2014;65,04;9,15;779,13;73,45;119,51;46,08;32,49;Trafik;Haftaici;4;2014
24.04.2014;54,98;12,49;402,83;42,86;49,2;6,33;26,12;Trafik;Haftaici;4;2014
23.04.2014;70,2;23,83;695,6;62,39;91,4;29,02;37,99;Trafik;Haftaici;4;2014
22.04.2014;54,72;11,05;957,46;70,07;129,18;59,12;27,01;Trafik;Haftaici;4;2014
21.04.2014;33,01;10,89;562,77;49,62;56,87;7,25;;Trafik;Haftaici;4;2014
20.04.2014;32,85;9,96;704,07;58,62;76,45;17,84;;Trafik;Haftasonu ;4;2014
19.04.2014;34,88;8,17;374,24;46,34;55,71;9,37;14,71;Trafik;Haftasonu ;4;2014
18.04.2014;34,99;7,64;358,6;45,73;56,56;10,85;12,86;Trafik;Haftaici;4;2014
17.04.2014;41,04;8,92;510,29;51,84;72,24;20,4;18,25;Trafik;Haftaici;4;2014
16.04.2014;38,4;10,69;506,92;53,74;68,35;14,62;19,1;Trafik;Haftaici;4;2014
15.04.2014;32,72;10,86;581,41;56,56;71,24;14,69;;Trafik;Haftaici;4;2014
14.04.2014;42,37;13,28;641,04;54,52;64,99;10,47;27,12;Trafik;Haftaici;4;2014
13.04.2014;37,94;14,45;764;57,22;77,63;20,42;21,64;Trafik;Haftasonu ;4;2014
12.04.2014;31,2;10,93;558,97;60,86;82,49;21,64;18,43;Trafik;Haftasonu ;4;2014
11.04.2014;34,67;11,32;453,44;50,04;61,65;11,62;15,16;Trafik;Haftaici;4;2014
10.04.2014;41,27;10,27;549,19;63,94;82,14;18,2;19,78;Trafik;Haftaici;4;2014
9.04.2014;54,26;11,81;878,45;67,78;121,17;53,4;30,76;Trafik;Haftaici;4;2014
8.04.2014;54,41;5,33;485,89;38,69;44,42;5,73;21,2;Trafik;Haftaici;4;2014
7.04.2014;66,12;8,34;395,98;58,82;70,01;11,2;24,58;Trafik;Haftaici;4;2014
6.04.2014;80,15;10,22;817,32;61,72;102,15;40,44;33,69;Trafik;Haftasonu ;4;2014
5.04.2014;86,76;14,61;1060,53;78,82;143,48;64,67;35,94;Trafik;Haftasonu ;4;2014
4.04.2014;118,56;15,91;1096,58;;;;49,81;Trafik;Haftaici;4;2014
3.04.2014;91,58;19,76;935,77;;;;43,18;Trafik;Haftaici;4;2014
2.04.2014;74,9;12,79;525,85;;;;32,33;Trafik;Haftaici;4;2014
1.04.2014;50,58;12;723,78;60,92;92,92;32,01;18,85;Trafik;Haftaici;4;2014
31.03.2014;68,02;14,18;;71,24;151,43;80,2;30,92;Trafik;Haftaici;3;2014
30.03.2014;25,26;7,5;557,48;27,09;33,07;5,99;12,68;Trafik;Haftasonu ;3;2014
29.03.2014;43,96;9,64;369,43;35,82;44,44;8,61;15,13;Trafik;Haftasonu ;3;2014
28.03.2014;94,06;11,97;581,31;72,94;107,41;34,49;35,14;Trafik;Haftaici;3;2014
27.03.2014;97,98;13,61;1260,87;77,94;161,54;83,61;44,41;Trafik;Haftaici;3;2014
26.03.2014;75,6;14,59;1031,02;72,85;129,26;56,42;27,96;Trafik;Haftaici;3;2014
25.03.2014;67,77;9,48;491,56;60,48;81,82;21,34;23,74;Trafik;Haftaici;3;2014
24.03.2014;58,63;31,21;644,68;68,49;97,76;29,3;18,3;Trafik;Haftaici;3;2014
23.03.2014;101,9;16,86;1455,46;79,08;178,63;99,57;41,62;Trafik;Haftasonu ;3;2014
22.03.2014;116,63;16,29;1270,13;82,23;165,22;83;44,99;Trafik;Haftasonu ;3;2014
21.03.2014;110,58;;617,82;56,56;93,12;36,57;15,38;Trafik;Haftaici;3;2014
20.03.2014;50,35;;574,4;43,69;59,29;15,6;;Trafik;Haftaici;3;2014
19.03.2014;85,78;;1056,1;68,16;155,43;87,27;;Trafik;Haftaici;3;2014
18.03.2014;71,64;;1064,82;59,1;128,84;69,75;;Trafik;Haftaici;3;2014
17.03.2014;57,08;;961,74;55,1;109,63;54,56;;Trafik;Haftaici;3;2014
16.03.2014;51,44;;363,59;31,37;43,47;12,1;;Trafik;Haftasonu ;3;2014
15.03.2014;51,53;;638,48;60,79;96,32;35,53;;Trafik;Haftasonu ;3;2014
14.03.2014;90,62;;1175,44;70,25;152,5;82,27;;Trafik;Haftaici;3;2014
13.03.2014;36,36;;382,26;27,03;35,06;8,03;;Trafik;Haftaici;3;2014
12.03.2014;77,97;;508,29;46,12;56,95;10,84;;Trafik;Haftaici;3;2014
11.03.2014;29,6;;619,75;42,56;60,65;18,09;;Trafik;Haftaici;3;2014
10.03.2014;40,1;;750,56;50,06;89,27;39,19;;Trafik;Haftaici;3;2014
9.03.2014;54,75;;411,61;23,87;30,17;6,29;;Trafik;Haftasonu ;3;2014
7.03.2014;46,54;;392,39;30,29;35,69;5,4;;Trafik;Haftaici;3;2014
6.03.2014;82,83;;1038,65;56,74;123,66;66,93;;Trafik;Haftaici;3;2014
5.03.2014;32,05;;497,89;32,13;39;6,88;;Trafik;Haftaici;3;2014
4.03.2014;33,67;;827,75;62,73;104,77;42,05;;Trafik;Haftaici;3;2014
3.03.2014;114,67;;547,67;42,74;54,05;11,32;;Trafik;Haftaici;3;2014
2.03.2014;122,97;;927,68;55,88;105,86;49,98;;Trafik;Haftasonu ;3;2014
1.03.2014;75,84;;930,39;57,58;93,41;35,84;;Trafik;Haftasonu ;3;2014
28.02.2014;133,78;;1486,47;74,91;172,18;97,28;;Trafik;Haftaici;2;2014
27.02.2014;49,38;;551,1;48,17;65,75;17,58;;Trafik;Haftaici;2;2014
26.02.2014;45,38;;657,43;48,76;68,21;19,45;;Trafik;Haftaici;2;2014
25.02.2014;47,6;;736,51;47,86;75,16;27,3;;Trafik;Haftaici;2;2014
24.02.2014;67,48;;626,14;49,78;61,04;11,27;;Trafik;Haftaici;2;2014
23.02.2014;118,12;;1357,89;81,63;163,4;81,79;;Trafik;Haftasonu ;2;2014
21.02.2014;166,66;;1881,56;89,09;251,97;162,92;;Trafik;Haftaici;2;2014
20.02.2014;;;;92,09;317,21;225,16;;Trafik;Haftaici;2;2014
19.02.2014;164,4;1,48;;133,61;312,28;178,67;;Trafik;Haftaici;2;2014
18.02.2014;142,99;4,58;;177,42;388,84;211,41;;Trafik;Haftaici;2;2014
17.02.2014;139,06;7,81;;152,01;331,76;179,77;;Trafik;Haftaici;2;2014
16.02.2014;85,27;11,42;;89,44;205,13;115,71;;Trafik;Haftasonu ;2;2014
15.02.2014;87,73;3,3;;162,91;329,46;166,6;;Trafik;Haftasonu ;2;2014
14.02.2014;69,25;3,83;;68,84;87,57;18,71;;Trafik;Haftaici;2;2014
13.02.2014;136,75;16,48;;175,48;326,05;150,59;63,13;Trafik;Haftaici;2;2014
12.02.2014;113,79;15,64;;140,35;259,58;119,27;40,79;Trafik;Haftaici;2;2014
11.02.2014;146,45;13,09;;135,69;280,3;144,61;55,02;Trafik;Haftaici;2;2014
10.02.2014;63,23;22,29;;100,58;180,91;80,38;19,89;Trafik;Haftaici;2;2014
9.02.2014;108,73;17,47;;134,27;280,22;146,01;57,08;Trafik;Haftasonu ;2;2014
8.02.2014;127,23;28,6;;125,2;284,36;159,18;60,64;Trafik;Haftasonu ;2;2014
7.02.2014;170,11;31,92;;128,87;359,55;230,69;78,27;Trafik;Haftaici;2;2014
6.02.2014;171,93;27,97;1970,66;113,09;318,94;205,84;79,53;Trafik;Haftaici;2;2014
5.02.2014;172,82;27,8;2285,17;173,43;360,63;187,2;81,23;Trafik;Haftaici;2;2014
4.02.2014;123,65;25,97;1569,62;91,95;245,71;153,77;;Trafik;Haftaici;2;2014
3.02.2014;47,52;19,01;1101,85;76,72;122,43;45,71;;Trafik;Haftaici;2;2014
2.02.2014;23,24;11,13;812,27;48,6;58,62;10,03;;Trafik;Haftasonu ;2;2014
1.02.2014;53,18;11,88;851,79;64,68;88,62;23,95;;Trafik;Haftasonu ;2;2014
31.01.2014;136,67;18,1;;107,74;231,93;124,21;;Trafik;Haftaici;1;2014
30.01.2014;56,28;27,92;1308,4;84,84;163,52;78,71;;Trafik;Haftaici;1;2014
29.01.2014;18,68;2,06;834,77;63,89;89,5;25,61;;Trafik;Haftaici;1;2014
28.01.2014;66,33;8,84;1718,97;114,08;283,13;169,07;;Trafik;Haftaici;1;2014
27.01.2014;25,73;;784,46;68,42;88,2;19,78;;Trafik;Haftaici;1;2014
26.01.2014;50,32;9,63;1301,32;77,53;146,65;69,14;;Trafik;Haftasonu ;1;2014
25.01.2014;82,88;12,72;2009,98;119,06;262,38;143,35;;Trafik;Haftasonu ;1;2014
24.01.2014;116,51;18,9;1808,56;86,79;267,52;180,75;;Trafik;Haftaici;1;2014
23.01.2014;76,79;15,51;1304,89;113,91;200,39;86,5;;Trafik;Haftaici;1;2014
22.01.2014;93,35;10,91;1740,81;148,77;296,12;147,38;;Trafik;Haftaici;1;2014
21.01.2014;128,67;12,59;1449,88;107,06;258;150,94;;Trafik;Haftaici;1;2014
20.01.2014;213,17;22,07;2476,97;141,87;417,38;275,52;;Trafik;Haftaici;1;2014
19.01.2014;134,7;16,75;1745,33;136,78;287,25;150,47;;Trafik;Haftasonu ;1;2014
18.01.2014;194,13;19,85;2413,36;182,31;403,46;221,16;;Trafik;Haftasonu ;1;2014
17.01.2014;178,1;22,12;2335,83;215,37;443,96;228,59;;Trafik;Haftaici;1;2014
16.01.2014;273,03;36,16;3254,82;189,44;383,58;194,15;;Trafik;Haftaici;1;2014
15.01.2014;182,71;23,92;2403,78;173,34;398,78;225,45;;Trafik;Haftaici;1;2014
14.01.2014;293,69;38,74;2875,27;211,9;424,7;212,74;;Trafik;Haftaici;1;2014
13.01.2014;142,21;17,78;2881,82;239,69;510,44;270,82;;Trafik;Haftaici;1;2014
12.01.2014;90,5;18,06;1076,41;73,85;140,9;67,05;;Trafik;Haftasonu ;1;2014
11.01.2014;131,64;16,35;1144,58;69,98;190,73;120,74;;Trafik;Haftasonu ;1;2014
10.01.2014;97,2;8,46;855,27;77,12;160,13;82,98;;Trafik;Haftaici;1;2014
9.01.2014;229,62;14,7;2309,89;95,06;335,97;240,91;;Trafik;Haftaici;1;2014
8.01.2014;233,91;18,38;1975,77;90,76;301,72;210,97;;Trafik;Haftaici;1;2014
7.01.2014;173,5;11,94;1612,29;86,68;261,26;174,58;;Trafik;Haftaici;1;2014
6.01.2014;153,82;16,28;1783,41;87,65;244,27;156,63;;Trafik;Haftaici;1;2014
5.01.2014;176,42;18,2;1780,41;75,25;232,04;156,79;;Trafik;Haftasonu ;1;2014
4.01.2014;130,13;15,54;2214,52;137,86;258,73;120,9;;Trafik;Haftasonu ;1;2014
3.01.2014;158;21,94;1712,65;71,01;149,83;78,82;;Trafik;Haftaici;1;2014
2.01.2014;119,09;10,62;1219,55;67,31;123,02;55,7;;Trafik;Haftaici;1;2014
1.01.2014;207,12;17,36;1546,46;58,48;241,15;182,65;;Trafik;Haftaici;1;2014
30.12.2013;137,14;19,78;1740,73;109,11;257,8;148,75;53,27;Trafik;Haftaici;12;2013
29.12.2013;235,02;41,15;3262,76;115,55;425,79;310,29;102,02;Trafik;Haftasonu ;12;2013
28.12.2013;120,15;28,57;534,08;80,4;103,91;23,51;50,64;Trafik;Haftasonu ;12;2013
27.12.2013;380,88;56,11;4545,47;123,37;662,87;539,55;184,48;Trafik;Haftaici;12;2013
26.12.2013;288,24;44,37;2605,97;78,75;526,63;447,9;140,29;Trafik;Haftaici;12;2013
25.12.2013;209,6;43,3;2401,16;74,81;345,25;270,45;91,09;Trafik;Haftaici;12;2013
24.12.2013;183,88;26,32;1911,49;67,31;271,11;203,8;79,94;Trafik;Haftaici;12;2013
23.12.2013;203,03;28,48;2365,72;65,88;282,67;216,8;95,16;Trafik;Haftaici;12;2013
22.12.2013;209,55;17,57;2052,64;96,16;282,48;186,32;104,16;Trafik;Haftasonu ;12;2013
21.12.2013;318,47;18,09;2588,07;68,58;361,12;292,55;174,16;Trafik;Haftasonu ;12;2013
20.12.2013;137,8;19,57;1612,95;62,89;218,18;155,3;74,27;Trafik;Haftaici;12;2013
19.12.2013;90,56;14,4;798,94;75,74;99,13;23,41;44,85;Trafik;Haftaici;12;2013
18.12.2013;58,25;18,14;1000,43;57,81;141,07;83,28;29,99;Trafik;Haftaici;12;2013
17.12.2013;43,66;16,53;918,77;65,13;86,7;21,57;20,9;Trafik;Haftaici;12;2013
16.12.2013;180,47;22,67;2122,06;83,05;320,74;237,71;2,13;Trafik;Haftaici;12;2013
15.12.2013;150,82;35,05;1931,42;94,16;243,34;149,19;2,95;Trafik;Haftasonu ;12;2013
14.12.2013;130,11;44,29;1610,25;75,18;247,03;171,86;5,77;Trafik;Haftasonu ;12;2013
13.12.2013;126,23;25,77;1544,5;58,5;198,4;139,91;2,08;Trafik;Haftaici;12;2013
12.12.2013;63,03;15,46;1324,41;57,62;145,44;87,86;3,81;Trafik;Haftaici;12;2013
11.12.2013;50,74;12,01;865,01;48,27;67,33;19,07;3,1;Trafik;Haftaici;12;2013
10.12.2013;45,14;19,91;878,93;66,69;99,34;32,64;3,25;Trafik;Haftaici;12;2013
9.12.2013;36,22;22,72;924;84,09;140,8;56,72;4,71;Trafik;Haftaici;12;2013
8.12.2013;30,57;13,44;770,09;60,86;87,71;26,85;;Trafik;Haftasonu ;12;2013
7.12.2013;140,05;23,79;1307,22;66,68;238,78;172,03;71,97;Trafik;Haftasonu ;12;2013
6.12.2013;154,2;28,08;1810,09;;;;65,06;Trafik;Haftaici;12;2013
5.12.2013;221,04;30,57;2574,94;;;;102,32;Trafik;Haftaici;12;2013
4.12.2013;113,67;21,3;1761,56;78,06;218,5;140,46;;Trafik;Haftaici;12;2013
3.12.2013;41,66;6,21;644,39;41,51;49,87;8,37;;Trafik;Haftaici;12;2013
2.12.2013;194,71;29,1;1912,78;108,52;287,21;178,67;;Trafik;Haftaici;12;2013
1.12.2013;196,3;25,57;2172,79;89,84;261,41;171,58;;Trafik;Haftasonu ;12;2013
30.11.2013;80,82;15,9;1619,91;76,9;186,49;109,6;;Trafik;Haftasonu ;11;2013
29.11.2013;42,17;11,72;424,88;61,17;87,2;26,03;;Trafik;Haftaici;11;2013
28.11.2013;88,64;37,94;784,93;67,08;123,85;56,77;;Trafik;Haftaici;11;2013
27.11.2013;192,55;6,22;2041,53;82,93;291,97;209,05;;Trafik;Haftaici;11;2013
26.11.2013;46,74;6,11;1151,35;71,18;134,55;63,4;;Trafik;Haftaici;11;2013
25.11.2013;81,13;5,4;563;58,99;90,39;31,4;;Trafik;Haftaici;11;2013
24.11.2013;190,62;14,2;2784,84;93,33;307,89;214,59;;Trafik;Haftasonu ;11;2013
23.11.2013;152,52;9,05;2076,64;76,55;255,99;179,47;;Trafik;Haftasonu ;11;2013
22.11.2013;94,24;9,45;1051,72;71,3;122,01;50,71;;Trafik;Haftaici;11;2013
21.11.2013;217,76;18,63;2360,31;119,82;319,18;199,38;;Trafik;Haftaici;11;2013
20.11.2013;268,49;23,7;3045,52;137,23;429,12;291,9;;Trafik;Haftaici;11;2013
19.11.2013;221;21,72;2397,11;110,24;308,48;198,26;;Trafik;Haftaici;11;2013
18.11.2013;162,85;15,69;2023,13;87,38;250,7;163,35;;Trafik;Haftaici;11;2013
17.11.2013;158,09;15,85;1639,18;80,5;194,28;113,79;57,68;Trafik;Haftasonu ;11;2013
16.11.2013;123,39;14,51;1602,38;82,88;211,12;128,25;51,77;Trafik;Haftasonu ;11;2013
15.11.2013;75,7;8,25;794,3;55,27;74,01;18,74;33,09;Trafik;Haftaici;11;2013
14.11.2013;211,53;15,83;2551,89;111,78;340,04;228,28;87,59;Trafik;Haftaici;11;2013
13.11.2013;268,7;19,14;2178,36;;;;;Trafik;Haftaici;11;2013
12.11.2013;253,94;18,08;2469,48;163,64;410,14;246,51;;Trafik;Haftaici;11;2013
11.11.2013;231,77;14,01;2588,53;169,83;394,28;224,45;;Trafik;Haftaici;11;2013
10.11.2013;155,84;12,91;2109,62;100,16;259,92;159,77;;Trafik;Haftasonu ;11;2013
9.11.2013;83,14;9,05;1466,73;68,96;148,55;79,6;;Trafik;Haftasonu ;11;2013
8.11.2013;48,09;13,64;1052,71;42,77;73,69;30,92;;Trafik;Haftaici;11;2013
7.11.2013;139,32;20,41;822,1;75,52;114,48;38,94;;Trafik;Haftaici;11;2013
6.11.2013;109,84;15,03;1583,02;122,11;242,77;120,69;;Trafik;Haftaici;11;2013
5.11.2013;181,19;18,72;1933,06;126,71;318,51;191,83;;Trafik;Haftaici;11;2013
4.11.2013;225,57;16,31;2204,15;114,92;353,68;238,78;;Trafik;Haftaici;11;2013
3.11.2013;200,43;20,02;2351,79;158,23;356,68;198,47;;Trafik;Haftasonu ;11;2013
2.11.2013;172,99;14,46;1843,45;112,83;312,2;199,38;;Trafik;Haftasonu ;11;2013
1.11.2013;135,31;16,48;2021,82;141,33;320,01;178,73;;Trafik;Haftaici;11;2013
31.10.2013;153,01;16,04;2057,44;142,95;359,08;216,13;;Trafik;Haftaici;10;2013
30.10.2013;222,11;16,81;2381,98;137,25;405,57;268,33;;Trafik;Haftaici;10;2013
28.10.2013;214,81;17,2;2025,44;101,39;323,93;222,55;;Trafik;Haftaici;10;2013
27.10.2013;169,26;14,09;2192,45;90,18;317,06;226,89;1,7;Trafik;Haftasonu ;10;2013
26.10.2013;157,19;9,84;1817,66;102,55;272,28;169,73;1,88;Trafik;Haftasonu ;10;2013
25.10.2013;152,98;9,47;1827,42;82,18;272,64;190,48;1,93;Trafik;Haftaici;10;2013
24.10.2013;81,26;13,56;1340,1;67,05;165,98;98,96;4,6;Trafik;Haftaici;10;2013
23.10.2013;91,13;9,82;940,98;77,83;123,65;45,82;20,78;Trafik;Haftaici;10;2013
22.10.2013;204,82;14,29;2579,62;120,86;424,56;303,73;42,03;Trafik;Haftaici;10;2013
21.10.2013;167,5;12,14;2255,31;70,55;362,47;291,94;34,9;Trafik;Haftaici;10;2013
20.10.2013;97,41;12,77;1865,39;57,04;206,87;149,85;22,67;Trafik;Haftasonu ;10;2013
19.10.2013;53,3;13,76;1577,56;96,06;194,63;98,63;11,1;Trafik;Haftasonu ;10;2013
18.10.2013;25,64;8,22;766,19;49,12;68,07;18,95;5,4;Trafik;Haftaici;10;2013
17.10.2013;91,22;9,17;1003,84;60,75;91,94;31,19;12,97;Trafik;Haftaici;10;2013
16.10.2013;54,42;8,44;618,12;61,1;74,85;13,77;11,49;Trafik;Haftaici;10;2013
15.10.2013;80,64;9,54;1646,88;98,87;227,97;129,11;17,62;Trafik;Haftaici;10;2013
14.10.2013;60,26;8,22;1424,73;84,86;180,45;95,62;12,99;Trafik;Haftaici;10;2013
13.10.2013;44,95;5,34;688,54;50,48;56,48;6,05;10,61;Trafik;Haftasonu ;10;2013
12.10.2013;109,55;5,66;950,13;97,19;148,66;51,5;20,82;Trafik;Haftasonu ;10;2013
11.10.2013;182,22;8,56;2285,1;169,74;413,5;243,82;35,39;Trafik;Haftaici;10;2013
10.10.2013;201,63;8,29;2011,29;113,35;272,15;158,8;37,8;Trafik;Haftaici;10;2013
9.10.2013;173,9;7,08;2072,76;90,7;273,37;182,68;33,94;Trafik;Haftaici;10;2013
8.10.2013;197,74;11,82;2344,9;80,49;285,02;204,55;54,07;Trafik;Haftaici;10;2013
7.10.2013;137,03;12,79;1924,06;73,01;245,34;172,35;57,44;Trafik;Haftaici;10;2013
6.10.2013;37,68;11,7;841,8;39,4;55,19;15,79;17,4;Trafik;Haftasonu ;10;2013
5.10.2013;34,16;11,25;750,93;32,68;50,55;17,87;11,54;Trafik;Haftasonu ;10;2013
4.10.2013;28,29;11,07;734,86;33,65;59,48;25,83;13,97;Trafik;Haftaici;10;2013
3.10.2013;32,94;11,15;672,94;35,46;57,29;21,83;12,81;Trafik;Haftaici;10;2013
2.10.2013;30,48;9,94;791,71;36,11;63,09;26,97;12,17;Trafik;Haftaici;10;2013
1.10.2013;103,61;8,89;535,99;49,37;64,88;15,53;42,42;Trafik;Haftaici;10;2013
30.09.2013;137,78;11,42;1287,4;35,58;125,71;90,14;58,74;Trafik;Haftaici;9;2013
29.09.2013;97,56;7,62;1306,94;43,09;169,19;126,12;40;Trafik;Haftasonu ;9;2013
28.09.2013;65,42;10,89;1152,19;62,5;148,66;86,24;32,28;Trafik;Haftasonu ;9;2013
27.09.2013;76,23;11,33;728,53;55,38;73,19;17,86;35,64;Trafik;Haftaici;9;2013
26.09.2013;52,82;10,52;781,91;63,67;115,02;51,38;25,86;Trafik;Haftaici;9;2013
25.09.2013;75,56;10,77;949,01;44,79;103,87;59,09;36,21;Trafik;Haftaici;9;2013
24.09.2013;72,22;15,37;699,12;49,38;65,37;15,99;33,23;Trafik;Haftaici;9;2013
23.09.2013;43,95;10,5;1019,29;55,84;127,82;72,02;20,82;Trafik;Haftaici;9;2013
22.09.2013;29,3;8,54;527,84;37,79;44,78;6,99;3,61;Trafik;Haftasonu ;9;2013
21.09.2013;40,53;9,19;524,2;33,79;45,57;11,77;21,63;Trafik;Haftasonu ;9;2013
20.09.2013;59,06;8,53;544,68;46,8;60,03;13,23;31,1;Trafik;Haftaici;9;2013
19.09.2013;;6,21;891,06;49,36;135,51;86,22;;Trafik;Haftaici;9;2013
18.09.2013;61,58;7,03;1087,93;59,38;157,18;97,83;37,03;Trafik;Haftaici;9;2013
17.09.2013;60,76;7,04;1110,28;72,84;151,94;79,12;31,36;Trafik;Haftaici;9;2013
16.09.2013;103,04;6,14;1155,27;87,59;172,28;84,72;51,38;Trafik;Haftaici;9;2013
15.09.2013;43,07;6,51;665,72;60,37;70,9;10,53;22,06;Trafik;Haftasonu ;9;2013
14.09.2013;90,9;5,57;566,19;53,43;62,17;8,74;42,51;Trafik;Haftasonu ;9;2013
13.09.2013;148,92;6,11;1411,39;63,9;223,67;159,79;73,74;Trafik;Haftaici;9;2013
12.09.2013;117,87;8,17;1716,68;67,25;360,53;293,32;62,41;Trafik;Haftaici;9;2013
11.09.2013;99,3;4,39;1287,91;;;;55,99;Trafik;Haftaici;9;2013
10.09.2013;90,64;9,77;1208,57;;;;46,39;Trafik;Haftaici;9;2013
9.09.2013;36,2;;;;;;18,51;Trafik;Haftaici;9;2013
8.09.2013;43,25;4,38;520,91;;;;25,97;Trafik;Haftasonu ;9;2013
7.09.2013;68,48;4,82;1086,9;;;;45,92;Trafik;Haftasonu ;9;2013
6.09.2013;46,79;5,88;843,12;;;;27,17;Trafik;Haftaici;9;2013
5.09.2013;28,53;6,52;695,37;;;;11,92;Trafik;Haftaici;9;2013
4.09.2013;32,09;6,01;612,54;;;;19,61;Trafik;Haftaici;9;2013
3.09.2013;54,71;5,12;521,13;61,34;73,61;12,27;31,48;Trafik;Haftaici;9;2013
2.09.2013;52,78;4,68;856,9;67,86;107,88;40,01;29,77;Trafik;Haftaici;9;2013
1.09.2013;21,14;4,34;593,34;31,96;35,99;4,03;;Trafik;Haftasonu ;9;2013
31.08.2013;38,51;6,3;784,42;42,42;51,62;9,19;22,69;Trafik;Haftasonu ;8;2013
30.08.2013;79,6;6,47;849,96;57,22;67,24;10,03;41,88;Trafik;Haftaici;8;2013
29.08.2013;92,43;7,08;728,14;74,92;97,67;22,75;49,87;Trafik;Haftaici;8;2013
28.08.2013;113,35;6,71;1841,37;76,31;275,16;198,9;58,61;Trafik;Haftaici;8;2013
27.08.2013;113,14;6,11;1291,54;76,59;197,11;120,49;;Trafik;Haftaici;8;2013
26.08.2013;71,03;6,69;843,11;68,65;95,02;26,39;;Trafik;Haftaici;8;2013
25.08.2013;46,37;4,43;737,18;58,67;73,95;15,29;;Trafik;Haftasonu ;8;2013
24.08.2013;48,28;5,8;760,63;63,8;75,57;11,79;29,88;Trafik;Haftasonu ;8;2013
23.08.2013;68,18;4,55;716,92;64,13;72,2;8,07;38,98;Trafik;Haftaici;8;2013
22.08.2013;49,49;5,51;646,68;54,69;102,86;48,18;19,09;Trafik;Haftaici;8;2013
21.08.2013;37,22;3,97;558,93;49,31;63,57;14,27;;Trafik;Haftaici;8;2013
20.08.2013;33,79;6,22;672,35;36,38;43,19;6,81;6;Trafik;Haftaici;8;2013
19.08.2013;68,86;5,34;805,5;38,3;42,9;4,6;32,44;Trafik;Haftaici;8;2013
18.08.2013;47,27;4,78;780,79;27;30,19;3,2;25,58;Trafik;Haftasonu ;8;2013
17.08.2013;51,71;5,85;755,95;37,12;41,21;4,09;21,61;Trafik;Haftasonu ;8;2013
16.08.2013;64,14;;987,24;32,81;36,53;3,72;39,5;Trafik;Haftaici;8;2013
12.08.2013;55,93;36,35;795,63;54,12;59,89;5,76;3,26;Trafik;Haftaici;8;2013
11.08.2013;48,12;;686,24;56,14;65,06;8,93;;Trafik;Haftasonu ;8;2013
10.08.2013;29,75;35,24;824,2;47,34;72,38;25,05;2,73;Trafik;Haftasonu ;8;2013
9.08.2013;30,67;11,06;538,44;14,88;17,36;2,48;;Trafik;Haftaici;8;2013
8.08.2013;21,5;35,4;650,2;22,27;25,83;3,56;1,73;Trafik;Haftaici;8;2013
7.08.2013;34,37;;618,32;25,72;30,02;4,3;3,2;Trafik;Haftaici;8;2013
6.08.2013;23,54;37,12;448,85;28,78;32,85;4,07;2,38;Trafik;Haftaici;8;2013
5.08.2013;19,7;;563,06;32,9;38,11;5,22;3,21;Trafik;Haftaici;8;2013
4.08.2013;24,63;20,65;628,24;34,91;41,34;6,44;3,61;Trafik;Haftasonu ;8;2013
3.08.2013;35,69;25,47;729,49;31,29;35,95;4,67;5,17;Trafik;Haftasonu ;8;2013
2.08.2013;29,83;12,44;716,43;47,34;54,24;6,89;1,27;Trafik;Haftaici;8;2013
1.08.2013;48,94;24,78;824,75;41,04;46,31;5,28;11,66;Trafik;Haftaici;8;2013
31.07.2013;44,41;11,96;609,06;37,6;41,87;4,27;15,3;Trafik;Haftaici;7;2013
30.07.2013;35,63;26,31;807,54;42,05;47,13;5,11;12,73;Trafik;Haftaici;7;2013
29.07.2013;31,92;8,01;505,4;40,53;46;5,47;9,69;Trafik;Haftaici;7;2013
28.07.2013;29,46;18,76;683,4;28,21;33,06;4,85;11,67;Trafik;Haftasonu ;7;2013
27.07.2013;33,76;10,2;529,51;41,2;48,24;7,04;18,26;Trafik;Haftasonu ;7;2013
26.07.2013;37,13;18,06;732,94;37,85;43,13;5,29;17,47;Trafik;Haftaici;7;2013
25.07.2013;33,34;;529,79;35,21;40,47;5,26;;Trafik;Haftaici;7;2013
24.07.2013;30,54;17,93;650,38;41,25;49,17;7,91;15,9;Trafik;Haftaici;7;2013
23.07.2013;25,27;;470,39;38,03;46,09;8,07;;Trafik;Haftaici;7;2013
22.07.2013;39,14;18,55;868;40,22;49,29;9,07;20,36;Trafik;Haftaici;7;2013
21.07.2013;35,83;;509,61;30,21;35,23;5,02;;Trafik;Haftasonu ;7;2013
20.07.2013;36,3;17,14;829,31;37,14;41,87;4,73;;Trafik;Haftasonu ;7;2013
19.07.2013;30,22;;549,87;37,19;43,41;6,23;;Trafik;Haftaici;7;2013
18.07.2013;41,94;15,36;857,41;36,51;41,85;5,35;20,39;Trafik;Haftaici;7;2013
17.07.2013;25;;524,32;26,42;31,67;5,25;;Trafik;Haftaici;7;2013
16.07.2013;34,43;16,42;948,08;27,29;31,65;4,36;16,32;Trafik;Haftaici;7;2013
15.07.2013;57,46;10,67;870,09;32,51;37,5;4,99;29,34;Trafik;Haftaici;7;2013
14.07.2013;50,05;12,21;736,21;28,52;31,85;3,34;31;Trafik;Haftasonu ;7;2013
13.07.2013;49,04;6,62;745,22;32,8;36,69;3,89;;Trafik;Haftasonu ;7;2013
12.07.2013;62,9;11,88;804,77;50,64;55,88;5,24;35,42;Trafik;Haftaici;7;2013
11.07.2013;62,34;5,76;761,74;52,56;60,07;7,51;32,75;Trafik;Haftaici;7;2013
10.07.2013;41,17;;577,81;37,33;43,02;5,69;;Trafik;Haftaici;7;2013
9.07.2013;35,32;11,36;530,44;23,88;27,19;3,31;16,8;Trafik;Haftaici;7;2013
8.07.2013;47,6;13,8;818,46;46,01;50,92;4,91;26,75;Trafik;Haftaici;7;2013
7.07.2013;28,72;11,45;624,5;36,02;40,02;4,02;;Trafik;Haftasonu ;7;2013
6.07.2013;46,87;14,61;739,03;48,7;53,87;5,18;34,73;Trafik;Haftasonu ;7;2013
5.07.2013;50,62;10,82;741,29;74,99;87,01;12,02;35,65;Trafik;Haftaici;7;2013
4.07.2013;54,79;15,91;895,48;89,21;110,61;21,4;35,99;Trafik;Haftaici;7;2013
3.07.2013;37,69;11,33;775,11;65,23;74,09;8,86;;Trafik;Haftaici;7;2013
2.07.2013;32,51;13,86;927,38;45,05;52,81;7,76;16,08;Trafik;Haftaici;7;2013
1.07.2013;60,67;6,56;1387,94;46,3;55,29;8,99;38,22;Trafik;Haftaici;7;2013
30.06.2013;80,97;8,54;1584,98;84,96;99,93;14,98;50,86;Trafik;Haftasonu ;6;2013
29.06.2013;50,57;10,49;1501,19;59,49;66,8;7,32;33,5;Trafik;Haftasonu ;6;2013
28.06.2013;61,01;11,91;1126,1;64,05;69,47;5,47;;Trafik;Haftaici;6;2013
27.06.2013;47,18;10,94;1029,22;64,73;77,06;12,37;;Trafik;Haftaici;6;2013
26.06.2013;59,24;12,18;1075,05;58,66;65,25;6,6;;Trafik;Haftaici;6;2013
25.06.2013;64,99;12,83;1216,77;52,03;59,21;7,17;;Trafik;Haftaici;6;2013
24.06.2013;54,91;11,71;1341,04;63,52;74,24;10,71;;Trafik;Haftaici;6;2013
23.06.2013;30,82;9,76;1449,43;54,82;70,3;15,5;;Trafik;Haftasonu ;6;2013
22.06.2013;32,1;10,78;1251,08;52,66;59,98;7,33;;Trafik;Haftasonu ;6;2013
21.06.2013;30,91;11,73;989,54;50,17;58,27;8,11;10,34;Trafik;Haftaici;6;2013
20.06.2013;38,31;11,39;1198,62;39,71;46,03;6,33;13,59;Trafik;Haftaici;6;2013
19.06.2013;43,55;11,79;1246,85;38,89;46,18;7,29;9,94;Trafik;Haftaici;6;2013
18.06.2013;;6,32;;46,03;54,31;8,29;26,6;Trafik;Haftaici;6;2013
17.06.2013;38,93;7,58;1083,85;103,27;129,24;25,98;15,56;Trafik;Haftaici;6;2013
16.06.2013;36,95;6,65;705,6;83,73;100,11;16,38;13,51;Trafik;Haftasonu ;6;2013
15.06.2013;51,15;9,72;899,39;101,48;127,9;26,51;16,49;Trafik;Haftasonu ;6;2013
14.06.2013;45,11;;1029,68;70,49;82,45;11,96;15,28;Trafik;Haftaici;6;2013
13.06.2013;58,49;9,45;1037,09;84,96;98,88;13,91;22,7;Trafik;Haftaici;6;2013
12.06.2013;61,99;;1257,19;61,9;73,16;11,25;17,45;Trafik;Haftaici;6;2013
11.06.2013;72,62;6,35;1114,15;120,68;183,98;63,33;24,69;Trafik;Haftaici;6;2013
10.06.2013;38,14;;1389,14;73,08;87,37;14,29;10,45;Trafik;Haftaici;6;2013
9.06.2013;46,31;8,01;1135,29;70,58;86,26;15,68;16,08;Trafik;Haftasonu ;6;2013
8.06.2013;56,09;8,78;1155,41;75,92;92,75;16,82;16,04;Trafik;Haftasonu ;6;2013
7.06.2013;44,14;6,69;1689,46;71,82;85,59;13,77;13,55;Trafik;Haftaici;6;2013
6.06.2013;42,56;11,05;926,1;93,01;118,04;25,05;13,75;Trafik;Haftaici;6;2013
5.06.2013;41,36;;981,63;90,34;131,36;41,04;15,37;Trafik;Haftaici;6;2013
4.06.2013;44,8;;1023,21;87,2;109,99;22,8;13,61;Trafik;Haftaici;6;2013
3.06.2013;38,95;;1356,59;69,37;86,71;17,34;13,23;Trafik;Haftaici;6;2013
2.06.2013;137,83;3,33;1302,09;58,77;82,49;23,72;24,97;Trafik;Haftasonu ;6;2013
1.06.2013;60,1;;819,03;109,02;164,92;55,93;39,33;Trafik;Haftasonu ;6;2013
31.05.2013;126,15;;1014,69;106,16;149,08;42,93;74,14;Trafik;Haftaici;5;2013
30.05.2013;168,23;6,46;1097,65;128,11;258,3;130,23;105,36;Trafik;Haftaici;5;2013
29.05.2013;60;4,32;1126,3;85,87;112,45;26,56;34,53;Trafik;Haftaici;5;2013
28.05.2013;47,71;;670,66;120,82;180,37;59,57;;Trafik;Haftaici;5;2013
27.05.2013;45,36;5,76;905,79;78,52;103,97;25,46;27,03;Trafik;Haftaici;5;2013
26.05.2013;47,62;7,86;792,61;114,58;177,67;63,12;32,86;Trafik;Haftasonu ;5;2013
25.05.2013;63,78;7,35;890,13;125,26;214,1;88,87;42,05;Trafik;Haftasonu ;5;2013
24.05.2013;117,7;9,44;360,61;107,35;133,76;26,45;81,02;Trafik;Haftaici;5;2013
23.05.2013;88,39;;1074,09;;;;59,98;Trafik;Haftaici;5;2013
22.05.2013;74,65;;;;;;;Trafik;Haftaici;5;2013
21.05.2013;49,68;;546,24;69,43;78,43;9;;Trafik;Haftaici;5;2013
20.05.2013;35,56;7,28;428,96;59,1;68,94;9,84;;Trafik;Haftaici;5;2013
19.05.2013;52,28;;477,5;45,98;52,03;6,05;;Trafik;Haftasonu ;5;2013
18.05.2013;97,05;6,27;509,86;81,29;99,42;18,15;71,65;Trafik;Haftasonu ;5;2013
17.05.2013;71,25;;855,3;118,7;164,44;45,74;45,29;Trafik;Haftaici;5;2013
16.05.2013;50,9;;752,34;112,29;168,59;56,31;28,67;Trafik;Haftaici;5;2013
15.05.2013;36,06;2,39;886,62;96,61;144,09;47,5;;Trafik;Haftaici;5;2013
14.05.2013;39,33;10,54;597,27;98,63;119,34;20,71;;Trafik;Haftaici;5;2013
13.05.2013;35,43;;617,68;115,29;136,45;21,17;;Trafik;Haftaici;5;2013
12.05.2013;40,05;5,71;649,67;100,56;129,08;28,54;27,09;Trafik;Haftasonu ;5;2013
11.05.2013;38,62;5,55;683,28;97,4;125,08;27,7;;Trafik;Haftasonu ;5;2013
10.05.2013;73,56;5,79;805,83;108,67;146,23;37,62;37,86;Trafik;Haftaici;5;2013
9.05.2013;52,13;0,82;758,71;87,79;134,52;46,74;29,22;Trafik;Haftaici;5;2013
8.05.2013;41,18;6,55;462,51;59,55;67,49;7,94;26,03;Trafik;Haftaici;5;2013
7.05.2013;52,55;;502,27;57,69;63,19;5,5;;Trafik;Haftaici;5;2013
6.05.2013;56,49;;667,45;85,17;117,9;32,74;;Trafik;Haftaici;5;2013
5.05.2013;64,17;2,32;614,56;69,53;81,33;11,8;41,04;Trafik;Haftasonu ;5;2013
4.05.2013;62,24;;609,84;87,56;107,26;19,71;36,34;Trafik;Haftasonu ;5;2013
3.05.2013;46,81;2,21;734,54;83,86;114,69;30,86;;Trafik;Haftaici;5;2013
2.05.2013;46,07;;405,47;57,29;66,48;9,19;15,46;Trafik;Haftaici;5;2013
1.05.2013;49,99;1,1;749,23;82,64;106,16;23,55;20,38;Trafik;Haftaici;5;2013
30.04.2013;51,96;6,69;531,75;64,79;73,42;8,63;18,09;Trafik;Haftaici;4;2013
29.04.2013;89,09;3,09;982,38;104,41;182,32;77,93;29,8;Trafik;Haftaici;4;2013
28.04.2013;74,99;5,88;997,84;102,84;172,2;69,37;29,26;Trafik;Haftasonu ;4;2013
27.04.2013;75,46;5,39;869,81;82,52;123,15;40,73;29,17;Trafik;Haftasonu ;4;2013
26.04.2013;94,37;;948,46;105,97;169,76;63,83;40,58;Trafik;Haftaici;4;2013
25.04.2013;78,61;1,95;1090,39;74,17;159,5;85,36;27,81;Trafik;Haftaici;4;2013
24.04.2013;51,4;6,15;587,68;74,16;121,35;47,19;22,58;Trafik;Haftaici;4;2013
23.04.2013;69,65;7,14;1230,92;80,99;196,33;115,37;35,02;Trafik;Haftaici;4;2013
22.04.2013;54,64;3,75;622,08;77,08;102,97;25,88;23,67;Trafik;Haftaici;4;2013
21.04.2013;50,54;12,63;676,06;68,09;91,53;23,45;22,29;Trafik;Haftasonu ;4;2013
20.04.2013;31,72;;546,13;60,16;81;20,84;14,99;Trafik;Haftasonu ;4;2013
19.04.2013;41,05;5,88;927,45;65,03;101,58;36,57;18,18;Trafik;Haftaici;4;2013
18.04.2013;57,06;;771,39;60,29;82,52;22,23;28,17;Trafik;Haftaici;4;2013
17.04.2013;39,58;5,34;685,48;53,93;72,43;18,5;19,54;Trafik;Haftaici;4;2013
16.04.2013;41,48;;901,64;94,17;140,39;46,22;24,96;Trafik;Haftaici;4;2013
15.04.2013;33,79;6,48;723,22;65,82;82,56;16,74;20,02;Trafik;Haftaici;4;2013
14.04.2013;61,21;6,84;526,06;65,11;84,11;19;27,14;Trafik;Haftasonu ;4;2013
13.04.2013;75,77;4,58;1136,63;86,2;185,65;99,47;29,23;Trafik;Haftasonu ;4;2013
12.04.2013;62,12;9,61;916,32;90,27;179,12;88,87;27,46;Trafik;Haftaici;4;2013
11.04.2013;37,38;5,71;662,71;66,6;91,93;25,34;18,77;Trafik;Haftaici;4;2013
10.04.2013;46,8;8,59;888,08;81,83;140,43;58,61;21,57;Trafik;Haftaici;4;2013
9.04.2013;33,12;4,17;645,63;57,36;82,74;25,38;16,3;Trafik;Haftaici;4;2013
8.04.2013;210,13;5,26;523,43;73,39;97,71;24,31;84,97;Trafik;Haftaici;4;2013
7.04.2013;124,84;3,26;459,52;60,36;92,05;31,69;49,63;Trafik;Haftasonu ;4;2013
6.04.2013;162,78;5,11;951,45;80,67;203,59;122,94;62,09;Trafik;Haftasonu ;4;2013
5.04.2013;83,15;4,42;1157,31;88,35;203,29;114,96;38;Trafik;Haftaici;4;2013
4.04.2013;71,59;5,66;1172,87;109,87;191,41;81,55;39,69;Trafik;Haftaici;4;2013
3.04.2013;258,1;2,17;680,13;79,41;118,49;39,1;106,86;Trafik;Haftaici;4;2013
2.04.2013;98,86;6,22;1039,42;80,56;154,15;73,61;42,14;Trafik;Haftaici;4;2013
1.04.2013;99,69;1,76;439,69;55,89;72,77;16,89;37,92;Trafik;Haftaici;4;2013
31.03.2013;49,07;;579,59;64,42;103,01;38,61;20,2;Trafik;Haftasonu ;3;2013
30.03.2013;65,53;6,57;1215,2;76,43;162,06;85,65;27,19;Trafik;Haftasonu ;3;2013
29.03.2013;74,89;4,54;1127,97;91,75;207,72;115,98;37,92;Trafik;Haftaici;3;2013
28.03.2013;66,78;12,26;1105,8;97,7;192,01;94,31;28,89;Trafik;Haftaici;3;2013
27.03.2013;55,24;8,75;1265,28;95,4;172,72;77,34;29,68;Trafik;Haftaici;3;2013
26.03.2013;82,14;9,47;374,49;56,75;96,8;40,05;33,67;Trafik;Haftaici;3;2013
25.03.2013;101,04;;1445,65;47,8;165,28;117,48;44,75;Trafik;Haftaici;3;2013
24.03.2013;84,38;13,1;1438,02;50,23;151,49;101,27;49,32;Trafik;Haftasonu ;3;2013
23.03.2013;37,02;10,11;552,32;51,8;75,16;23,35;23,32;Trafik;Haftasonu ;3;2013
22.03.2013;56,45;5,81;610,89;58,08;92,06;33,96;19,44;Trafik;Haftaici;3;2013
21.03.2013;141,64;13,9;962,77;52,76;173,6;120,85;66,04;Trafik;Haftaici;3;2013
20.03.2013;47,06;10,6;1075,51;39,47;163,15;123,7;;Trafik;Haftaici;3;2013
19.03.2013;22,71;13,83;969,64;51,87;161,55;109,69;;Trafik;Haftaici;3;2013
18.03.2013;25,95;11,59;1170,02;57,98;130,08;72,11;;Trafik;Haftaici;3;2013
17.03.2013;10,65;10,77;320,62;31,34;43;11,66;;Trafik;Haftasonu ;3;2013
16.03.2013;13,71;8,4;582,19;51,03;74,28;23,25;;Trafik;Haftasonu ;3;2013
15.03.2013;192,51;9,94;289,81;35,47;51,17;15,71;156,73;Trafik;Haftaici;3;2013
14.03.2013;32,65;8,37;449,34;43,59;88,63;45,03;;Trafik;Haftaici;3;2013
13.03.2013;77,9;11,58;1425,43;29,52;195,61;166,1;61,84;Trafik;Haftaici;3;2013
12.03.2013;40,1;7,84;928,71;50,88;120,85;69,97;;Trafik;Haftaici;3;2013
11.03.2013;38,88;11,21;452,63;42,4;104,84;62,44;26,7;Trafik;Haftaici;3;2013
10.03.2013;53,71;10,46;1776,67;38,43;252,48;214,13;26,43;Trafik;Haftasonu ;3;2013
9.03.2013;43,29;13;885,5;57,69;131,37;73,72;23,99;Trafik;Haftasonu ;3;2013
8.03.2013;85,3;6,97;339,17;46,66;85,01;38,34;25,86;Trafik;Haftaici;3;2013
7.03.2013;82,14;16,79;1178,25;53,61;159,05;105,47;46,22;Trafik;Haftaici;3;2013
6.03.2013;84,04;16,48;1128,35;55,9;165,63;109,74;41,47;Trafik;Haftaici;3;2013
5.03.2013;35,76;;401,98;38,59;56,53;17,94;25,49;Trafik;Haftaici;3;2013
4.03.2013;43,6;7,53;464,27;38,26;54,94;16,68;24,8;Trafik;Haftaici;3;2013
3.03.2013;28,75;;336,9;41,14;52,35;11,2;26,09;Trafik;Haftasonu ;3;2013
2.03.2013;91,64;10,42;1412,12;32,08;192,06;160;48,68;Trafik;Haftasonu ;3;2013
1.03.2013;58,26;;1231,94;47,65;180,28;132,65;36,75;Trafik;Haftaici;3;2013
28.02.2013;40,16;8,02;713,73;47,33;86,25;38,93;21,08;Trafik;Haftaici;2;2013
27.02.2013;29,48;7,79;836,26;50,5;126,77;76,28;;Trafik;Haftaici;2;2013
26.02.2013;73,01;8,53;1324,22;36,65;192,2;155,56;72,96;Trafik;Haftaici;2;2013
25.02.2013;61,09;13,12;1933,24;36,27;221,46;185,2;;Trafik;Haftaici;2;2013
24.02.2013;81,57;8,6;1633,54;25,78;205,93;180,16;;Trafik;Haftasonu ;2;2013
23.02.2013;61,04;13,36;969,29;54,25;165,08;110,84;;Trafik;Haftasonu ;2;2013
22.02.2013;96,36;9,65;1765,25;55,85;156,53;100,68;65,13;Trafik;Haftaici;2;2013
21.02.2013;;12,61;1036,95;66,5;117,89;51,39;68,92;Trafik;Haftaici;2;2013
20.02.2013;26,1;7,97;656,56;68,82;117,58;48,79;;Trafik;Haftaici;2;2013
19.02.2013;59,06;13,25;1026,05;;;;29,27;Trafik;Haftaici;2;2013
18.02.2013;66,29;15,35;1051,77;50,29;77,25;26,97;32,4;Trafik;Haftaici;2;2013
17.02.2013;78,51;18,32;1587,2;42,97;105,86;62,9;41,27;Trafik;Haftasonu ;2;2013
16.02.2013;35,61;21,47;1093,99;40,57;72,49;31,93;18,02;Trafik;Haftasonu ;2;2013
15.02.2013;;14,42;1072,41;61,99;99,26;37,27;18,26;Trafik;Haftaici;2;2013
14.02.2013;53,78;9,84;975,11;45,78;68,29;22,51;18,97;Trafik;Haftaici;2;2013
13.02.2013;84,53;14,45;1336,23;41,83;91,16;49,34;40,81;Trafik;Haftaici;2;2013
12.02.2013;88,38;17,53;1811,87;40,12;140,58;100,48;41,86;Trafik;Haftaici;2;2013
11.02.2013;67,95;12,96;1709,89;55,52;160,91;105,39;38,43;Trafik;Haftaici;2;2013
10.02.2013;57,36;15,2;1449,75;41,81;107,13;65,34;25,66;Trafik;Haftasonu ;2;2013
9.02.2013;74,25;10,77;1565,71;45,52;143;97,5;31,16;Trafik;Haftasonu ;2;2013
8.02.2013;52,35;3,34;822,9;19,94;29,69;9,75;20,05;Trafik;Haftaici;2;2013
7.02.2013;101,92;;621,81;24,57;38,25;13,67;13,86;Trafik;Haftaici;2;2013
6.02.2013;;6,43;1626,8;48,13;144,33;96,23;42,22;Trafik;Haftaici;2;2013
5.02.2013;161,88;10,47;2161,88;40,2;223,58;183,38;72,23;Trafik;Haftaici;2;2013
4.02.2013;99,71;4,9;2028,53;44,91;202,9;158,02;38,43;Trafik;Haftaici;2;2013
3.02.2013;44,88;4,33;1136,61;38,09;89,03;50,94;17,66;Trafik;Haftasonu ;2;2013
2.02.2013;51,73;2,84;1373,93;41;111,6;70,61;22,73;Trafik;Haftasonu ;2;2013
1.02.2013;66,96;7,27;1581,71;46,14;142,79;96,67;29,49;Trafik;Haftaici;2;2013
31.01.2013;76,47;6,13;1608,9;45,02;135,25;90,25;38,12;Trafik;Haftaici;1;2013
30.01.2013;66,33;7,63;986,11;32,67;43,97;11,31;36;Trafik;Haftaici;1;2013
29.01.2013;65,9;4,35;1459,48;38,64;118,01;79,39;30,91;Trafik;Haftaici;1;2013
28.01.2013;114,61;6,1;1542,4;62,78;121,12;58,34;62,15;Trafik;Haftaici;1;2013
27.01.2013;66,03;3,33;2231,09;39,15;202,57;163,43;46,14;Trafik;Haftasonu ;1;2013
26.01.2013;86,66;3,06;1031,38;55,07;95,64;40,56;28,69;Trafik;Haftasonu ;1;2013
25.01.2013;83,01;2,58;1955,46;49,6;178,19;128,6;47,01;Trafik;Haftaici;1;2013
24.01.2013;56,32;4,89;1372,97;49,8;100,51;50,72;27,54;Trafik;Haftaici;1;2013
23.01.2013;44,15;;1376,28;56,17;125,58;69,42;24;Trafik;Haftaici;1;2013
22.01.2013;45,82;5,16;842,06;55,68;107,77;52,09;23,2;Trafik;Haftaici;1;2013
21.01.2013;55,31;11,68;2076,26;36,11;147,93;111,85;24,42;Trafik;Haftaici;1;2013
20.01.2013;51,55;7,99;1398,38;54,62;120;65,4;22,4;Trafik;Haftasonu ;1;2013
19.01.2013;51,73;10,88;1571,1;55,81;133,79;77,97;31,89;Trafik;Haftasonu ;1;2013
18.01.2013;53,92;7,06;874,95;41,62;69,56;27,94;23,17;Trafik;Haftaici;1;2013
17.01.2013;64,38;9,31;1510,5;57,2;147,73;90,54;30,74;Trafik;Haftaici;1;2013
16.01.2013;108,02;9,19;1589,44;58,04;104,69;46,65;61,85;Trafik;Haftaici;1;2013
15.01.2013;102,5;12,87;1358,26;53,56;88,01;34,45;57,03;Trafik;Haftaici;1;2013
14.01.2013;133,32;10,51;2135,39;42,7;216,84;174,14;77,72;Trafik;Haftaici;1;2013
13.01.2013;53,96;15,45;1572,86;48,09;120,83;72,75;;Trafik;Haftasonu ;1;2013
12.01.2013;11,84;10,21;891,77;37,72;64,66;26,93;;Trafik;Haftasonu ;1;2013
11.01.2013;65,81;14,97;1291,91;66,29;118,72;52,43;39,36;Trafik;Haftaici;1;2013
10.01.2013;52,54;14,8;1170,75;54,61;104,13;49,52;27,74;Trafik;Haftaici;1;2013
9.01.2013;41,55;13,71;1142,28;40,43;76,81;36,38;24,26;Trafik;Haftaici;1;2013
4.01.2013;103,15;17,6;1403,05;42,63;139,21;96,58;49,25;Trafik;Haftaici;1;2013
3.01.2013;113,75;8,09;1351,32;50,08;131,64;81,56;58,06;Trafik;Haftaici;1;2013
2.01.2013;136,4;11,16;1521,25;48,24;111,5;63,26;89,32;Trafik;Haftaici;1;2013
1.01.2013;113,83;8,76;1490,77;40,07;81,4;41,33;77,41;Trafik;Haftaici;1;2013
31.12.2012;190,58;7,44;2594,64;25,86;244,8;218,95;97,23;Trafik;Haftaici;12;2012
30.12.2012;54,81;5,94;1127,22;37,71;65,94;28,24;30,67;Trafik;Haftasonu ;12;2012
29.12.2012;153,59;13,48;2403,65;32,66;201,92;169,3;79,6;Trafik;Haftasonu ;12;2012
28.12.2012;270,12;21,57;3971,44;23,81;376,65;352,84;148,03;Trafik;Haftaici;12;2012
27.12.2012;188,85;9,11;1950,65;34,07;211,46;177,39;95,9;Trafik;Haftaici;12;2012
26.12.2012;409,36;26,8;5340,73;47,89;386,79;338,97;237,21;Trafik;Haftaici;12;2012
25.12.2012;151,2;7,2;1531,9;46,02;172,04;126,02;77,04;Trafik;Haftaici;12;2012
24.12.2012;113,7;12,3;1798,03;36,31;121,96;85,67;61,21;Trafik;Haftaici;12;2012
23.12.2012;87,68;11,66;2153,28;37,57;121,24;83,68;65,97;Trafik;Haftasonu ;12;2012
22.12.2012;126,28;15,4;1877,75;46,69;120,94;74,24;82,42;Trafik;Haftasonu ;12;2012
21.12.2012;47,21;14,21;1387,65;31,36;137,48;106,12;32,38;Trafik;Haftaici;12;2012
20.12.2012;62,75;5,06;1571,7;47,4;103,52;56,12;51,14;Trafik;Haftaici;12;2012
19.12.2012;36,87;8,68;1079,5;56,46;82,73;26,28;12,63;Trafik;Haftaici;12;2012
18.12.2012;106,88;5,03;1575,08;48,78;101,43;52,63;75,26;Trafik;Haftaici;12;2012
17.12.2012;257,49;9,01;2881,75;44,23;177,31;133,07;177,88;Trafik;Haftaici;12;2012
16.12.2012;138,88;6,61;2029,87;54,46;190,05;135,6;71,67;Trafik;Haftasonu ;12;2012
15.12.2012;175,92;7,91;2351,16;53,33;231,74;178,42;89,42;Trafik;Haftasonu ;12;2012
14.12.2012;126,69;6,14;1635,12;67,2;114,51;47,31;66,34;Trafik;Haftaici;12;2012
13.12.2012;74,19;5,35;1432,73;58,66;133,18;74,54;37,87;Trafik;Haftaici;12;2012
12.12.2012;59,68;5,25;1597,57;58,11;143,34;85,23;36,57;Trafik;Haftaici;12;2012
11.12.2012;124,17;5,4;2067,52;36,56;193,98;157,45;52,92;Trafik;Haftaici;12;2012
10.12.2012;74,79;6,79;1854,23;48,1;132,84;84,75;42;Trafik;Haftaici;12;2012
9.12.2012;70,6;5,03;1399;53,51;91,76;38,26;38,39;Trafik;Haftasonu ;12;2012
8.12.2012;130,08;5,01;2526,02;43,76;191,51;147,8;60,94;Trafik;Haftasonu ;12;2012
7.12.2012;35,69;6,66;1164,99;63;106,66;43,66;21,6;Trafik;Haftaici;12;2012
6.12.2012;91,55;7,36;1621,24;63,51;147,04;83,52;36,66;Trafik;Haftaici;12;2012
5.12.2012;122,94;10,13;1972,82;32,76;180,28;147,55;;Trafik;Haftaici;12;2012
4.12.2012;22,17;18,87;1136,01;72,78;133,89;61,1;;Trafik;Haftaici;12;2012
3.12.2012;44,97;;1140,6;123,02;203,42;80,41;;Trafik;Haftaici;12;2012
2.12.2012;192,18;20,69;2853,54;96,67;478,97;382,29;;Trafik;Haftasonu ;12;2012
1.12.2012;200,53;;2883,14;105,22;443,78;338,61;;Trafik;Haftasonu ;12;2012
30.11.2012;241,1;26,94;3540,95;120,76;559,37;438,63;88,25;Trafik;Haftaici;11;2012
29.11.2012;105,34;9,87;1691,43;115,2;257,29;142,11;42,18;Trafik;Haftaici;11;2012
28.11.2012;266,7;20,31;3031,73;126,3;564,38;438,12;141,48;Trafik;Haftaici;11;2012
27.11.2012;236,25;23,59;2969,45;125,12;539,75;414,65;131,22;Trafik;Haftaici;11;2012
26.11.2012;158,16;8,27;2078,09;115,29;305,86;190,55;89,47;Trafik;Haftaici;11;2012
25.11.2012;136,06;20,98;2188,93;106,33;335,6;229,29;71,56;Trafik;Haftasonu ;11;2012
24.11.2012;166,83;11,67;2127,52;112,01;316,29;204,31;98,94;Trafik;Haftasonu ;11;2012
23.11.2012;176,09;17,97;2693,06;97,74;426,96;329,28;92,83;Trafik;Haftaici;11;2012
22.11.2012;71,15;12,35;1148,34;87,92;111,89;23,98;43,69;Trafik;Haftaici;11;2012
21.11.2012;101,34;20,22;1154,61;92,87;130,6;37,72;65,17;Trafik;Haftaici;11;2012
20.11.2012;143,32;10,57;1348,02;115,43;177,22;61,76;;Trafik;Haftaici;11;2012
19.11.2012;148,86;12,71;1716,03;114,93;302,45;187,51;;Trafik;Haftaici;11;2012
18.11.2012;111,22;10,81;1600,48;101,07;218,06;117,01;;Trafik;Haftasonu ;11;2012
17.11.2012;97,43;13,55;1346,92;108,5;178,44;69,93;38,76;Trafik;Haftasonu ;11;2012
16.11.2012;172,45;7,76;2383,87;106,31;417,24;310,96;83,87;Trafik;Haftaici;11;2012
15.11.2012;130,08;14,27;1968,86;81,07;254,79;173,76;68,71;Trafik;Haftaici;11;2012
14.11.2012;135,26;5,31;1425,32;107,5;167,27;59,74;80,21;Trafik;Haftaici;11;2012
13.11.2012;245,88;10,34;3091,93;67,81;461,63;393,86;125,17;Trafik;Haftaici;11;2012
12.11.2012;129,68;15,47;2115,79;89,22;268,7;179,49;59,83;Trafik;Haftaici;11;2012
11.11.2012;36,32;7,95;1164,06;78,81;106,24;27,45;17,77;Trafik;Haftasonu ;11;2012
10.11.2012;28,7;15,94;957,97;63,09;72,44;9,34;17,49;Trafik;Haftasonu ;11;2012
9.11.2012;39,75;6,78;1071,93;82,03;117,06;35,04;18,91;Trafik;Haftaici;11;2012
8.11.2012;23,32;22,56;952,89;59,75;67,62;7,86;13,88;Trafik;Haftaici;11;2012
7.11.2012;61,65;9,61;1345,38;99,53;175,94;76,4;26,43;Trafik;Haftaici;11;2012
6.11.2012;139,4;15,1;2732,18;117,08;480,06;363;73,49;Trafik;Haftaici;11;2012
5.11.2012;261,85;15,23;2222,76;82,62;408,06;325,42;89,8;Trafik;Haftaici;11;2012
4.11.2012;154,9;18,81;1948,99;;;;66,83;Trafik;Haftasonu ;11;2012
3.11.2012;121,87;;2055,27;;;;56,64;Trafik;Haftasonu ;11;2012
2.11.2012;111,04;68,46;;29,36;163,95;134,61;36,86;Trafik;Haftaici;11;2012
1.11.2012;90,7;93,86;1883,51;44,93;102,63;57,72;;Trafik;Haftaici;11;2012
31.10.2012;137,08;;2136,47;;;;;Trafik;Haftaici;10;2012
30.10.2012;55,94;28,85;1273,22;48,72;141,41;92,73;;Trafik;Haftaici;10;2012
29.10.2012;104,02;19,85;1999,35;;;;;Trafik;Haftaici;10;2012
28.10.2012;106,65;27,61;2283,95;;;;;Trafik;Haftasonu ;10;2012
27.10.2012;92,43;16,25;1535,9;;;;;Trafik;Haftasonu ;10;2012
26.10.2012;86,29;32,58;2457,33;;;;;Trafik;Haftaici;10;2012
25.10.2012;47,68;;1425,23;43,79;90,68;46,93;;Trafik;Haftaici;10;2012
24.10.2012;77,97;45,98;1522,09;49,38;111,69;62,32;;Trafik;Haftaici;10;2012
23.10.2012;133,24;22,52;1466,28;;;;;Trafik;Haftaici;10;2012
22.10.2012;68,08;;1136,1;54,69;98,51;43,84;;Trafik;Haftaici;10;2012
21.10.2012;107,44;35,44;1159,67;34,51;115,76;81,26;;Trafik;Haftasonu ;10;2012
20.10.2012;59,02;;853,68;51,06;74,39;23,33;;Trafik;Haftasonu ;10;2012
19.10.2012;100,81;33,03;1208,29;;;;;Trafik;Haftaici;10;2012
18.10.2012;107,04;9,3;1638,06;42,28;101,64;59,38;;Trafik;Haftaici;10;2012
17.10.2012;124,78;;2040,09;49,53;133,87;84,4;;Trafik;Haftaici;10;2012
16.10.2012;154,77;;;;;;;Trafik;Haftaici;10;2012
15.10.2012;154,21;;1447,37;;;;;Trafik;Haftaici;10;2012
14.10.2012;113,79;10,52;1596,49;;;;;Trafik;Haftasonu ;10;2012
13.10.2012;100,25;21,27;1230,89;;;;;Trafik;Haftasonu ;10;2012
12.10.2012;114,84;;1210,7;;;;;Trafik;Haftaici;10;2012
11.10.2012;52,04;28,47;1081,75;38,86;134,58;95,72;;Trafik;Haftaici;10;2012
10.10.2012;78,86;;847,65;53,73;102,75;49,02;;Trafik;Haftaici;10;2012
9.10.2012;70,69;36,53;1006,8;44,95;104,08;59,12;;Trafik;Haftaici;10;2012
8.10.2012;93,92;20,73;764,42;71,14;122,82;51,68;;Trafik;Haftaici;10;2012
7.10.2012;101,13;35,46;1254,67;52,75;121,23;68,47;;Trafik;Haftasonu ;10;2012
6.10.2012;65,02;10,88;946,41;28,28;92,61;64,33;;Trafik;Haftasonu ;10;2012
5.10.2012;;;1510,56;44,42;126,73;82,32;;Trafik;Haftaici;10;2012
4.10.2012;75,39;17,1;1268,11;78,93;149,63;70,71;;Trafik;Haftaici;10;2012
3.10.2012;59,31;14,7;936,82;83,72;106,64;22,91;;Trafik;Haftaici;10;2012
2.10.2012;98,96;9,45;841,15;69,79;80,62;10,84;;Trafik;Haftaici;10;2012
1.10.2012;86,38;16,03;896,85;66,34;89,39;23,05;;Trafik;Haftaici;10;2012
30.09.2012;74,58;5,29;1090,37;76,76;117,13;40,37;;Trafik;Haftasonu ;9;2012
29.09.2012;61,37;;884,65;78,41;103,04;24,63;;Trafik;Haftasonu ;9;2012
28.09.2012;76,97;12,64;1043,25;63,37;168,08;104,75;;Trafik;Haftaici;9;2012
27.09.2012;133,8;;1988,57;116,42;322,79;206,41;;Trafik;Haftaici;9;2012
26.09.2012;143,66;14,8;1680,26;133,41;302,11;168,72;;Trafik;Haftaici;9;2012
25.09.2012;145,55;36,72;1588,8;124,26;300,56;176,31;;Trafik;Haftaici;9;2012
24.09.2012;108,78;13,83;1721,57;120,06;264,33;144,28;;Trafik;Haftaici;9;2012
23.09.2012;56,93;;1508,99;94,62;165,63;71,03;;Trafik;Haftasonu ;9;2012
22.09.2012;34,53;21,93;988,64;73,62;93,72;20,1;;Trafik;Haftasonu ;9;2012
21.09.2012;85,01;17,95;1240,65;96,33;160,56;64,23;;Trafik;Haftaici;9;2012
20.09.2012;106,3;6,91;1518,86;99,64;186,07;86,44;;Trafik;Haftaici;9;2012
19.09.2012;293,69;15,44;921,81;78,7;88,56;9,86;;Trafik;Haftaici;9;2012
18.09.2012;211,73;11,72;1647,57;90,59;216,54;125,99;;Trafik;Haftaici;9;2012
17.09.2012;286,74;30,53;1527,93;99,35;217,02;117,69;;Trafik;Haftaici;9;2012
16.09.2012;174,6;18,82;972,6;47,4;97,21;49,81;;Trafik;Haftasonu ;9;2012
15.09.2012;288,03;46,01;1547,76;110,87;215,59;104,76;;Trafik;Haftasonu ;9;2012
14.09.2012;293,13;;1748,18;110,73;257,45;146,75;;Trafik;Haftaici;9;2012
13.09.2012;284,31;17,79;1702,92;106,26;251,63;145,39;;Trafik;Haftaici;9;2012
12.09.2012;267,95;15,01;1431,93;99,97;187,66;87,72;;Trafik;Haftaici;9;2012
11.09.2012;87,8;13,79;925,41;48,76;72,73;23,98;;Trafik;Haftaici;9;2012
10.09.2012;71,57;8,72;815,91;18,31;23,05;4,75;;Trafik;Haftaici;9;2012
9.09.2012;75,54;16,65;768,07;30,15;35,19;5,03;;Trafik;Haftasonu ;9;2012
8.09.2012;121,14;;823,73;43,81;49,96;6,15;;Trafik;Haftasonu ;9;2012
7.09.2012;229,11;;1737,89;40,91;45,8;4,89;;Trafik;Haftaici;9;2012
6.09.2012;310,7;9,89;1729,73;106,95;243,21;136,29;14,18;Trafik;Haftaici;9;2012
5.09.2012;111,29;7,38;761,87;55,44;87,73;32,31;19,16;Trafik;Haftaici;9;2012
4.09.2012;145,88;11,53;1244,13;56,86;119,48;62,64;;Trafik;Haftaici;9;2012
3.09.2012;112,93;8,61;820,18;47,33;57,66;10,34;6,29;Trafik;Haftaici;9;2012
2.09.2012;142,68;11,55;836,71;38,67;45,52;6,86;4,89;Trafik;Haftasonu ;9;2012
1.09.2012;63,84;11,56;720,66;44,03;53,07;9,04;6,8;Trafik;Haftasonu ;9;2012
31.08.2012;218,54;13,02;797,22;49,37;56,45;7,09;4,56;Trafik;Haftaici;8;2012
30.08.2012;93,53;7,35;973,81;43,39;64,85;21,47;5,1;Trafik;Haftaici;8;2012
29.08.2012;75,79;10,45;865,91;54,48;63,25;8,77;4,51;Trafik;Haftaici;8;2012
28.08.2012;165,8;13,56;905,6;51,96;58,39;6,43;7,9;Trafik;Haftaici;8;2012
27.08.2012;251,86;8,02;866,71;87,93;107,92;19,98;12,65;Trafik;Haftaici;8;2012
26.08.2012;305,1;19,13;1638,74;95,85;228,73;132,91;12,27;Trafik;Haftasonu ;8;2012
25.08.2012;128,84;13,42;1187,1;55,88;118,86;62,99;5,81;Trafik;Haftasonu ;8;2012
24.08.2012;62,4;18,14;961,29;52,39;86,62;34,24;3,4;Trafik;Haftaici;8;2012
23.08.2012;55,51;13,47;766,29;42,69;61,19;18,51;3,55;Trafik;Haftaici;8;2012
22.08.2012;113,78;17,33;849,26;28;33,69;5,69;4,46;Trafik;Haftaici;8;2012
21.08.2012;15,51;14,01;886,59;33,96;44,4;10,45;6,1;Trafik;Haftaici;8;2012
20.08.2012;15,82;13,65;825,29;22,06;27,73;5,67;6,04;Trafik;Haftaici;8;2012
19.08.2012;12,71;12,81;808,17;30,76;36,47;5,71;5,68;Trafik;Haftasonu ;8;2012
18.08.2012;14,56;13,32;757,53;30,04;35,77;5,73;5,64;Trafik;Haftasonu ;8;2012
17.08.2012;16,66;8,18;826,94;40,57;46,35;5,78;5,36;Trafik;Haftaici;8;2012
16.08.2012;16,14;11,71;883,48;48,24;54,11;5,87;5,88;Trafik;Haftaici;8;2012
15.08.2012;14,39;5,96;909,96;59,95;73,74;13,79;5,65;Trafik;Haftaici;8;2012
14.08.2012;14,76;8,11;819,44;56,84;63,65;6,81;4,95;Trafik;Haftaici;8;2012
13.08.2012;13,61;12,97;851,27;58,75;66,86;8,11;7,24;Trafik;Haftaici;8;2012
12.08.2012;142,15;;942,14;63,29;71,79;8,51;6,71;Trafik;Haftasonu ;8;2012
11.08.2012;231,17;12,44;830;32,43;38,34;5,92;8,14;Trafik;Haftasonu ;8;2012
10.08.2012;145,68;7;776,17;32,72;38,4;5,67;6,3;Trafik;Haftaici;8;2012
9.08.2012;169,15;11,75;900,67;34,39;40,46;6,07;5,6;Trafik;Haftaici;8;2012
8.08.2012;128,9;5,59;861,13;52,62;59,93;7,31;11,55;Trafik;Haftaici;8;2012
7.08.2012;171,22;9,01;875,73;51,46;58,81;7,34;11,51;Trafik;Haftaici;8;2012
6.08.2012;135,72;9,16;827;52,13;58,88;6,76;10,73;Trafik;Haftaici;8;2012
5.08.2012;93,17;9,65;915,42;54,82;66,41;11,6;7,3;Trafik;Haftasonu ;8;2012
4.08.2012;114,16;12,95;867,94;60,07;68,04;7,98;9,48;Trafik;Haftasonu ;8;2012
3.08.2012;241,37;9,8;993,32;74,84;93,58;18,75;14,79;Trafik;Haftaici;8;2012
2.08.2012;163,99;15,44;863,92;76,71;86,08;9,37;9,93;Trafik;Haftaici;8;2012
1.08.2012;170,89;9,9;1081,31;95,13;127,18;32,05;;Trafik;Haftaici;8;2012
31.07.2012;80,55;14,75;808,69;50,52;57,52;7,01;;Trafik;Haftaici;7;2012
30.07.2012;117,74;9,85;843,52;54,78;60,66;5,88;;Trafik;Haftaici;7;2012
29.07.2012;129,34;12,61;858,95;44,75;50,44;5,69;;Trafik;Haftasonu ;7;2012
28.07.2012;186,94;11,69;757,66;33,35;39,14;5,79;;Trafik;Haftasonu ;7;2012
27.07.2012;176,99;10,87;812,65;76,77;86,52;9,74;;Trafik;Haftaici;7;2012
26.07.2012;216,67;7,76;954,8;100,43;140,01;39,57;;Trafik;Haftaici;7;2012
25.07.2012;190,33;11,03;993,68;69,61;132,93;63,32;;Trafik;Haftaici;7;2012
24.07.2012;157,65;5,5;791,54;54,36;64,85;10,49;;Trafik;Haftaici;7;2012
23.07.2012;156,4;8,71;1013,13;79,38;93,59;14,23;;Trafik;Haftaici;7;2012
22.07.2012;127,57;6,33;869,26;62,52;88,93;26,42;;Trafik;Haftasonu ;7;2012
21.07.2012;101,69;;697,76;63,38;82,43;19,04;;Trafik;Haftasonu ;7;2012
20.07.2012;223,42;9,91;1154,84;56,51;114,88;58,42;;Trafik;Haftaici;7;2012
19.07.2012;101,57;;974,9;34,69;41,16;6,48;;Trafik;Haftaici;7;2012
18.07.2012;148,83;6;1026,5;46,73;52,95;6,22;61,53;Trafik;Haftaici;7;2012
17.07.2012;108;;1705,64;48,21;55,34;7,14;;Trafik;Haftaici;7;2012
16.07.2012;;;1425,04;63,79;117,8;54,03;;Trafik;Haftaici;7;2012
15.07.2012;;40,91;;52,58;59,89;7,32;76,09;Trafik;Haftasonu ;7;2012
14.07.2012;110,09;;1269,17;51,01;57,88;6,87;;Trafik;Haftasonu ;7;2012
13.07.2012;111,54;;474,21;46,08;52,32;6,24;;Trafik;Haftaici;7;2012
12.07.2012;99,2;44,85;971,31;53,37;59,31;5,94;;Trafik;Haftaici;7;2012
11.07.2012;79,52;20,36;980,35;59,73;91,12;31,4;;Trafik;Haftaici;7;2012
10.07.2012;62,07;7,07;745,07;38,44;43,01;4,58;;Trafik;Haftaici;7;2012
9.07.2012;108,59;17,79;1196,88;44,22;58;13,44;;Trafik;Haftaici;7;2012
8.07.2012;71,7;7,48;903,82;45,44;53,43;5,23;8,18;Trafik;Haftasonu ;7;2012
7.07.2012;58,88;19,48;829,87;53,48;59,33;3,82;7,28;Trafik;Haftasonu ;7;2012
6.07.2012;86,79;6,52;797,74;47,17;53;3,81;8,57;Trafik;Haftaici;7;2012
5.07.2012;79,64;18,53;815,52;47,3;52,58;3,46;8,54;Trafik;Haftaici;7;2012
4.07.2012;98,42;6,12;849,66;65,45;88,49;15,07;11,16;Trafik;Haftaici;7;2012
3.07.2012;51,26;13,46;733,95;36,79;42,22;3,55;7,34;Trafik;Haftaici;7;2012
2.07.2012;69,26;6,8;784,04;35,44;40,51;3,31;7,87;Trafik;Haftaici;7;2012
1.07.2012;46,93;18,43;738,11;30,29;35,2;3,21;6,66;Trafik;Haftasonu ;7;2012
30.06.2012;59,89;6,85;784,11;41,06;47,4;4,14;7,56;Trafik;Haftasonu ;6;2012
29.06.2012;46,1;18,67;668,74;38,75;44,72;3,9;6,65;Trafik;Haftaici;6;2012
28.06.2012;63,7;6,39;813,29;44,02;53,35;6,1;8,5;Trafik;Haftaici;6;2012
27.06.2012;104,7;19,74;808,44;63,9;92,71;18,84;8,27;Trafik;Haftaici;6;2012
26.06.2012;136,27;6,87;876,4;78,03;113,06;22,9;13,64;Trafik;Haftaici;6;2012
25.06.2012;64,64;18,83;889,32;31,99;38,64;4,34;8,12;Trafik;Haftaici;6;2012
24.06.2012;65,55;7,69;694,65;20,99;25,69;3,07;8,24;Trafik;Haftasonu ;6;2012
23.06.2012;69,41;19,91;781,49;28,75;33,98;3,42;8;Trafik;Haftasonu ;6;2012
22.06.2012;75,9;6,46;772,45;35,29;40,74;3,56;8,75;Trafik;Haftaici;6;2012
21.06.2012;44,04;13,54;650,37;19,08;23,68;3,01;;Trafik;Haftaici;6;2012
20.06.2012;;;643,63;25,16;29,51;2,84;5,68;Trafik;Haftaici;6;2012
19.06.2012;177;13,16;752;9,81;13,78;2,6;5,79;Trafik;Haftaici;6;2012
18.06.2012;28,74;;646,73;24,23;29,85;3,68;6,13;Trafik;Haftaici;6;2012
17.06.2012;20,71;13,05;592,07;29,74;34,85;3,35;4,76;Trafik;Haftasonu ;6;2012
16.06.2012;42,33;;730,54;40,83;48,2;4,82;8,29;Trafik;Haftasonu ;6;2012
15.06.2012;52,05;12,94;884,68;60,09;73,85;8,99;7,01;Trafik;Haftaici;6;2012
14.06.2012;79,24;;738,92;69,28;104,91;23,32;7,39;Trafik;Haftaici;6;2012
13.06.2012;64,1;9,08;1219,29;66,56;98,9;21,15;5,75;Trafik;Haftaici;6;2012
12.06.2012;78,55;47,54;1780,5;113,15;200,98;57,42;5,1;Trafik;Haftaici;6;2012
11.06.2012;83,05;;1952,02;113,59;299,78;121,71;2,97;Trafik;Haftaici;6;2012
10.06.2012;31,1;44,49;1670,34;85,61;118,59;21,58;4,59;Trafik;Haftasonu ;6;2012
9.06.2012;32,87;15,3;1621,69;75,63;95,12;12,74;2,53;Trafik;Haftasonu ;6;2012
8.06.2012;25,43;37,94;1428,75;58,66;67,11;5,52;4,66;Trafik;Haftaici;6;2012
7.06.2012;28,88;11,41;1423,35;83,6;97,54;9,12;;Trafik;Haftaici;6;2012
6.06.2012;48,67;38,45;1531,05;93,5;105,64;7,93;8,41;Trafik;Haftaici;6;2012
5.06.2012;57,34;14,03;1763,71;119,17;205,69;56,56;2,05;Trafik;Haftaici;6;2012
4.06.2012;43,93;29,06;1630,63;95,91;117,79;14,31;8,58;Trafik;Haftaici;6;2012
3.06.2012;55,67;12,35;1736;84,95;113,51;18,67;1,68;Trafik;Haftasonu ;6;2012
2.06.2012;61,83;31,59;1632,64;113,55;203,01;58,48;5,02;Trafik;Haftasonu ;6;2012
1.06.2012;64,22;11,34;1075,77;110,81;203,56;60,65;;Trafik;Haftaici;6;2012
31.05.2012;48,93;28,53;871,31;115,6;163,59;31,38;;Trafik;Haftaici;5;2012
30.05.2012;54,83;10;934,54;107,02;185,85;51,54;;Trafik;Haftaici;5;2012
29.05.2012;73,29;24,49;913,58;110,79;216,72;69,25;;Trafik;Haftaici;5;2012
28.05.2012;49,84;9,68;913,23;108,92;128,23;12,62;;Trafik;Haftaici;5;2012
27.05.2012;39,06;28,49;972,92;93,6;128,15;22,58;;Trafik;Haftasonu ;5;2012
26.05.2012;39,69;10,63;836,67;92,77;162,33;45,48;;Trafik;Haftasonu ;5;2012
25.05.2012;35,51;24,58;792,39;110,89;145,49;22,62;;Trafik;Haftaici;5;2012
24.05.2012;45,96;9,12;891,61;97,57;111,56;9,14;;Trafik;Haftaici;5;2012
23.05.2012;55,2;26,4;882,32;96,75;119,92;15,16;;Trafik;Haftaici;5;2012
22.05.2012;32,26;10,77;1033,83;92,46;104,31;7,75;;Trafik;Haftaici;5;2012
21.05.2012;41,94;23,94;920,88;97,57;161,93;42,1;;Trafik;Haftaici;5;2012
20.05.2012;25,85;11,35;925,64;103,99;118,77;9,67;;Trafik;Haftasonu ;5;2012
19.05.2012;24,42;27,23;937,36;94,63;109,33;9,61;;Trafik;Haftasonu ;5;2012
18.05.2012;55,9;12,91;1018,65;97,96;155,86;37,85;;Trafik;Haftaici;5;2012
17.05.2012;64,62;22,66;1045,04;99,2;215,83;76,25;;Trafik;Haftaici;5;2012
16.05.2012;44,59;10,27;955,03;97,13;186,86;58,66;;Trafik;Haftaici;5;2012
15.05.2012;43,5;23,95;1010,88;104,15;128,51;15,93;;Trafik;Haftaici;5;2012
14.05.2012;56,49;9,6;1062,17;107,6;132,25;16,12;;Trafik;Haftaici;5;2012
13.05.2012;64,48;22,18;1075,76;108,03;173,01;42,48;;Trafik;Haftasonu ;5;2012
12.05.2012;39,64;11,16;1198,36;111,35;159,86;31,71;;Trafik;Haftasonu ;5;2012
11.05.2012;57,06;24,03;1150,84;136,72;271,33;87,99;;Trafik;Haftaici;5;2012
10.05.2012;55,87;13;1213,9;145,12;248,75;67,74;4,78;Trafik;Haftaici;5;2012
9.05.2012;37,05;23,66;1078,37;115,33;131,92;10,85;;Trafik;Haftaici;5;2012
8.05.2012;37,49;15,72;822,14;283,26;308,61;16,46;;Trafik;Haftaici;5;2012
7.05.2012;42,86;20,94;1087,47;;;;;Trafik;Haftaici;5;2012
6.05.2012;30,43;15,76;1056,86;;;;;Trafik;Haftasonu ;5;2012
5.05.2012;33,27;21,41;1013,26;;;;;Trafik;Haftasonu ;5;2012
4.05.2012;50,16;15,06;1100,19;;;;19,4;Trafik;Haftaici;5;2012
3.05.2012;27,6;;759,14;;;;;Trafik;Haftaici;5;2012
2.05.2012;417,32;;956,49;14,37;21,72;4,81;20,26;Trafik;Haftaici;5;2012
1.05.2012;12,07;38,86;936,94;14,32;21,75;4,85;;Trafik;Haftaici;5;2012
30.04.2012;24,75;;1038,95;14,31;21,74;4,85;;Trafik;Haftaici;4;2012
29.04.2012;20,06;38,04;977,6;14,35;21,79;4,86;;Trafik;Haftasonu ;4;2012
28.04.2012;24,12;;1020,09;14,39;21,76;4,82;;Trafik;Haftasonu ;4;2012
27.04.2012;31,71;28,1;931,05;14,34;21,81;4,88;;Trafik;Haftaici;4;2012
26.04.2012;32,34;;1077,92;14,32;21,8;4,89;;Trafik;Haftaici;4;2012
25.04.2012;21,96;40,9;957,43;14,36;21,93;4,95;;Trafik;Haftaici;4;2012
24.04.2012;31,82;;1049,77;14,34;21,82;4,89;;Trafik;Haftaici;4;2012
23.04.2012;17,68;34,65;943,06;14,32;21,8;4,89;;Trafik;Haftaici;4;2012
22.04.2012;24,63;;834,37;14,35;21,68;4,79;;Trafik;Haftasonu ;4;2012
21.04.2012;61,75;33,56;816,54;14,31;21,73;4,85;;Trafik;Haftasonu ;4;2012
20.04.2012;26,51;;984,83;14,31;21,88;4,95;;Trafik;Haftaici;4;2012
19.04.2012;24,84;33,27;785,3;14,33;21,78;4,87;;Trafik;Haftaici;4;2012
18.04.2012;;;674,94;14,33;21,94;4,97;188,89;Trafik;Haftaici;4;2012
17.04.2012;22,92;36,08;976,33;14,42;21,84;4,85;;Trafik;Haftaici;4;2012
16.04.2012;35,16;;919,79;14,36;21,81;4,87;;Trafik;Haftaici;4;2012
15.04.2012;31,53;31,19;846,76;14,33;21,74;4,85;;Trafik;Haftasonu ;4;2012
14.04.2012;21,09;;990,15;14,35;21,75;4,84;;Trafik;Haftasonu ;4;2012
13.04.2012;38,9;31,75;1100,46;14,32;21,8;4,89;;Trafik;Haftaici;4;2012
12.04.2012;34,34;;781,14;14,34;21,76;4,85;;Trafik;Haftaici;4;2012
11.04.2012;21,27;25,81;919,51;14,32;21,8;4,89;;Trafik;Haftaici;4;2012
10.04.2012;13,9;;869;14,3;21,82;4,91;;Trafik;Haftaici;4;2012
9.04.2012;17,33;33,19;723,51;14,33;21,69;4,81;;Trafik;Haftaici;4;2012
8.04.2012;37,53;;798,95;14,34;21,75;4,85;17,71;Trafik;Haftasonu ;4;2012
7.04.2012;51,27;34,25;952,43;14,29;21,85;4,94;;Trafik;Haftasonu ;4;2012
6.04.2012;40,3;;1006,93;14,32;21,95;4,98;;Trafik;Haftaici;4;2012
5.04.2012;58,04;34,43;1224,56;14,32;21,79;4,88;;Trafik;Haftaici;4;2012
4.04.2012;53,58;10,96;1010,87;14,34;21,87;4,92;;Trafik;Haftaici;4;2012
3.04.2012;50,48;32,53;1159,18;14,32;21,82;4,9;;Trafik;Haftaici;4;2012
2.04.2012;22;;827,79;14,38;21,69;4,78;;Trafik;Haftaici;4;2012
1.04.2012;16,36;26,83;940,86;14,35;21,7;4,8;;Trafik;Haftasonu ;4;2012
31.03.2012;37,59;;738,4;14,41;21,78;4,81;;Trafik;Haftasonu ;3;2012
30.03.2012;23,67;31,3;802,25;14,37;21,79;4,85;;Trafik;Haftaici;3;2012
29.03.2012;30,32;7,16;941,1;14,3;21,82;4,91;;Trafik;Haftaici;3;2012
28.03.2012;22,26;13,54;823,05;14,35;21,76;4,84;;Trafik;Haftaici;3;2012
27.03.2012;18,35;;799,83;14,34;21,83;4,9;;Trafik;Haftaici;3;2012
26.03.2012;35,66;29,94;1116,7;14,32;21,81;4,89;;Trafik;Haftaici;3;2012
25.03.2012;49,33;11,41;1258,91;14,36;21,86;4,9;;Trafik;Haftasonu ;3;2012
24.03.2012;52,14;34,14;1219,7;14,39;21,86;4,88;;Trafik;Haftasonu ;3;2012
23.03.2012;43,38;;1127,45;14,37;21,81;4,86;;Trafik;Haftaici;3;2012
22.03.2012;26,7;26,43;1080,94;14,37;21,83;4,87;;Trafik;Haftaici;3;2012
21.03.2012;46,71;;1272,13;14,36;21,93;4,95;;Trafik;Haftaici;3;2012
20.03.2012;84,74;33,21;1448,68;14,38;21,77;4,83;;Trafik;Haftaici;3;2012
19.03.2012;67,08;;1243,99;14,38;21,8;4,85;28,02;Trafik;Haftaici;3;2012
18.03.2012;44,03;27,33;1038,87;14,35;21,87;4,92;;Trafik;Haftasonu ;3;2012
17.03.2012;58,05;5,95;939,18;14,35;21,73;4,82;23,29;Trafik;Haftasonu ;3;2012
16.03.2012;19,74;16,86;680,35;14,33;21,8;4,88;;Trafik;Haftaici;3;2012
15.03.2012;18,17;6,06;720,79;14,38;21,7;4,78;;Trafik;Haftaici;3;2012
14.03.2012;14,5;19,23;996,21;14,35;21,76;4,84;;Trafik;Haftaici;3;2012
13.03.2012;21,9;;1084,89;14,32;21,83;4,91;;Trafik;Haftaici;3;2012
12.03.2012;49,55;10,49;1408,12;14,37;21,79;4,85;;Trafik;Haftaici;3;2012
11.03.2012;29,85;6,22;979,39;14,37;21,85;4,89;;Trafik;Haftasonu ;3;2012
10.03.2012;49,15;20,5;1070,98;14,4;21,81;4,85;;Trafik;Haftasonu ;3;2012
9.03.2012;37,27;6,25;920,16;14,35;21,74;4,83;;Trafik;Haftaici;3;2012
8.03.2012;52,76;20,34;1105,98;14,31;21,78;4,88;;Trafik;Haftaici;3;2012
7.03.2012;41,79;11,99;1005,5;14,33;21,88;4,93;;Trafik;Haftaici;3;2012
6.03.2012;41,06;15,37;953,07;14,33;21,73;4,83;;Trafik;Haftaici;3;2012
5.03.2012;33,29;14,45;1033,73;14,38;21,76;4,82;;Trafik;Haftaici;3;2012
4.03.2012;10,12;12,18;617,77;14,34;21,73;4,83;;Trafik;Haftasonu ;3;2012
3.03.2012;13,06;7;687,12;14,33;21,84;4,91;;Trafik;Haftasonu ;3;2012
2.03.2012;12,58;22,48;598,18;14,37;21,89;4,91;;Trafik;Haftaici;3;2012
1.03.2012;14,95;9,77;658,17;14,34;21,81;4,88;;Trafik;Haftaici;3;2012
29.02.2012;13,93;17,39;626,96;14,32;21,77;4,87;;Trafik;Haftaici;2;2012
28.02.2012;12,48;7,84;783,62;14,33;21,82;4,89;;Trafik;Haftaici;2;2012
27.02.2012;12,42;14,97;712,84;14,33;21,81;4,89;;Trafik;Haftaici;2;2012
26.02.2012;28,16;11,03;975,96;14,38;21,77;4,83;;Trafik;Haftasonu ;2;2012
25.02.2012;23,18;8,89;755,98;14,37;21,83;4,88;;Trafik;Haftasonu ;2;2012
24.02.2012;53,55;16,3;1132,78;14,32;21,75;4,85;29,4;Trafik;Haftaici;2;2012
23.02.2012;76,37;17,87;1236,33;14,31;21,83;4,92;42,67;Trafik;Haftaici;2;2012
22.02.2012;132,41;19,37;1790,93;14,32;21,83;4,91;79,28;Trafik;Haftaici;2;2012
21.02.2012;201,49;19,8;1285,45;14,32;21,82;4,9;58,26;Trafik;Haftaici;2;2012
20.02.2012;146,76;13,93;1056,77;14,4;21,81;4,85;51,08;Trafik;Haftaici;2;2012
19.02.2012;90,96;17,36;848,89;14,39;21,71;4,78;31,06;Trafik;Haftasonu ;2;2012
18.02.2012;69,02;8,4;844,24;14,33;21,66;4,79;24,59;Trafik;Haftasonu ;2;2012
17.02.2012;27,83;16,51;644,18;14,34;21,83;4,89;;Trafik;Haftaici;2;2012
16.02.2012;34,71;14,23;739,83;14,37;21,76;4,83;;Trafik;Haftaici;2;2012
15.02.2012;26,81;13,53;651,57;14,34;21,82;4,89;;Trafik;Haftaici;2;2012
14.02.2012;129,04;7,38;1675,82;12,51;19,24;4,4;51,41;Trafik;Haftaici;2;2012
13.02.2012;58,84;17,33;1052,28;;;;25,19;Trafik;Haftaici;2;2012
12.02.2012;805,28;9,4;1032,4;;;;26,62;Trafik;Haftasonu ;2;2012
11.02.2012;231,6;21,81;893,77;;;;15,76;Trafik;Haftasonu ;2;2012
10.02.2012;27,89;8,99;801,62;;;;;Trafik;Haftaici;2;2012
9.02.2012;32,58;16,4;853,08;;;;;Trafik;Haftaici;2;2012
8.02.2012;21,94;12,64;624,7;;;;;Trafik;Haftaici;2;2012
7.02.2012;48,26;19,84;1174,59;;;;;Trafik;Haftaici;2;2012
6.02.2012;70,94;18,55;1213,68;;;;34,27;Trafik;Haftaici;2;2012
5.02.2012;66,14;21,24;1301,13;;;;29,21;Trafik;Haftasonu ;2;2012
4.02.2012;75,49;22,49;1498,24;;;;37,94;Trafik;Haftasonu ;2;2012
3.02.2012;79,41;19,25;1392,28;;;;38,38;Trafik;Haftaici;2;2012
2.02.2012;72,11;17,13;1133,04;39,09;61,01;14,33;33,99;Trafik;Haftaici;2;2012
1.02.2012;67,58;20,22;1103,28;37,03;69,33;21,11;28,53;Trafik;Haftaici;2;2012
31.01.2012;22,38;12,64;690,74;26,74;47,91;13,84;;Trafik;Haftaici;1;2012
30.01.2012;28,06;15,82;766,34;23,38;29,99;4,33;;Trafik;Haftaici;1;2012
29.01.2012;24,25;10,53;711,45;26,27;36,68;6,81;;Trafik;Haftasonu ;1;2012
28.01.2012;38,43;14,25;961,22;34,67;59,78;16,41;;Trafik;Haftasonu ;1;2012
27.01.2012;14,91;10,09;596,27;24,28;47,28;15,03;;Trafik;Haftaici;1;2012
26.01.2012;35,37;19,24;989,6;20,72;63,37;27,87;;Trafik;Haftaici;1;2012
25.01.2012;60,78;19,26;1568,97;22,68;84,03;40,1;32,7;Trafik;Haftaici;1;2012
24.01.2012;62,92;17,15;1038,46;34,61;48,95;9,37;29,84;Trafik;Haftaici;1;2012
23.01.2012;41,81;32,98;1283,96;34,98;112,44;50,63;;Trafik;Haftaici;1;2012
22.01.2012;26,41;19,68;987,69;28,84;61,27;21,19;;Trafik;Haftasonu ;1;2012
21.01.2012;60,89;20,08;966,02;26,17;43,3;11,19;28,62;Trafik;Haftasonu ;1;2012
20.01.2012;36,67;20,17;828,26;33,68;48,33;9,57;13,47;Trafik;Haftaici;1;2012
19.01.2012;49,93;17,29;910,25;33,08;74,95;27,37;21,35;Trafik;Haftaici;1;2012
18.01.2012;39,88;21,22;888,21;34,45;68,69;22,37;;Trafik;Haftaici;1;2012
17.01.2012;75,94;17,64;1372,75;57,83;131,34;48,04;17,42;Trafik;Haftaici;1;2012
16.01.2012;34,6;59,09;669,54;21,97;42,21;20,24;;Trafik;Haftaici;1;2012
15.01.2012;25,06;29,71;447,93;15,96;28,94;12,98;;Trafik;Haftasonu ;1;2012
14.01.2012;28,13;32,05;476,57;22,33;35,41;13,08;;Trafik;Haftasonu ;1;2012
13.01.2012;34,03;36,03;652,6;18,06;42,91;24,85;;Trafik;Haftaici;1;2012
12.01.2012;27,07;44,47;555,07;13,14;21,31;8,17;;Trafik;Haftaici;1;2012
11.01.2012;40,04;56,04;549,47;14,33;21,89;7,56;13,86;Trafik;Haftaici;1;2012
10.01.2012;;78,92;556,85;3,61;13,1;9,48;16,91;Trafik;Haftaici;1;2012
9.01.2012;19,07;67,66;711,98;5,46;42,64;37,19;;Trafik;Haftaici;1;2012
8.01.2012;61,75;99,73;729,16;5,51;71,38;65,87;;Trafik;Haftasonu ;1;2012
5.01.2012;40,54;12,68;598,84;18,99;42,13;23,14;;Trafik;Haftaici;1;2012
4.01.2012;91,03;19,28;791,71;25,27;62,38;37,11;41,33;Trafik;Haftaici;1;2012
3.01.2012;97,62;15,01;953,99;24,86;77,51;52,65;44,65;Trafik;Haftaici;1;2012
2.01.2012;60,95;9,86;764,24;18,55;40,04;21,49;27,53;Trafik;Haftaici;1;2012
1.01.2012;80,84;7,74;1429,16;14,67;82,47;67,82;;Trafik;Haftasonu ;1;2012
31.12.2011;55,28;11,36;729,55;19,86;40,86;21,01;;Trafik;Haftasonu ;12;2011
30.12.2011;86,73;14,48;685,99;18,4;45,76;27,37;31,91;Trafik;Haftaici;12;2011
29.12.2011;77,8;12,5;627,5;21,61;51,9;30,28;33,79;Trafik;Haftaici;12;2011
28.12.2011;66,01;10,56;433,53;20,38;45,17;24,79;29,94;Trafik;Haftaici;12;2011
27.12.2011;61,66;11,8;612,03;16;53,98;37,99;26,45;Trafik;Haftaici;12;2011
26.12.2011;26,65;8,17;510,57;12,94;21,16;8,22;;Trafik;Haftaici;12;2011
25.12.2011;22,44;6,66;538,71;9,69;15,28;5,59;;Trafik;Haftasonu ;12;2011
24.12.2011;19,54;6,12;405,16;13,22;24,41;11,19;;Trafik;Haftasonu ;12;2011
23.12.2011;16,62;7,32;481,89;11,9;20,57;8,67;;Trafik;Haftaici;12;2011
22.12.2011;50,55;19,02;729,85;16,24;42,37;26,13;;Trafik;Haftaici;12;2011
21.12.2011;61,52;16,23;820,16;20,32;72,63;52,3;;Trafik;Haftaici;12;2011
20.12.2011;42,19;24,16;369,96;18,19;36,12;17,94;18,05;Trafik;Haftaici;12;2011
19.12.2011;40,64;27,05;662,56;17,31;36,8;19,49;;Trafik;Haftaici;12;2011
18.12.2011;15,76;32,15;392,8;11,87;20,77;8,9;;Trafik;Haftasonu ;12;2011
17.12.2011;16,79;21,54;457,36;15,25;27,23;11,99;;Trafik;Haftasonu ;12;2011
16.12.2011;81,18;19,32;797,34;19,12;54,92;35,81;;Trafik;Haftaici;12;2011
15.12.2011;137,71;28,35;1248,97;25,54;113,72;88,18;43,83;Trafik;Haftaici;12;2011
14.12.2011;151,33;30,07;1293,78;26,34;131,94;105,61;48,45;Trafik;Haftaici;12;2011
13.12.2011;122,79;24,75;1091,45;23,11;88,78;65,67;43,06;Trafik;Haftaici;12;2011
12.12.2011;155,21;28,15;1430,68;27,81;144,19;116,38;51,14;Trafik;Haftaici;12;2011
11.12.2011;95,94;23,34;1234,87;22,94;105,34;82,42;32,3;Trafik;Haftasonu ;12;2011
10.12.2011;84,92;20,21;937,01;20,2;79,74;59,54;31,03;Trafik;Haftasonu ;12;2011
9.12.2011;44,39;17,2;601,42;17,79;49,71;31,93;17,51;Trafik;Haftaici;12;2011
8.12.2011;27,35;8,74;584,11;17,95;37,45;19,49;18,38;Trafik;Haftaici;12;2011
7.12.2011;93,61;16,21;1754,45;18,71;104,53;85,82;44,97;Trafik;Haftaici;12;2011
6.12.2011;90,75;55,41;1223,16;68,67;206,37;137,7;34,84;Trafik;Haftaici;12;2011
5.12.2011;129,73;35,18;1352,8;70,86;237,24;166,38;45,86;Trafik;Haftaici;12;2011
4.12.2011;156,79;49,79;1552,74;73,85;239,38;165,53;57,04;Trafik;Haftasonu ;12;2011
3.12.2011;141,07;35,77;1373,6;72,49;237,22;164,73;46,01;Trafik;Haftasonu ;12;2011
2.12.2011;131,35;35,37;1206,01;71,29;201,72;130,43;42,94;Trafik;Haftaici;12;2011
1.12.2011;154,2;43,09;1322,69;76,34;267,87;191,54;51,32;Trafik;Haftaici;12;2011
30.11.2011;191,74;45,97;863,9;107,26;264,66;157,34;93,94;Trafik;Haftaici;11;2011
29.11.2011;162,17;35,69;820,5;;;;;Trafik;Haftaici;11;2011
28.11.2011;202,43;41,11;1937,3;;;;87,39;Trafik;Haftaici;11;2011
27.11.2011;162,84;47,4;5618,61;;;;71,71;Trafik;Haftasonu ;11;2011
26.11.2011;217,38;36,45;;;;;103,2;Trafik;Haftasonu ;11;2011
25.11.2011;175,34;27,21;;;;;82,89;Trafik;Haftaici;11;2011
24.11.2011;140,6;20,59;989,02;;;;78,05;Trafik;Haftaici;11;2011
23.11.2011;121,42;16,97;;86,29;258,36;172,05;72,63;Trafik;Haftaici;11;2011
22.11.2011;210,83;17,98;2048,69;115,7;624,68;508,99;102,28;Trafik;Haftaici;11;2011
21.11.2011;175,6;14,7;1171,56;94,61;387,4;292,78;92,35;Trafik;Haftaici;11;2011
20.11.2011;112,4;13,57;2173,89;73,12;294,78;221,68;62,54;Trafik;Haftasonu ;11;2011
19.11.2011;78,01;9,27;2077,63;63,3;192,32;129,03;;Trafik;Haftasonu ;11;2011
18.11.2011;45,63;11,12;1448,62;53,53;119,44;65,92;;Trafik;Haftaici;11;2011
17.11.2011;61,61;8,92;1185,46;62,53;113,78;51,26;;Trafik;Haftaici;11;2011
16.11.2011;81,64;15,61;1279,56;71,88;215,62;143,72;;Trafik;Haftaici;11;2011
15.11.2011;63,49;6,35;1446,93;66,5;110,6;44,12;;Trafik;Haftaici;11;2011
14.11.2011;52,25;;1022,08;62,25;102,57;40,31;;Trafik;Haftaici;11;2011
13.11.2011;38,65;;583,47;46,95;79,01;32,06;;Trafik;Haftasonu ;11;2011
12.11.2011;40,23;;1128,57;47,66;89,15;41,49;;Trafik;Haftasonu ;11;2011
11.11.2011;35,64;;2252,35;58,81;99,75;40,94;;Trafik;Haftaici;11;2011
10.11.2011;90,07;15,98;676,8;82,34;229,3;146,97;;Trafik;Haftaici;11;2011
9.11.2011;178,38;12,94;3440,7;107,08;638,3;531,33;;Trafik;Haftaici;11;2011
8.11.2011;128,55;5,94;2455,76;89,1;416,51;327,46;;Trafik;Haftaici;11;2011
7.11.2011;49,93;4,33;954,04;64,66;134,59;69,92;;Trafik;Haftaici;11;2011
6.11.2011;106,63;8,16;1942,35;86,83;322,82;236,01;;Trafik;Haftasonu ;11;2011
5.11.2011;142,45;4,48;2322,09;86,38;428,57;342,21;;Trafik;Haftasonu ;11;2011
4.11.2011;58,88;3,88;852,82;63,71;111,59;47,91;;Trafik;Haftaici;11;2011
3.11.2011;56,48;0,66;1014,37;72,41;139,54;67,12;;Trafik;Haftaici;11;2011
2.11.2011;82,01;9,45;1094,22;97,94;188,56;90,62;;Trafik;Haftaici;11;2011
1.11.2011;218,74;8,77;3168,76;115,95;587,36;471,44;;Trafik;Haftaici;11;2011
31.10.2011;147,77;4,93;6543,8;78,66;345,8;267,17;;Trafik;Haftaici;10;2011
30.10.2011;115,78;5,23;;75,37;314,24;238,9;2,52;Trafik;Haftasonu ;10;2011
29.10.2011;90,66;5,52;;70,28;200,9;130,63;2,84;Trafik;Haftasonu ;10;2011
28.10.2011;69,23;6,46;;68,29;193,29;125,02;;Trafik;Haftaici;10;2011
27.10.2011;99,57;37,6;;69,09;230,62;161,57;;Trafik;Haftaici;10;2011
26.10.2011;;14,13;;;;;;Trafik;Haftaici;10;2011
25.10.2011;40,63;7,07;;;;;0,62;Trafik;Haftaici;10;2011
24.10.2011;49,03;9,1;;;;;;Trafik;Haftaici;10;2011
23.10.2011;40,09;10,76;;;;;0,6;Trafik;Haftasonu ;10;2011
22.10.2011;51,38;10,86;1991,81;;;;0,65;Trafik;Haftasonu ;10;2011
21.10.2011;47,72;12,05;1329,02;;;;0,91;Trafik;Haftaici;10;2011
20.10.2011;62,94;12,55;;;;;1,21;Trafik;Haftaici;10;2011
19.10.2011;34,02;8,45;1649,74;;;;1,45;Trafik;Haftaici;10;2011
18.10.2011;31,78;3,71;55,67;;;;0,42;Trafik;Haftaici;10;2011
17.10.2011;32,88;6,34;1294,38;;;;0,52;Trafik;Haftaici;10;2011
16.10.2011;44,55;4,74;314,43;;;;0,4;Trafik;Haftasonu ;10;2011
15.10.2011;29,52;7,28;510,65;;;;0,6;Trafik;Haftasonu ;10;2011
14.10.2011;27,61;3,16;;;;;0,56;Trafik;Haftaici;10;2011
13.10.2011;49,4;8,72;1614,48;;;;0,53;Trafik;Haftaici;10;2011
12.10.2011;17,71;3,27;722,96;;;;0,41;Trafik;Haftaici;10;2011
11.10.2011;27,17;5,61;1163,15;;;;0,71;Trafik;Haftaici;10;2011
10.10.2011;21,68;4,18;467,73;;;;0,55;Trafik;Haftaici;10;2011
9.10.2011;40,54;6,54;400,86;;;;0,56;Trafik;Haftasonu ;10;2011
8.10.2011;60,74;6,41;1253,13;;;;0,6;Trafik;Haftasonu ;10;2011
7.10.2011;131,42;11,94;2525,21;;;;0,7;Trafik;Haftaici;10;2011
6.10.2011;111,67;6,72;;;;;2,26;Trafik;Haftaici;10;2011
5.10.2011;95,57;13,73;;;;;2,69;Trafik;Haftaici;10;2011
4.10.2011;87,24;5,36;;;;;2,47;Trafik;Haftaici;10;2011
3.10.2011;33,36;0,54;;;;;1,89;Trafik;Haftaici;10;2011
2.10.2011;44,39;5,44;910,5;66,47;135,24;68,77;2,8;Trafik;Haftasonu ;10;2011
1.10.2011;62,49;2,06;1539,78;75,92;191,3;115,39;3,19;Trafik;Haftasonu ;10;2011
30.09.2011;24,44;;1350,21;46,72;55,28;8,57;;Trafik;Haftaici;9;2011
21.09.2011;;;;;;;;Trafik;Haftaici;9;2011
20.09.2011;;;;;;;;Trafik;Haftaici;9;2011
19.09.2011;39,33;192,31;;75,34;81,24;5,9;;Trafik;Haftaici;9;2011
18.09.2011;;;;;;;;Trafik;Haftasonu ;9;2011
17.09.2011;51,26;;;;;;;Trafik;Haftasonu ;9;2011
16.09.2011;50,47;;;;;;;Trafik;Haftaici;9;2011
12.09.2011;29,78;;;54,24;91,71;37,47;;Trafik;Haftaici;9;2011
11.09.2011;42,82;6,17;882,64;62,99;74,8;11,82;;Trafik;Haftasonu ;9;2011
10.09.2011;47,29;14,58;1009,91;64,49;90,44;25,96;;Trafik;Haftasonu ;9;2011
9.09.2011;46,27;16,88;854,85;64,19;72,47;8,28;;Trafik;Haftaici;9;2011
8.09.2011;88,38;6,19;2123,84;92,61;244,9;152,29;;Trafik;Haftaici;9;2011
7.09.2011;38,92;4,58;1039,57;64,16;78,13;13,97;;Trafik;Haftaici;9;2011
6.09.2011;45,18;5,04;980,96;;;;;Trafik;Haftaici;9;2011
5.09.2011;32,54;5,22;1001,89;63,37;73,3;9,93;;Trafik;Haftaici;9;2011
4.09.2011;28,78;3,65;880,89;31,46;32,2;0,74;;Trafik;Haftasonu ;9;2011
3.09.2011;36,3;4,91;976,07;;;;;Trafik;Haftasonu ;9;2011
2.09.2011;28,68;4,41;980,19;;;;;Trafik;Haftaici;9;2011
1.09.2011;27,31;6,08;1014,08;;;;;Trafik;Haftaici;9;2011
31.08.2011;25,65;11,29;777,34;54,32;56,53;5,24;;Trafik;Haftaici;8;2011
30.08.2011;39,64;4;901,19;55,55;53,73;0,94;;Trafik;Haftaici;8;2011
29.08.2011;41,6;3,11;1212;73,23;89,33;18,37;;Trafik;Haftaici;8;2011
28.08.2011;23,65;2,76;949,98;;;;;Trafik;Haftasonu ;8;2011
27.08.2011;31,09;4,39;995,43;58,57;73,72;18,15;;Trafik;Haftasonu ;8;2011
26.08.2011;23,83;4,52;912,68;;;;;Trafik;Haftaici;8;2011
25.08.2011;33,8;4,71;1017,84;47,45;45,3;1,48;;Trafik;Haftaici;8;2011
24.08.2011;26,56;4,74;1123,69;;;;;Trafik;Haftaici;8;2011
23.08.2011;28,51;;1213,93;45,87;43,74;0,99;;Trafik;Haftaici;8;2011
22.08.2011;26,62;3,96;941,04;38,54;36,67;1,87;;Trafik;Haftaici;8;2011
21.08.2011;29,82;4,46;984,77;;;;;Trafik;Haftasonu ;8;2011
20.08.2011;31,83;0,95;1088,66;;;;;Trafik;Haftasonu ;8;2011
19.08.2011;23,91;3,06;1166,62;34,36;32,71;1,62;;Trafik;Haftaici;8;2011
18.08.2011;44,17;2,21;;39,65;36,62;0,78;;Trafik;Haftaici;8;2011
17.08.2011;36,11;1,82;723,57;;;;3,77;Trafik;Haftaici;8;2011
16.08.2011;42,95;3,47;798,32;;;;3,73;Trafik;Haftaici;8;2011
15.08.2011;47,88;5,88;616,55;;;;4,86;Trafik;Haftaici;8;2011
14.08.2011;45,14;2,25;1268;;;;3,43;Trafik;Haftasonu ;8;2011
13.08.2011;29,23;1,73;1111,53;;;;4,62;Trafik;Haftasonu ;8;2011
12.08.2011;27,93;0,85;994,27;;;;4,49;Trafik;Haftaici;8;2011
11.08.2011;64,69;;1222,75;;;;3,65;Trafik;Haftaici;8;2011
10.08.2011;36,85;2,35;1112,87;46,62;53,35;6,97;6,65;Trafik;Haftaici;8;2011
9.08.2011;42,6;2,6;1366,74;57,92;66,9;9,16;4,08;Trafik;Haftaici;8;2011
8.08.2011;40,55;2,07;1394,05;63,05;76,51;13,6;4,03;Trafik;Haftaici;8;2011
7.08.2011;36,65;4,21;1339,67;30,9;34,47;3,75;4,06;Trafik;Haftasonu ;8;2011
6.08.2011;24,02;1,92;1122,06;19,69;20,04;0,61;3,48;Trafik;Haftasonu ;8;2011
5.08.2011;24,6;3,41;1070,43;24,24;25,02;1,02;3,08;Trafik;Haftaici;8;2011
4.08.2011;26,24;;368,01;22,52;24,49;2,13;3,43;Trafik;Haftaici;8;2011
3.08.2011;26,96;3,79;925,76;23,34;25,1;1,82;3,19;Trafik;Haftaici;8;2011
2.08.2011;43,85;2,55;1110,32;25,1;26,91;1,83;3,5;Trafik;Haftaici;8;2011
1.08.2011;56,34;4,76;1174,29;44,07;46,83;2,82;4,55;Trafik;Haftaici;8;2011
31.07.2011;51,7;3,45;1044,76;54,46;72,62;18,24;4,04;Trafik;Haftasonu ;7;2011
30.07.2011;57,29;4,88;1132,95;48,36;51,43;3,08;4,82;Trafik;Haftasonu ;7;2011
29.07.2011;66,76;3,67;1758,26;75,87;130,8;55;5,15;Trafik;Haftaici;7;2011
28.07.2011;35,89;1,91;878,01;28,97;31,28;2,4;4,24;Trafik;Haftaici;7;2011
27.07.2011;54,16;3,65;1014,25;52,38;55,14;2,93;4,44;Trafik;Haftaici;7;2011
26.07.2011;79,02;3,22;1781,4;75,97;151,69;75,79;4,12;Trafik;Haftaici;7;2011
25.07.2011;62,43;0,72;1231,17;47,47;56,92;9,58;4,4;Trafik;Haftaici;7;2011
23.07.2011;30,19;1,61;1006,13;28,72;29,65;1,09;;Trafik;Haftasonu ;7;2011
22.07.2011;48,56;1,73;1045,35;40,84;43,13;2,38;;Trafik;Haftaici;7;2011
21.07.2011;81,14;3,43;1019,23;59,04;80,01;21;;Trafik;Haftaici;7;2011
20.07.2011;58,64;3,47;1263,12;72,21;102,11;30,07;;Trafik;Haftaici;7;2011
19.07.2011;38,55;4,5;1109,43;28,36;29,56;1,39;;Trafik;Haftaici;7;2011
18.07.2011;40,66;1,5;1203,22;37,22;39,01;1,9;;Trafik;Haftaici;7;2011
17.07.2011;33,61;3,72;1134;29,29;30,28;1,1;;Trafik;Haftasonu ;7;2011
16.07.2011;34,32;3,1;1053,86;36,35;39,88;3,57;;Trafik;Haftasonu ;7;2011
15.07.2011;34,38;1;1048,7;30,97;33,24;2,35;;Trafik;Haftaici;7;2011
14.07.2011;32,49;3,03;1156,47;25,6;27,25;1,77;;Trafik;Haftaici;7;2011
13.07.2011;33,39;1,81;1149,99;23,93;24,85;1,15;;Trafik;Haftaici;7;2011
12.07.2011;27,2;3,29;963,68;;;;;Trafik;Haftaici;7;2011
11.07.2011;32,02;4,13;1026,82;23,05;24,19;1,29;;Trafik;Haftaici;7;2011
10.07.2011;18,03;4,79;705,85;17,25;17,98;1,05;;Trafik;Haftasonu ;7;2011
9.07.2011;31,43;3,85;1097,93;28,7;30,82;2,13;;Trafik;Haftasonu ;7;2011
8.07.2011;38,83;2,09;1241,74;43,99;47,6;3,71;;Trafik;Haftaici;7;2011
7.07.2011;32,43;4,64;881,9;40,43;43,31;2,89;;Trafik;Haftaici;7;2011
6.07.2011;44,72;4,24;1332,58;43,89;47,12;3,23;4,25;Trafik;Haftaici;7;2011
5.07.2011;34,29;5,92;1063,77;51,88;59,23;7,38;3,64;Trafik;Haftaici;7;2011
4.07.2011;37,55;8,62;1081,23;44,65;48,35;3,71;3,89;Trafik;Haftaici;7;2011
3.07.2011;44,13;2,87;1635,96;59,33;95,38;36,05;;Trafik;Haftasonu ;7;2011
2.07.2011;39,29;3,32;1377,41;47,83;55,06;7,23;3,86;Trafik;Haftasonu ;7;2011
1.07.2011;44,89;9,96;1106,86;60,99;71,79;10,8;6,51;Trafik;Haftaici;7;2011
30.06.2011;81,48;4,5;1224,13;56,98;111,42;54,44;4,68;Trafik;Haftaici;6;2011
29.06.2011;40,37;4,6;1009,79;47,91;52,63;4,73;;Trafik;Haftaici;6;2011
28.06.2011;47,09;6,35;1439,53;43,9;62,72;18,94;;Trafik;Haftaici;6;2011
27.06.2011;;7,39;1300,41;29,03;34,59;5,57;;Trafik;Haftaici;6;2011
26.06.2011;;2,13;919,5;32,47;37,12;4,72;;Trafik;Haftasonu ;6;2011
25.06.2011;;5,89;2291,81;85,03;156,65;71,68;;Trafik;Haftasonu ;6;2011
24.06.2011;;1,91;1286,47;46,16;73,29;27,21;;Trafik;Haftaici;6;2011
23.06.2011;;2,47;1015,26;25,59;28,26;2,78;;Trafik;Haftaici;6;2011
22.06.2011;;2,9;852,41;27;31,03;4,06;;Trafik;Haftaici;6;2011
21.06.2011;;3,09;1285,57;26,38;28,62;2,3;;Trafik;Haftaici;6;2011
20.06.2011;;6,74;1033,88;58,95;73,08;14,15;;Trafik;Haftaici;6;2011
19.06.2011;;2,28;1507,12;42,54;85,22;42,73;;Trafik;Haftasonu ;6;2011
18.06.2011;;2,16;1084,48;37,82;53,62;15,81;;Trafik;Haftasonu ;6;2011
17.06.2011;;2,61;1073,67;42,29;55,22;12,93;;Trafik;Haftaici;6;2011
16.06.2011;;2,34;1391,8;55,08;77,33;22,26;;Trafik;Haftaici;6;2011
15.06.2011;;2,62;1115,74;53,22;60;6,78;;Trafik;Haftaici;6;2011
14.06.2011;;3,03;1200,03;56,44;77,49;21,05;;Trafik;Haftaici;6;2011
13.06.2011;;1,42;1604,45;52,33;72,84;20,5;;Trafik;Haftaici;6;2011
12.06.2011;;3;1372,87;41,92;48,31;6,4;;Trafik;Haftasonu ;6;2011
11.06.2011;29,03;3,01;1125,26;45;54,42;9,41;;Trafik;Haftasonu ;6;2011
10.06.2011;52,29;3,58;1465,78;56,54;73,94;17,4;;Trafik;Haftaici;6;2011
9.06.2011;64,28;3,98;1129,06;49,24;63,76;14,52;42,7;Trafik;Haftaici;6;2011
8.06.2011;78,45;4,07;1363,68;63,38;89,85;26,47;;Trafik;Haftaici;6;2011
7.06.2011;49,21;3,56;1124,4;54,73;72,96;18,23;;Trafik;Haftaici;6;2011
6.06.2011;46,65;2,87;1715,45;51,94;90,87;38,93;;Trafik;Haftaici;6;2011
5.06.2011;38,47;3;1185,49;36,6;48,77;12,17;;Trafik;Haftasonu ;6;2011
4.06.2011;77,49;2,43;1547,83;34,42;39,64;5,22;;Trafik;Haftasonu ;6;2011
3.06.2011;39,23;2,68;959,3;39,8;46,27;6,48;;Trafik;Haftaici;6;2011
2.06.2011;48,37;3,44;1280,68;53,26;70,6;17,34;;Trafik;Haftaici;6;2011
1.06.2011;41,63;3,59;1169,6;60,45;69,27;8,84;;Trafik;Haftaici;6;2011
31.05.2011;38,34;3,44;1242,51;47,96;65;17,04;;Trafik;Haftaici;5;2011
30.05.2011;43,87;3,52;1341,56;48,36;74,88;26,52;;Trafik;Haftaici;5;2011
29.05.2011;52,49;2,88;1286,23;54,99;76,53;21,54;;Trafik;Haftasonu ;5;2011
28.05.2011;40,75;2,67;1572,87;61,36;91,7;30,34;;Trafik;Haftasonu ;5;2011
27.05.2011;29,29;2,92;957,77;26,14;28,52;2,38;;Trafik;Haftaici;5;2011
26.05.2011;72,78;3,36;1621,33;58,68;102,3;43,62;;Trafik;Haftaici;5;2011
25.05.2011;76,25;3,4;1864,79;65,72;126,13;60,41;37,02;Trafik;Haftaici;5;2011
24.05.2011;56,31;3,73;1314,92;32,88;64,75;31,86;;Trafik;Haftaici;5;2011
23.05.2011;40,49;3,57;984,5;28,64;34,25;5,61;;Trafik;Haftaici;5;2011
22.05.2011;30,76;3,67;1060,79;34,62;41,54;6,92;;Trafik;Haftasonu ;5;2011
21.05.2011;35,19;3,71;1005,3;50,48;62,6;12,12;;Trafik;Haftasonu ;5;2011
20.05.2011;32,62;2,58;1410,63;52,67;67,72;15,05;;Trafik;Haftaici;5;2011
19.05.2011;63,39;4,01;1236,76;55,58;67,27;11,69;43,9;Trafik;Haftaici;5;2011
18.05.2011;44,64;2,93;1163,27;41,71;46,43;4,72;;Trafik;Haftaici;5;2011
17.05.2011;45,18;2,5;1323,67;45,73;68,88;23,15;;Trafik;Haftaici;5;2011
16.05.2011;64,36;4,26;1413,71;62,3;109,36;47,05;;Trafik;Haftaici;5;2011
15.05.2011;39,9;3,41;1022,75;36,16;43,14;6,98;;Trafik;Haftasonu ;5;2011
14.05.2011;42,72;2,62;1336,42;44,27;50,75;6,47;;Trafik;Haftasonu ;5;2011
13.05.2011;28,72;2,42;1478,55;55,98;82,46;26,48;;Trafik;Haftaici;5;2011
12.05.2011;36,19;1,35;793,15;61,53;82,12;20,59;;Trafik;Haftaici;5;2011
11.05.2011;50,5;2,12;921,38;60,94;73,26;12,32;;Trafik;Haftaici;5;2011
10.05.2011;55,95;1,61;930,63;63,72;88,11;24,39;;Trafik;Haftaici;5;2011
9.05.2011;33,66;1,98;736,22;49,04;56,03;6,99;;Trafik;Haftaici;5;2011
8.05.2011;43,87;2;1008,14;51,09;64,49;13,4;;Trafik;Haftasonu ;5;2011
7.05.2011;25,29;1,09;703,32;25,07;26,41;1,34;;Trafik;Haftasonu ;5;2011
6.05.2011;29,97;0,56;591,35;30,04;35,89;5,85;;Trafik;Haftaici;5;2011
5.05.2011;36,49;1,34;795,98;46,87;62,23;15,36;;Trafik;Haftaici;5;2011
4.05.2011;61,16;1,74;732,09;51,19;65,5;14,31;;Trafik;Haftaici;5;2011
3.05.2011;54,53;4,2;893,47;68,15;94,5;26,35;38,36;Trafik;Haftaici;5;2011
2.05.2011;89,7;2,44;913,24;57,93;74,92;16,99;45,12;Trafik;Haftaici;5;2011
1.05.2011;55,46;2,64;1083,03;53,76;86,55;32,79;;Trafik;Haftasonu ;5;2011
30.04.2011;39,41;4,19;659,56;56,39;78,47;22,07;;Trafik;Haftasonu ;4;2011
29.04.2011;86,99;3,83;1076,19;57,39;84,81;27,43;64,62;Trafik;Haftaici;4;2011
28.04.2011;51,66;4,49;1106,27;52,33;63,49;11,17;;Trafik;Haftaici;4;2011
27.04.2011;34,66;3,36;887,39;43,52;51,89;8,37;;Trafik;Haftaici;4;2011
26.04.2011;103,98;3,44;2003,03;72,5;147,95;75,45;;Trafik;Haftaici;4;2011
25.04.2011;43,67;2,71;;46,45;56,32;9,87;;Trafik;Haftaici;4;2011
24.04.2011;46,37;3,25;806,6;73,94;119,77;45,83;;Trafik;Haftasonu ;4;2011
23.04.2011;47,38;9,36;515,29;51,34;60,25;8,91;;Trafik;Haftasonu ;4;2011
22.04.2011;46,26;6,53;873,78;54,39;78,21;23,82;;Trafik;Haftaici;4;2011
21.04.2011;34,74;5,09;452,03;37,27;43,95;6,68;;Trafik;Haftaici;4;2011
20.04.2011;32,04;7,62;660,32;59,56;75,09;15,54;;Trafik;Haftaici;4;2011
19.04.2011;66,31;1,65;1063,39;81,61;146,98;65,38;;Trafik;Haftaici;4;2011
18.04.2011;89,4;4,24;982,78;65,4;119,88;54,48;;Trafik;Haftaici;4;2011
17.04.2011;106,33;8,73;1194,26;69,05;104,29;35,23;59,79;Trafik;Haftasonu ;4;2011
16.04.2011;46,88;12,52;696,04;79,15;99,97;20,82;;Trafik;Haftasonu ;4;2011
15.04.2011;58,5;11,02;1195,11;68,38;115,83;47,45;;Trafik;Haftaici;4;2011
14.04.2011;39,18;8,02;559,97;45,85;57,09;11,25;;Trafik;Haftaici;4;2011
13.04.2011;41,12;17,15;496,12;62,75;79,79;17,04;;Trafik;Haftaici;4;2011
12.04.2011;30,23;5,36;778,26;50,11;62,24;12,13;;Trafik;Haftaici;4;2011
11.04.2011;25,63;7,8;586,06;42,49;52,42;9,94;;Trafik;Haftaici;4;2011
10.04.2011;33,77;2,75;444,63;51,04;62,64;11,61;;Trafik;Haftasonu ;4;2011
9.04.2011;38,62;12,33;384,34;49,2;58,61;9,42;;Trafik;Haftasonu ;4;2011
8.04.2011;30,25;10;424,31;50,79;64,43;13,64;;Trafik;Haftaici;4;2011
7.04.2011;49,43;7,99;893,8;68,11;109,04;40,93;;Trafik;Haftaici;4;2011
6.04.2011;41,69;13,81;706,4;55,84;82,84;27,32;;Trafik;Haftaici;4;2011
5.04.2011;89,32;10,48;1487,98;79,05;165,27;86,36;;Trafik;Haftaici;4;2011
4.04.2011;82,63;9,64;1470,01;79,41;144;64,87;;Trafik;Haftaici;4;2011
3.04.2011;34,47;12,93;821,23;49,99;56,9;7,28;;Trafik;Haftasonu ;4;2011
2.04.2011;39,17;6,65;743,9;61,23;74,62;13,75;;Trafik;Haftasonu ;4;2011
1.04.2011;77,84;16,88;1239,81;77,1;114,04;37,09;;Trafik;Haftaici;4;2011
31.03.2011;101,69;22,15;1232,69;79,33;151,77;72,44;51,82;Trafik;Haftaici;3;2011
30.03.2011;90,44;21,31;1352,54;82,21;126,27;44,07;;Trafik;Haftaici;3;2011
29.03.2011;91,59;16,98;1175,87;81,7;147,23;65,54;;Trafik;Haftaici;3;2011
28.03.2011;;;;103,23;156,47;53,49;;Trafik;Haftaici;3;2011
24.03.2011;53,58;18,55;1333,21;123,32;134,95;11,86;;Trafik;Haftaici;3;2011
23.03.2011;57,43;13,17;688,26;98,61;100,5;2,73;37,32;Trafik;Haftaici;3;2011
22.03.2011;50,72;14,21;765,99;110,68;123;12,46;;Trafik;Haftaici;3;2011
21.03.2011;44,14;7,53;744,53;118,49;131,56;13,35;;Trafik;Haftaici;3;2011
20.03.2011;43,64;40,35;2158,8;167,13;215,51;48,74;;Trafik;Haftasonu ;3;2011
19.03.2011;135,32;40,42;4660,85;225,09;368,99;143,91;;Trafik;Haftasonu ;3;2011
18.03.2011;42,5;30,24;2018,72;201,24;278,88;77,65;;Trafik;Haftaici;3;2011
17.03.2011;154,34;62,32;;310,87;542,16;231,29;98,65;Trafik;Haftaici;3;2011
16.03.2011;180,22;62,61;7556,76;303,39;530,37;226,99;104,72;Trafik;Haftaici;3;2011
15.03.2011;131,17;54,23;5752,63;280,2;443,7;163,5;72,6;Trafik;Haftaici;3;2011
14.03.2011;137,71;47,68;4945,44;318,69;468,52;149,82;97,43;Trafik;Haftaici;3;2011
13.03.2011;132,92;57,97;5263,94;305,28;400,37;95,09;88,86;Trafik;Haftasonu ;3;2011
12.03.2011;140,81;67,81;5079,11;308,68;426,42;117,74;92,93;Trafik;Haftasonu ;3;2011
11.03.2011;88,49;65,54;2932,32;228,22;278,61;50,39;;Trafik;Haftaici;3;2011
10.03.2011;43,83;;2272,14;196,06;257,84;61,78;;Trafik;Haftaici;3;2011
9.03.2011;35,34;2,36;1194,03;206,45;254,58;48,12;;Trafik;Haftaici;3;2011
8.03.2011;29,06;3,48;1322,48;69,08;71,95;3,27;;Trafik;Haftaici;3;2011
7.03.2011;23,51;1,62;862,35;96,55;102,56;6,13;;Trafik;Haftaici;3;2011
6.03.2011;80,28;22;5326,63;286,88;499,63;212,75;60,61;Trafik;Haftasonu ;3;2011
5.03.2011;114,94;34,71;5846,63;251,72;437,76;186,06;;Trafik;Haftasonu ;3;2011
4.03.2011;75,3;63,67;2572,35;220,02;298,15;78,13;43,44;Trafik;Haftaici;3;2011
3.03.2011;122,75;38,32;4963,33;257,78;410,59;152,81;87,31;Trafik;Haftaici;3;2011
2.03.2011;58,75;58,54;2325,58;166,92;217,8;50,94;;Trafik;Haftaici;3;2011
1.03.2011;82,2;41,46;4536,75;237,09;405,94;168,85;55,2;Trafik;Haftaici;3;2011
28.02.2011;59,92;29,64;2159,57;161,46;194,12;32,66;38,63;Trafik;Haftaici;2;2011
27.02.2011;37,83;25,82;1574,72;125,31;140,47;15,23;;Trafik;Haftasonu ;2;2011
26.02.2011;42,05;23,42;2475,88;179,91;255,48;75,57;;Trafik;Haftasonu ;2;2011
25.02.2011;53,28;33,18;2102,45;126,08;144,98;19,43;;Trafik;Haftaici;2;2011
24.02.2011;81,01;19,77;1346,26;;;;54,28;Trafik;Haftaici;2;2011
23.02.2011;90,98;22,91;1590,33;;;;53,02;Trafik;Haftaici;2;2011
22.02.2011;87,04;26,87;;230,69;382,58;151,89;;Trafik;Haftaici;2;2011
21.02.2011;45,06;48,64;;191,04;261,75;70,72;;Trafik;Haftaici;2;2011
20.02.2011;59,1;19,67;;159,86;208,92;49,06;41,25;Trafik;Haftasonu ;2;2011
19.02.2011;91,38;11,82;;320,92;612,87;291,94;65,81;Trafik;Haftasonu ;2;2011
18.02.2011;143,46;63,53;;243,64;425,42;181,79;;Trafik;Haftaici;2;2011
17.02.2011;105,8;52,55;8014,99;298,9;457,44;158,54;;Trafik;Haftaici;2;2011
16.02.2011;125,11;41,88;7592,97;;;;89,37;Trafik;Haftaici;2;2011
15.02.2011;54,3;31,47;1949,32;;;;;Trafik;Haftaici;2;2011
14.02.2011;68,18;78,89;3935,86;;;;52,48;Trafik;Haftaici;2;2011
13.02.2011;114,05;55,67;8676,86;;;;;Trafik;Haftasonu ;2;2011
12.02.2011;111,92;81,09;5960,33;;;;75,28;Trafik;Haftasonu ;2;2011
11.02.2011;88,32;27,01;8184,59;;;;;Trafik;Haftaici;2;2011
10.02.2011;45,92;44,7;3298,42;;;;;Trafik;Haftaici;2;2011
9.02.2011;150,47;85,31;;551,43;939,96;388,53;106,85;Trafik;Haftaici;2;2011
8.02.2011;138,23;81,62;9850,9;568,01;973,73;405,72;;Trafik;Haftaici;2;2011
7.02.2011;248,67;137,11;10615,45;819,79;1374,13;554,33;154,71;Trafik;Haftaici;2;2011
6.02.2011;150,46;67,99;8641,08;580,78;973,98;393,2;100,91;Trafik;Haftasonu ;2;2011
5.02.2011;139,27;71,29;6314,88;528,95;741,3;212,36;91,84;Trafik;Haftasonu ;2;2011
4.02.2011;100,94;66,54;6243,04;383,07;550,18;167,12;79,8;Trafik;Haftaici;2;2011
3.02.2011;99,08;62,73;3829,48;458,6;573,57;114,96;64,66;Trafik;Haftaici;2;2011
2.02.2011;81,31;86,23;5786,82;403;568,71;165,71;;Trafik;Haftaici;2;2011
1.02.2011;88,23;46,53;4274,98;359,17;484,89;125,71;54,29;Trafik;Haftaici;2;2011
31.01.2011;65,17;31,42;3125,27;293,69;364,41;70,72;;Trafik;Haftaici;1;2011
30.01.2011;52,32;5,32;3080,01;249,83;319,11;69,27;;Trafik;Haftasonu ;1;2011
29.01.2011;39,68;11,69;2021,75;182,41;203,98;21,57;;Trafik;Haftasonu ;1;2011
28.01.2011;58,17;60,97;2660,9;239,9;278,87;38,97;48,21;Trafik;Haftaici;1;2011
27.01.2011;75,84;39,39;3893,33;353,92;520,1;166,18;;Trafik;Haftaici;1;2011
26.01.2011;60,35;10,59;3218,17;351,08;515,29;164,2;;Trafik;Haftaici;1;2011
25.01.2011;33,22;3,74;2727,38;368,84;488,35;119,51;;Trafik;Haftaici;1;2011
24.01.2011;39,3;25,58;4284,18;384,06;576,62;192,56;;Trafik;Haftaici;1;2011
23.01.2011;29,81;47,33;625,16;76,64;120,96;44,32;;Trafik;Haftasonu ;1;2011
22.01.2011;107,32;59,72;1564,48;78,96;254,62;176,12;73,11;Trafik;Haftasonu ;1;2011
21.01.2011;;53,99;5565,64;;;;311,7;Trafik;Haftaici;1;2011
20.01.2011;126,3;41,45;1795,41;55,46;285,53;230,26;109,6;Trafik;Haftaici;1;2011
19.01.2011;95,98;36,02;1032,32;90,38;230,68;140,3;58,82;Trafik;Haftaici;1;2011
18.01.2011;131,18;55,15;1712,51;;;;89,73;Trafik;Haftaici;1;2011
17.01.2011;128,96;51,07;1013,72;;;;74,92;Trafik;Haftaici;1;2011
16.01.2011;115;42,24;1993,54;87,98;159,21;71,23;89,06;Trafik;Haftasonu ;1;2011
15.01.2011;131,05;51,92;1884,04;;;;95,08;Trafik;Haftasonu ;1;2011
14.01.2011;98,74;21,67;1275,11;102,47;221,34;118,87;74,99;Trafik;Haftaici;1;2011
13.01.2011;104,23;20,59;899,31;79,07;159,1;80,03;;Trafik;Haftaici;1;2011
12.01.2011;74,99;20,55;1121,95;106,09;148,25;42,18;46,97;Trafik;Haftaici;1;2011
11.01.2011;79,17;26,05;816,95;94,32;186,28;91,96;47,82;Trafik;Haftaici;1;2011
10.01.2011;100,94;34,96;1027,94;75,68;269,15;193,64;47,24;Trafik;Haftaici;1;2011
9.01.2011;100,16;39,29;1250,5;85,22;249,42;164,23;46,73;Trafik;Haftasonu ;1;2011
8.01.2011;155,42;39,14;2209,99;;;;92,85;Trafik;Haftasonu ;1;2011
7.01.2011;44,93;14,18;934,62;71,42;113,89;42,68;;Trafik;Haftaici;1;2011
6.01.2011;69,07;16,78;1073,17;74,43;148,38;73,95;49,74;Trafik;Haftaici;1;2011
5.01.2011;63,38;18,32;987,43;74,13;147,67;73,54;;Trafik;Haftaici;1;2011
4.01.2011;63,69;27,32;1071,42;70,94;166,82;95,88;;Trafik;Haftaici;1;2011
3.01.2011;135,23;44,28;2460,52;;;;107,07;Trafik;Haftaici;1;2011
2.01.2011;137,92;43,33;1703,24;67,01;217,81;151,16;100,98;Trafik;Haftasonu ;1;2011
1.01.2011;72,23;47,1;1529,78;95,18;203,34;108,17;;Trafik;Haftasonu ;1;2011
31.12.2010;83,21;27,55;1692,72;79,41;154,13;74,72;;Trafik;Haftaici;12;2010
30.12.2010;37,85;12,94;972,45;56,83;119,94;63,16;;Trafik;Haftaici;12;2010
29.12.2010;214,25;69,37;3204,57;;;;121,72;Trafik;Haftaici;12;2010
28.12.2010;229,14;68,72;3951,63;;;;141,84;Trafik;Haftaici;12;2010
27.12.2010;241,98;98,64;1807,52;;;;;Trafik;Haftaici;12;2010
26.12.2010;261,65;103,82;4778,78;;;;;Trafik;Haftasonu ;12;2010
25.12.2010;148,5;42,96;2175,95;;;;;Trafik;Haftasonu ;12;2010
24.12.2010;65,25;21,9;838,3;38,93;113,25;74,34;;Trafik;Haftaici;12;2010
23.12.2010;;49,85;1141,25;;;;;Trafik;Haftaici;12;2010
22.12.2010;134,7;44,51;1491,89;50,96;221,83;171,09;;Trafik;Haftaici;12;2010
21.12.2010;189,57;65,55;2731,37;;;;;Trafik;Haftaici;12;2010
20.12.2010;128,29;63,52;1831,54;;;;;Trafik;Haftaici;12;2010
19.12.2010;155,02;70,62;2461,73;;;;;Trafik;Haftasonu ;12;2010
18.12.2010;79,2;24,78;1416,85;56,08;197,03;141,25;;Trafik;Haftasonu ;12;2010
17.12.2010;80,46;24,86;1155,95;50,42;148,45;98,22;;Trafik;Haftaici;12;2010
16.12.2010;23,61;24,95;110,91;46,53;70,78;24,31;;Trafik;Haftaici;12;2010
15.12.2010;127,93;42,16;1192,98;74,98;185,02;110,07;;Trafik;Haftaici;12;2010
14.12.2010;147,17;53,43;2946,37;67,28;226,6;159,36;138,31;Trafik;Haftaici;12;2010
13.12.2010;87,73;54,98;957,98;77,5;168,62;91,35;;Trafik;Haftaici;12;2010
12.12.2010;28,37;5,55;589,98;51,72;72,23;20,51;;Trafik;Haftasonu ;12;2010
11.12.2010;23,1;2,6;187,9;31,58;42,01;10,43;;Trafik;Haftasonu ;12;2010
10.12.2010;25,69;14,67;418,25;36,74;101,78;65,26;;Trafik;Haftaici;12;2010
9.12.2010;260,28;44,33;3723,8;;;;;Trafik;Haftaici;12;2010
8.12.2010;222,44;35,85;2355,32;;;;;Trafik;Haftaici;12;2010
7.12.2010;173,15;26,12;2135,37;;;;;Trafik;Haftaici;12;2010
6.12.2010;72,36;25,83;959,07;;;;51,66;Trafik;Haftaici;12;2010
5.12.2010;155;41,95;1644,95;;;;114,88;Trafik;Haftasonu ;12;2010
4.12.2010;233,64;36,57;3453,04;;;;148,17;Trafik;Haftasonu ;12;2010
3.12.2010;166,67;24,27;;;;;;Trafik;Haftaici;12;2010
2.12.2010;219,65;46,62;2827,62;;;;;Trafik;Haftaici;12;2010
1.12.2010;224,2;54,66;2661,96;;;;114,25;Trafik;Haftaici;12;2010
30.11.2010;278,16;41,78;4293,41;;;;156,19;Trafik;Haftaici;11;2010
29.11.2010;109,38;24,13;1514;;;;;Trafik;Haftaici;11;2010
28.11.2010;199,92;19,9;2115,75;22,37;179,54;157,18;134,97;Trafik;Haftasonu ;11;2010
27.11.2010;54,04;8,05;961,81;40,22;112,65;72,69;38,1;Trafik;Haftasonu ;11;2010
26.11.2010;28,85;9,45;292,2;40,14;70,92;30,78;;Trafik;Haftaici;11;2010
25.11.2010;39,28;11,68;746,59;49,17;123,96;74,81;;Trafik;Haftaici;11;2010
24.11.2010;29,24;12,68;579,61;60,14;121,34;61,22;;Trafik;Haftaici;11;2010
23.11.2010;169,67;31,18;1448,7;50,57;140,69;90,13;123,52;Trafik;Haftaici;11;2010
22.11.2010;189,06;27,48;1774,89;46,66;170,81;124,16;150,14;Trafik;Haftaici;11;2010
21.11.2010;192,16;39,64;2395,34;36,31;216,32;180,16;149,56;Trafik;Haftasonu ;11;2010
20.11.2010;191,28;14,93;2148,18;48,16;206,38;158,26;115,61;Trafik;Haftasonu ;11;2010
19.11.2010;145,99;15,15;1461,38;49,49;200,17;150,76;94,34;Trafik;Haftaici;11;2010
18.11.2010;125,91;15,64;1411,56;42,84;163,53;120,7;78,88;Trafik;Haftaici;11;2010
17.11.2010;105,56;26,75;1839,89;39,52;152,74;113,24;57,56;Trafik;Haftaici;11;2010
16.11.2010;103,74;15,52;1400,62;41,44;142,1;100,69;;Trafik;Haftaici;11;2010
15.11.2010;233,04;24,82;4340,95;;;;153,39;Trafik;Haftaici;11;2010
14.11.2010;218,4;20,85;1795,12;45,96;198,64;152,7;110,85;Trafik;Haftasonu ;11;2010
13.11.2010;251,64;31,96;2935,26;43,19;287,85;244,78;152,82;Trafik;Haftasonu ;11;2010
12.11.2010;286,28;39,21;4518,84;35,36;331,86;296,9;178,14;Trafik;Haftaici;11;2010
9.11.2010;115,32;26,5;2471,87;47,92;248,79;201,11;;Trafik;Haftaici;11;2010
8.11.2010;121,87;23,64;1635,84;48,42;238,82;190,4;;Trafik;Haftaici;11;2010
7.11.2010;118,59;21,34;2013,55;54,05;212,52;158,55;;Trafik;Haftasonu ;11;2010
6.11.2010;68,54;25,41;2014,43;58,77;253,71;194,98;;Trafik;Haftasonu ;11;2010
5.11.2010;217,15;22,65;2178,19;53,44;308,07;254,79;;Trafik;Haftaici;11;2010
4.11.2010;102,34;23,43;2832,77;52,21;319,31;267,16;;Trafik;Haftaici;11;2010
3.11.2010;240,13;25,47;1895,73;45,1;261,14;216,1;131,84;Trafik;Haftaici;11;2010
2.11.2010;261,47;22,24;1679,84;49,16;257,74;208,77;140,79;Trafik;Haftaici;11;2010
1.11.2010;245,28;16,61;1987,8;47,95;259,15;211,37;138,15;Trafik;Haftaici;11;2010
31.10.2010;126,12;17,12;1809,34;32,26;135,79;103,53;;Trafik;Haftasonu ;10;2010
30.10.2010;166,38;16,19;2274,59;43,91;157,97;114,1;113;Trafik;Haftasonu ;10;2010
29.10.2010;42,29;15,78;309,54;36,46;63,68;27,24;33,56;Trafik;Haftaici;10;2010
28.10.2010;37,88;;756,63;40,39;80,88;40,52;;Trafik;Haftaici;10;2010
27.10.2010;233,72;;1671,18;43,59;196,97;153,5;33,45;Trafik;Haftaici;10;2010
26.10.2010;248,17;11,37;1876,43;48,08;197,2;149,19;39,78;Trafik;Haftaici;10;2010
25.10.2010;153,35;14,81;1405,88;43,38;158,13;114,79;29,39;Trafik;Haftaici;10;2010
24.10.2010;68,35;4,08;883,62;35,44;66,5;31,07;22,5;Trafik;Haftasonu ;10;2010
23.10.2010;50,65;5,26;549,42;31,41;58,79;27,39;17,18;Trafik;Haftasonu ;10;2010
22.10.2010;35,21;;161,15;26,02;34,86;8,83;;Trafik;Haftaici;10;2010
21.10.2010;148,89;6,86;1700,4;33,88;159,86;126,23;26,28;Trafik;Haftaici;10;2010
20.10.2010;61,13;;1167,06;37,2;137,53;101,01;;Trafik;Haftaici;10;2010
19.10.2010;86,28;;820,6;39,57;118,23;78,96;27,31;Trafik;Haftaici;10;2010
18.10.2010;88,94;4,96;839,6;39,32;92,63;53,34;25,84;Trafik;Haftaici;10;2010
17.10.2010;147,31;5,06;1886,6;33,14;135,37;102,52;31,49;Trafik;Haftasonu ;10;2010
16.10.2010;104,77;7,49;2676,9;37,87;184,72;146,98;30,23;Trafik;Haftasonu ;10;2010
15.10.2010;102,07;6,86;1978,21;31,2;184,15;153,72;27,77;Trafik;Haftaici;10;2010
14.10.2010;49,9;1,6;900,08;38,69;124,91;86,27;27,52;Trafik;Haftaici;10;2010
13.10.2010;70,45;4,59;1318,4;40,14;143,32;103,44;37,44;Trafik;Haftaici;10;2010
12.10.2010;82,23;16,91;922,95;64,18;122,99;58,87;27,98;Trafik;Haftaici;10;2010
11.10.2010;112,89;20,14;1446,9;37,56;144,14;106,71;;Trafik;Haftaici;10;2010
10.10.2010;120,85;12,18;1453,52;40,49;137,59;97,18;34,27;Trafik;Haftasonu ;10;2010
9.10.2010;36,97;2,17;535,13;36,5;59,71;23,27;;Trafik;Haftasonu ;10;2010
8.10.2010;44,81;2,78;861,18;33,48;98,01;64,69;;Trafik;Haftaici;10;2010
7.10.2010;29,12;1,32;376,73;30,34;47,89;17,71;;Trafik;Haftaici;10;2010
6.10.2010;62,02;5,83;442,47;39,48;56,64;17,32;19,29;Trafik;Haftaici;10;2010
4.10.2010;39,2;4,25;315,98;31,22;51,64;20,52;19;Trafik;Haftaici;10;2010
3.10.2010;26,71;12,12;232,17;20,7;31,47;10,83;21,58;Trafik;Haftasonu ;10;2010
2.10.2010;35,58;7,3;308,36;32,8;45,83;13,22;23,76;Trafik;Haftasonu ;10;2010
1.10.2010;51,58;8,2;389,46;45,76;68,7;22,96;25,21;Trafik;Haftaici;10;2010
30.09.2010;38,99;4,73;339,77;37,43;52,47;15,04;;Trafik;Haftaici;9;2010
29.09.2010;129,69;5,98;658,79;36,19;103,37;67,18;25,31;Trafik;Haftaici;9;2010
28.09.2010;60,37;14,19;430,01;42,2;79,89;37,73;26,01;Trafik;Haftaici;9;2010
27.09.2010;129,79;6,29;898,21;33,43;116,55;83,34;32,93;Trafik;Haftaici;9;2010
26.09.2010;106,92;6,16;781,86;36,54;106,56;70,02;23,26;Trafik;Haftasonu ;9;2010
25.09.2010;97,13;6,71;1020,08;43,18;147,7;104,57;22,3;Trafik;Haftasonu ;9;2010
24.09.2010;51,13;1,8;345,36;29,88;46,25;16,37;18,77;Trafik;Haftaici;9;2010
23.09.2010;33,89;1,55;301,78;20,48;25,1;4,62;;Trafik;Haftaici;9;2010
22.09.2010;50,2;2,77;393,49;;;;24,57;Trafik;Haftaici;9;2010
21.09.2010;77,82;5,66;487,47;;;;45,16;Trafik;Haftaici;9;2010
18.09.2010;57,95;12,51;;;;;30,96;Trafik;Haftasonu ;9;2010
17.09.2010;73,69;4,8;;;;;44,52;Trafik;Haftaici;9;2010
16.09.2010;88,05;7,23;;;;;40,74;Trafik;Haftaici;9;2010
15.09.2010;89,33;10,03;;;;;37,33;Trafik;Haftaici;9;2010
14.09.2010;45,63;5,39;;;;;;Trafik;Haftaici;9;2010
13.09.2010;25,96;5;;;;;;Trafik;Haftaici;9;2010
12.09.2010;38,07;9,84;;;;;;Trafik;Haftasonu ;9;2010
11.09.2010;23,4;1,56;;;;;;Trafik;Haftasonu ;9;2010
10.09.2010;21,75;2,05;;;;;;Trafik;Haftaici;9;2010
9.09.2010;24,37;1,66;;;;;;Trafik;Haftaici;9;2010
8.09.2010;35,83;0,73;;;;;23,52;Trafik;Haftaici;9;2010
7.09.2010;40,04;3,75;;;;;;Trafik;Haftaici;9;2010
6.09.2010;34,06;0,29;;;;;;Trafik;Haftaici;9;2010
5.09.2010;45,98;3,82;;;;;;Trafik;Haftasonu ;9;2010
4.09.2010;83,32;7,95;;;;;;Trafik;Haftasonu ;9;2010
3.09.2010;34,9;1,93;;;;;;Trafik;Haftaici;9;2010
2.09.2010;35,63;10,96;;;;;;Trafik;Haftaici;9;2010
1.09.2010;71,66;4,23;;;;;;Trafik;Haftaici;9;2010
31.08.2010;84;3,12;;;;;;Trafik;Haftaici;8;2010
30.08.2010;82,44;9,86;;;;;35,2;Trafik;Haftaici;8;2010
29.08.2010;79,88;;;;;;32,04;Trafik;Haftasonu ;8;2010
28.08.2010;89,33;6,64;;48,64;148,46;99,97;45,45;Trafik;Haftasonu ;8;2010
27.08.2010;33,39;1,15;;34,13;61,86;27,73;19,36;Trafik;Haftaici;8;2010
26.08.2010;36,59;2,68;;17,86;23,2;5,34;;Trafik;Haftaici;8;2010
25.08.2010;43,99;5,42;;42,26;51,29;9,03;23,3;Trafik;Haftaici;8;2010
24.08.2010;54,53;7,18;313,96;57,35;89,89;32,65;32,15;Trafik;Haftaici;8;2010
23.08.2010;31,23;4,27;;30,37;54,18;23,82;;Trafik;Haftaici;8;2010
22.08.2010;20,86;2,11;122,9;13,41;15,36;1,95;;Trafik;Haftasonu ;8;2010
21.08.2010;24,36;4,13;91,16;21,81;26,86;5,05;;Trafik;Haftasonu ;8;2010
20.08.2010;48,97;9,19;191,01;32,1;37,02;5,13;26,72;Trafik;Haftaici;8;2010
19.08.2010;60,97;2,72;307;47,65;61,4;13,75;;Trafik;Haftaici;8;2010
18.08.2010;59,93;3,65;370,06;39,91;46,38;6,62;32,66;Trafik;Haftaici;8;2010
17.08.2010;65,47;4,12;440,84;54,92;83,81;28,88;;Trafik;Haftaici;8;2010
16.08.2010;40,12;1,81;99,32;21,91;24,02;2,3;;Trafik;Haftaici;8;2010
15.08.2010;45,33;1,26;205,73;16,06;18,42;2,51;25,11;Trafik;Haftasonu ;8;2010
14.08.2010;38,79;3,04;186,72;26,78;30,97;4,31;24,83;Trafik;Haftasonu ;8;2010
13.08.2010;42,15;3,57;291,07;52,27;72,43;20,23;;Trafik;Haftaici;8;2010
12.08.2010;55,13;12,97;326,9;43,9;54,47;10,57;23,71;Trafik;Haftaici;8;2010
11.08.2010;42,66;2,79;147,74;35,67;41,88;6,22;26,35;Trafik;Haftaici;8;2010
10.08.2010;42,6;4,86;206,98;35,21;39,91;4,71;;Trafik;Haftaici;8;2010
9.08.2010;43,91;3,41;251,65;29,96;34,15;4,19;;Trafik;Haftaici;8;2010
8.08.2010;55,33;1,35;466,26;34,5;62,59;28,11;32,74;Trafik;Haftasonu ;8;2010
7.08.2010;83,5;5,8;537,69;40,74;84,77;44,09;30,94;Trafik;Haftasonu ;8;2010
6.08.2010;82,02;3,82;446,33;45,19;75,24;30,09;36,15;Trafik;Haftaici;8;2010
5.08.2010;94,75;1,37;377,45;42,38;52,99;10,6;40,43;Trafik;Haftaici;8;2010
4.08.2010;84,34;12,31;673,86;50,86;111,54;60,69;34,28;Trafik;Haftaici;8;2010
3.08.2010;66,58;4,91;533,41;56,81;83,21;26,4;32,38;Trafik;Haftaici;8;2010
2.08.2010;62,95;11,52;380,27;39,28;47,67;8,4;29,34;Trafik;Haftaici;8;2010
1.08.2010;111,96;5,48;764,67;46,97;116,02;69,3;39,25;Trafik;Haftasonu ;8;2010
31.07.2010;64,8;4,12;355,33;47,14;69,48;22,55;37,39;Trafik;Haftasonu ;7;2010
30.07.2010;55,46;;418,41;35,71;44,53;8,81;;Trafik;Haftaici;7;2010
29.07.2010;41,04;1,52;346,1;17,62;21,26;3,82;26,01;Trafik;Haftaici;7;2010
28.07.2010;57,09;7,34;389,41;33,96;40,78;7,01;;Trafik;Haftaici;7;2010
27.07.2010;64,37;7,65;380,27;54,76;71,98;17,22;;Trafik;Haftaici;7;2010
26.07.2010;46,78;4,1;172,61;38,61;47,56;9,09;;Trafik;Haftaici;7;2010
25.07.2010;46,05;3,67;273,32;40,93;54,71;13,81;;Trafik;Haftasonu ;7;2010
24.07.2010;24,8;1,45;161,46;23,95;27,34;3,61;;Trafik;Haftasonu ;7;2010
23.07.2010;43,65;0,81;235,46;17,86;21,88;4,2;;Trafik;Haftaici;7;2010
22.07.2010;25,97;1,73;255,85;22,69;25,32;2,78;;Trafik;Haftaici;7;2010
21.07.2010;38;5,77;294,33;29,93;33,93;4,14;;Trafik;Haftaici;7;2010
20.07.2010;33,02;3,69;314,69;29,28;33,47;4,19;;Trafik;Haftaici;7;2010
19.07.2010;30,79;1,82;203,41;21,43;25,91;4,49;;Trafik;Haftaici;7;2010
18.07.2010;23,45;1,63;240,81;14,45;17,41;2,96;;Trafik;Haftasonu ;7;2010
17.07.2010;28,54;3,25;207,73;24,32;29,83;5,51;;Trafik;Haftasonu ;7;2010
16.07.2010;29,3;2;256,28;23,47;29,07;5,6;;Trafik;Haftaici;7;2010
15.07.2010;30,16;1,02;279,36;22,5;27,17;4,68;;Trafik;Haftaici;7;2010
14.07.2010;24,54;2,35;282,29;25,47;30,89;5,42;;Trafik;Haftaici;7;2010
13.07.2010;45,27;9,45;387,2;28,91;35,32;6,41;;Trafik;Haftaici;7;2010
12.07.2010;49,08;6,46;318,25;39;45,08;6,08;;Trafik;Haftaici;7;2010
11.07.2010;52,02;;410;39,14;46,41;7,27;;Trafik;Haftasonu ;7;2010
10.07.2010;51,12;;440,71;47,93;60,65;12,72;31,64;Trafik;Haftasonu ;7;2010
9.07.2010;55,58;;322,72;40,66;51,27;10,61;;Trafik;Haftaici;7;2010
8.07.2010;32,37;;398,15;38,06;47,71;9,66;;Trafik;Haftaici;7;2010
7.07.2010;35,65;9,25;;46,35;55;8,64;;Trafik;Haftaici;7;2010
6.07.2010;43,18;4,97;470,27;41,39;49,75;8,36;;Trafik;Haftaici;7;2010
5.07.2010;36,31;4,66;323,99;36,51;43,65;7,14;;Trafik;Haftaici;7;2010
4.07.2010;33,25;1,78;357,46;26,35;30,24;3,88;;Trafik;Haftasonu ;7;2010
3.07.2010;23,68;2,88;168,29;26,59;31,11;4,52;;Trafik;Haftasonu ;7;2010
2.07.2010;28,37;3,13;181,7;33,11;39,23;6,11;;Trafik;Haftaici;7;2010
1.07.2010;30,05;18,9;293,7;33,9;42,01;8,11;;Trafik;Haftaici;7;2010
30.06.2010;43,79;5,72;203,75;39,82;47,15;7,33;25,61;Trafik;Haftaici;6;2010
29.06.2010;30,31;8,08;152,08;33,21;40,96;7,75;30,79;Trafik;Haftaici;6;2010
28.06.2010;34,42;3,02;688,56;45,47;75,49;30,06;30,81;Trafik;Haftaici;6;2010
27.06.2010;27,29;2,9;428,92;36,59;44,69;8,1;31,64;Trafik;Haftasonu ;6;2010
26.06.2010;33,21;8,69;377,51;36,45;47,63;11,17;22,81;Trafik;Haftasonu ;6;2010
25.06.2010;28,2;7,59;362,67;47,73;73,32;25,59;;Trafik;Haftaici;6;2010
24.06.2010;32,18;21,39;306,44;33,7;48,69;14,99;23,4;Trafik;Haftaici;6;2010
23.06.2010;26,21;4,24;415,62;37,99;49,38;11,39;29,89;Trafik;Haftaici;6;2010
22.06.2010;48,35;8,61;309,13;44,39;60,76;16,37;29,44;Trafik;Haftaici;6;2010
21.06.2010;63,18;3,65;1256,65;43,82;89,23;45,48;;Trafik;Haftaici;6;2010
20.06.2010;35,03;7;388,55;53,05;76,94;23,9;21,44;Trafik;Haftasonu ;6;2010
19.06.2010;46,93;7,4;303,73;58,81;74,5;15,69;35,43;Trafik;Haftasonu ;6;2010
18.06.2010;29,13;7,29;239,08;34,17;41,57;7,4;32,97;Trafik;Haftaici;6;2010
17.06.2010;33,86;5,86;220,6;35,57;43,62;8,05;30,21;Trafik;Haftaici;6;2010
16.06.2010;37,37;7,59;164,53;34,35;38,8;4,45;31,82;Trafik;Haftaici;6;2010
15.06.2010;62,63;8,18;454,37;36,98;46,65;9,9;32,56;Trafik;Haftaici;6;2010
14.06.2010;65,71;7,98;225,86;40,21;50,48;10,45;39,27;Trafik;Haftaici;6;2010
13.06.2010;80,6;8,53;253,84;53;62,69;9,69;45,5;Trafik;Haftasonu ;6;2010
12.06.2010;85,36;8,87;988,22;82,13;157,05;75,04;42,24;Trafik;Haftasonu ;6;2010
11.06.2010;48,52;7,85;849,63;60,16;142,21;82,34;31;Trafik;Haftaici;6;2010
10.06.2010;26,87;6,29;229,84;43,81;56,37;12,7;27,77;Trafik;Haftaici;6;2010
9.06.2010;39,03;7,08;412,05;58,65;84,1;25,47;;Trafik;Haftaici;6;2010
8.06.2010;46,66;;441,37;64,46;79,26;14,8;30,76;Trafik;Haftaici;6;2010
7.06.2010;51,3;9,59;406,04;80,12;107,17;27,3;;Trafik;Haftaici;6;2010
6.06.2010;54,35;8,94;551,27;57,73;86,02;28,21;32,59;Trafik;Haftasonu ;6;2010
5.06.2010;60,17;11,69;352,36;64,39;87,66;23,26;25,87;Trafik;Haftasonu ;6;2010
4.06.2010;98,66;11,35;579,08;63,16;136,2;73,04;45,38;Trafik;Haftaici;6;2010
3.06.2010;78,55;18,63;275,07;57,71;78,71;21,01;38,02;Trafik;Haftaici;6;2010
2.06.2010;48,99;14,97;418,49;70,91;92,63;21,72;;Trafik;Haftaici;6;2010
1.06.2010;63,25;13,4;490,77;61,02;110,8;49,83;37,32;Trafik;Haftaici;6;2010
31.05.2010;43,72;11,17;332,21;52,86;65,38;12,51;34,53;Trafik;Haftaici;5;2010
30.05.2010;43,44;17,06;456,34;64,13;112,21;48,09;31,13;Trafik;Haftasonu ;5;2010
29.05.2010;35,77;9,35;213,73;59,13;70,89;11,76;28,74;Trafik;Haftasonu ;5;2010
28.05.2010;39,57;8,16;267,56;54,98;65,92;10,94;27,26;Trafik;Haftaici;5;2010
27.05.2010;37,48;10,34;275,55;52,45;62,47;10,02;29,73;Trafik;Haftaici;5;2010
26.05.2010;67,53;;831,25;79,31;164,11;84,8;;Trafik;Haftaici;5;2010
25.05.2010;33,73;6,8;498,5;73,88;104,33;30,45;43,36;Trafik;Haftaici;5;2010
24.05.2010;72,21;18,64;965,52;58,69;138,29;79,85;42,01;Trafik;Haftaici;5;2010
23.05.2010;71,34;6,47;582,73;63,66;84,49;21,01;;Trafik;Haftasonu ;5;2010
22.05.2010;33,39;3,93;838,47;80,07;129,05;49,12;;Trafik;Haftasonu ;5;2010
21.05.2010;39,61;12,88;309,75;68,43;80,99;12,76;60,46;Trafik;Haftaici;5;2010
20.05.2010;35,44;13,16;454,84;60,84;74,57;13,96;29,29;Trafik;Haftaici;5;2010
19.05.2010;25,91;10,61;406,38;65,31;100,07;34,76;39;Trafik;Haftaici;5;2010
18.05.2010;40,15;12,79;577,59;61,58;71,86;10,52;29,67;Trafik;Haftaici;5;2010
17.05.2010;37,87;10,17;398,82;75,68;101,97;26,32;33,61;Trafik;Haftaici;5;2010
16.05.2010;129,19;7,9;203,88;68,24;81,43;13,19;62,49;Trafik;Haftasonu ;5;2010
15.05.2010;65,59;14,97;470,42;75,84;109,37;33,58;34,53;Trafik;Haftasonu ;5;2010
14.05.2010;88,93;16,65;317,04;65,74;82,26;16,51;52,25;Trafik;Haftaici;5;2010
13.05.2010;85,28;15,72;598,16;67,98;134,94;66,95;31,5;Trafik;Haftaici;5;2010
12.05.2010;59,4;14,49;736,4;67,21;169,83;102,62;36,2;Trafik;Haftaici;5;2010
11.05.2010;37,23;12,76;516,06;80,69;104,39;23,7;45,92;Trafik;Haftaici;5;2010
10.05.2010;28,56;8,22;221,73;50,12;59,3;9,18;31;Trafik;Haftaici;5;2010
9.05.2010;79,65;16,25;818,3;67,87;113,57;45,75;50,51;Trafik;Haftasonu ;5;2010
8.05.2010;55,63;19,37;495,73;90,36;143,21;52,85;29,55;Trafik;Haftasonu ;5;2010
7.05.2010;72,8;14,83;605,23;90,43;153,82;63,39;38,81;Trafik;Haftaici;5;2010
6.05.2010;87,66;28,58;897,43;81,75;193,25;111,57;39,25;Trafik;Haftaici;5;2010
5.05.2010;57,75;36,08;632,5;82,93;158,41;75,48;39,72;Trafik;Haftaici;5;2010
4.05.2010;42,55;22,87;594,75;77,88;100,61;22,73;30,87;Trafik;Haftaici;5;2010
3.05.2010;45,77;16,52;583,07;86,88;125,65;38,77;32,53;Trafik;Haftaici;5;2010
2.05.2010;36,85;15,06;335,05;63,79;75,38;11,59;32,46;Trafik;Haftasonu ;5;2010
1.05.2010;44,7;12,61;826,25;46,21;81,37;35,42;36,27;Trafik;Haftasonu ;5;2010
30.04.2010;28,02;10,55;238,67;35,6;39,85;4,44;24,48;Trafik;Haftaici;4;2010
29.04.2010;20,81;8,33;167,86;25,96;29,01;3,05;30,78;Trafik;Haftaici;4;2010
28.04.2010;45,92;12,76;467,42;53,62;66,05;12,59;34,07;Trafik;Haftaici;4;2010
27.04.2010;32,6;9,41;400,11;44,16;48,86;4,92;34,29;Trafik;Haftaici;4;2010
26.04.2010;32,57;9,85;189,73;31,58;34,77;3,38;34,94;Trafik;Haftaici;4;2010
25.04.2010;46,22;14,8;478,68;70,1;75,42;5,53;31,1;Trafik;Haftasonu ;4;2010
24.04.2010;90,83;13,43;1088,76;72,5;177,93;105,44;46,66;Trafik;Haftasonu ;4;2010
23.04.2010;60,19;13,14;730,01;63,3;89,92;26,62;37,38;Trafik;Haftaici;4;2010
22.04.2010;56,75;10,12;564,31;62,71;78,56;15,94;33,78;Trafik;Haftaici;4;2010
21.04.2010;36,76;10,42;168,46;53,35;67,68;14,33;26,09;Trafik;Haftaici;4;2010
20.04.2010;64,1;;1044,4;67,97;152,76;84,86;37,81;Trafik;Haftaici;4;2010
19.04.2010;52,18;18,7;564,8;66,52;83,8;17,28;37,13;Trafik;Haftaici;4;2010
18.04.2010;47,01;7,59;769,47;60,79;82,23;21,44;29,07;Trafik;Haftasonu ;4;2010
17.04.2010;52,39;13,49;303,04;59,82;72,9;13,08;39,8;Trafik;Haftasonu ;4;2010
16.04.2010;54,2;18,91;637,11;73,35;120,04;46,69;36,92;Trafik;Haftaici;4;2010
15.04.2010;87,78;21,96;;70,83;158,64;87,82;55,73;Trafik;Haftaici;4;2010
14.04.2010;46,26;10,03;633,38;79,24;97,98;18,74;38,71;Trafik;Haftaici;4;2010
13.04.2010;73,68;17,71;982,94;82,65;152,64;69,99;44,84;Trafik;Haftaici;4;2010
12.04.2010;34,3;;737,95;65,06;83,65;18,6;29,64;Trafik;Haftaici;4;2010
11.04.2010;36,94;19,29;468,02;40,87;44,82;3,95;27,85;Trafik;Haftasonu ;4;2010
10.04.2010;75,48;18,57;1003,74;64,89;144,71;79,83;49,12;Trafik;Haftasonu ;4;2010
9.04.2010;24,91;11,56;467,63;49,86;66,12;16,26;27,98;Trafik;Haftaici;4;2010
8.04.2010;45,65;;715,15;;;;27,78;Trafik;Haftaici;4;2010
7.04.2010;33,05;9,42;579,89;;;;25,61;Trafik;Haftaici;4;2010
6.04.2010;42,47;12,39;489,02;;;;31,78;Trafik;Haftaici;4;2010
5.04.2010;58,11;17,84;863;;;;41,5;Trafik;Haftaici;4;2010
4.04.2010;36,71;13,79;809,93;;;;31,12;Trafik;Haftasonu ;4;2010
3.04.2010;45,96;12,29;574,1;;;;48,09;Trafik;Haftasonu ;4;2010
2.04.2010;35,9;12,62;319,86;;;;28,61;Trafik;Haftaici;4;2010
1.04.2010;80,96;15,78;1067,39;;;;44,41;Trafik;Haftaici;4;2010
31.03.2010;78,4;13,15;1173,72;;;;49,01;Trafik;Haftaici;3;2010
30.03.2010;57,55;6,79;1197,99;;;;35,6;Trafik;Haftaici;3;2010
29.03.2010;25,96;9,06;544,49;;;;28,98;Trafik;Haftaici;3;2010
28.03.2010;60,69;11,94;271,74;;;;32,39;Trafik;Haftasonu ;3;2010
27.03.2010;123,35;19,97;1501,63;;;;65,24;Trafik;Haftasonu ;3;2010
26.03.2010;52,38;13,37;587,27;;;;31,2;Trafik;Haftaici;3;2010
25.03.2010;75,26;28,51;1025,62;;;;39,49;Trafik;Haftaici;3;2010
24.03.2010;141,16;29,39;1708,58;;;;64,85;Trafik;Haftaici;3;2010
23.03.2010;60,17;28,33;876,3;;;;49,88;Trafik;Haftaici;3;2010
22.03.2010;119,52;39,35;1599,12;;;;59,94;Trafik;Haftaici;3;2010
21.03.2010;136,82;37,44;1788,26;;;;81,69;Trafik;Haftasonu ;3;2010
20.03.2010;119,75;27,02;1631,05;;;;70,36;Trafik;Haftasonu ;3;2010
19.03.2010;65,98;19,31;947,16;;;;41,19;Trafik;Haftaici;3;2010
18.03.2010;53,57;14,09;755,24;;;;34,93;Trafik;Haftaici;3;2010
17.03.2010;39,43;10,49;391,69;;;;33,79;Trafik;Haftaici;3;2010
16.03.2010;53,44;10,84;657,62;;;;32,87;Trafik;Haftaici;3;2010
15.03.2010;54,91;2,78;454,46;;;;35,37;Trafik;Haftaici;3;2010
14.03.2010;51,25;13,59;666,13;;;;35,64;Trafik;Haftasonu ;3;2010
13.03.2010;89,53;11,99;1188,33;;;;50,92;Trafik;Haftasonu ;3;2010
12.03.2010;105,38;23,48;707,94;;;;50,93;Trafik;Haftaici;3;2010
11.03.2010;204,2;17,89;3494,97;;;;126,91;Trafik;Haftaici;3;2010
10.03.2010;77,52;31,87;984,03;;;;42,53;Trafik;Haftaici;3;2010
9.03.2010;114,01;33,97;488,01;;;;58,95;Trafik;Haftaici;3;2010
8.03.2010;119,48;7,06;2038,02;41,48;128,75;87,56;59,19;Trafik;Haftaici;3;2010
7.03.2010;89,68;22,62;1496,38;58,47;116,83;58,55;63,62;Trafik;Haftasonu ;3;2010
6.03.2010;24,03;10,32;513,71;50,07;77,56;27,63;29,86;Trafik;Haftasonu ;3;2010
5.03.2010;42,87;16,14;804,17;59,63;114,74;55,19;38,32;Trafik;Haftaici;3;2010
4.03.2010;92,21;30,37;1289,55;51,06;106,31;55,25;56,82;Trafik;Haftaici;3;2010
3.03.2010;43,54;14,02;640;43,15;57,9;14,75;33,36;Trafik;Haftaici;3;2010
2.03.2010;49,98;22,34;416,14;46,82;79,27;32,46;29,57;Trafik;Haftaici;3;2010
1.03.2010;151,49;19,22;2140,17;40,46;188,96;148,59;78,83;Trafik;Haftaici;3;2010
28.02.2010;64,11;15,64;924,57;38,53;80,52;42,06;39,06;Trafik;Haftasonu ;2;2010
27.02.2010;49,22;22;997,1;55,52;94,84;39,32;36,91;Trafik;Haftasonu ;2;2010
26.02.2010;92,49;7,09;1829,19;54,69;163,51;108,86;66,21;Trafik;Haftaici;2;2010
25.02.2010;95,72;14,84;2120,52;45,95;163,08;117,26;77,3;Trafik;Haftaici;2;2010
24.02.2010;90,01;13,15;2158,51;58,19;142,62;84,43;56,96;Trafik;Haftaici;2;2010
23.02.2010;73,97;24,11;1055,11;62,68;121,56;58,88;41,11;Trafik;Haftaici;2;2010
22.02.2010;75,7;14,74;;;;;46,53;Trafik;Haftaici;2;2010
21.02.2010;34,06;11,99;;50,36;72,78;22,59;32,07;Trafik;Haftasonu ;2;2010
20.02.2010;139,23;38,55;;51,09;121,15;70,3;68,34;Trafik;Haftasonu ;2;2010
19.02.2010;128,44;29,57;1716,56;45,42;174,19;129,02;61,56;Trafik;Haftaici;2;2010
18.02.2010;114,31;39,61;1244,63;58,83;135,1;76,56;43,89;Trafik;Haftaici;2;2010
17.02.2010;285,44;43,25;4454,7;63,43;158,53;95,34;159,99;Trafik;Haftaici;2;2010
16.02.2010;87,14;20,96;1351,36;55,53;130,98;75,46;53,55;Trafik;Haftaici;2;2010
15.02.2010;84,67;18,87;528,61;44,67;72,83;28,16;41,69;Trafik;Haftaici;2;2010
14.02.2010;111,3;24,64;1192,72;42,83;102,99;60,16;57,4;Trafik;Haftasonu ;2;2010
13.02.2010;93,67;26,34;381,85;29,72;40,1;10,6;37,63;Trafik;Haftasonu ;2;2010
12.02.2010;135,09;11,49;3247,35;;;;84;Trafik;Haftaici;2;2010
11.02.2010;50,39;29,45;677,42;41,77;60,16;18,39;29,03;Trafik;Haftaici;2;2010
10.02.2010;37,49;29,56;713,84;48,12;66,48;18,36;30,05;Trafik;Haftaici;2;2010
9.02.2010;112,26;20,83;2484,75;62,76;158,6;95,84;87,23;Trafik;Haftaici;2;2010
8.02.2010;33,39;16,42;1095,26;44,2;59,45;15,25;31,57;Trafik;Haftaici;2;2010
7.02.2010;36,61;35,59;599,44;56,84;76,44;19,6;15,75;Trafik;Haftasonu ;2;2010
6.02.2010;99,15;28,07;1974,26;92,48;186,54;94,06;53,95;Trafik;Haftasonu ;2;2010
5.02.2010;55,16;25,86;1026,75;76,32;120,36;44,04;36,03;Trafik;Haftaici;2;2010
4.02.2010;36,86;25,53;195,59;68,73;96,25;27,52;21,41;Trafik;Haftaici;2;2010
3.02.2010;28,48;2,54;198,57;61,76;85,76;24;18,3;Trafik;Haftaici;2;2010
2.02.2010;19,79;21,5;;42,17;56,59;14,42;6,84;Trafik;Haftaici;2;2010
1.02.2010;42,9;24,4;334,22;72,01;112,74;40,73;17,77;Trafik;Haftaici;2;2010
31.01.2010;93,65;13,86;1196,26;70,87;132,75;61,88;67,51;Trafik;Haftasonu ;1;2010
30.01.2010;58,86;24,01;1255,82;68,74;125,8;57,06;44,6;Trafik;Haftasonu ;1;2010
29.01.2010;28,47;27,82;;67,49;104,11;36,82;19,73;Trafik;Haftaici;1;2010
28.01.2010;170,8;12,34;1788,7;98,81;171,18;72,52;149,62;Trafik;Haftaici;1;2010
27.01.2010;105,58;34,58;777,81;87,98;127,63;39,65;67,58;Trafik;Haftaici;1;2010
26.01.2010;45,12;15,07;781,59;57,5;79,2;21,7;23,92;Trafik;Haftaici;1;2010
25.01.2010;39,01;8,28;344,62;52,58;74,02;21,44;24,25;Trafik;Haftaici;1;2010
24.01.2010;30,33;8,2;297,44;44,11;58,91;14,96;19,35;Trafik;Haftasonu ;1;2010
23.01.2010;44,57;6,63;533,85;69,98;118,62;48,8;41,28;Trafik;Haftasonu ;1;2010
22.01.2010;46,55;11,07;;53,46;70,06;16,61;34,92;Trafik;Haftaici;1;2010
21.01.2010;49,3;10,07;800,3;75,95;155,55;79,53;25,33;Trafik;Haftaici;1;2010
20.01.2010;154,71;16,65;1871,6;78,72;231,76;153,17;83,9;Trafik;Haftaici;1;2010
19.01.2010;90,98;10,55;1217,62;77,16;192,23;115,07;74,08;Trafik;Haftaici;1;2010
18.01.2010;59,6;;629,84;58,11;91,32;33,29;35,83;Trafik;Haftaici;1;2010
17.01.2010;39,26;5,38;655,3;50,07;86,87;36,8;29,56;Trafik;Haftasonu ;1;2010
16.01.2010;60,62;6,37;;53,93;95,36;41,43;54,29;Trafik;Haftasonu ;1;2010
15.01.2010;96,58;5,1;1727,51;85,4;238,23;152,82;74,84;Trafik;Haftaici;1;2010
14.01.2010;60,45;5,76;641,86;71,54;119,03;47,49;42,9;Trafik;Haftaici;1;2010
13.01.2010;61,9;9,92;877,36;76,55;141,45;64,9;52,22;Trafik;Haftaici;1;2010
12.01.2010;72,07;28,53;1262,83;80,27;137,01;56,74;35,85;Trafik;Haftaici;1;2010
11.01.2010;;14,78;;89,56;212,5;122,94;29,09;Trafik;Haftaici;1;2010
10.01.2010;;48,1;3424,55;86,14;338,93;252,79;136,38;Trafik;Haftasonu ;1;2010
9.01.2010;199,77;48,44;360,5;93,81;270,85;177,04;122,62;Trafik;Haftasonu ;1;2010
8.01.2010;242,59;49,44;3290,97;115,67;413,07;297,4;130,48;Trafik;Haftaici;1;2010
7.01.2010;213,31;55,01;2009,26;110,72;406,72;296;135,06;Trafik;Haftaici;1;2010
6.01.2010;247,5;40,82;2939,17;96,14;315,99;219,84;;Trafik;Haftaici;1;2010
5.01.2010;110,36;16,09;2298,52;84,85;185,86;101,01;;Trafik;Haftaici;1;2010
4.01.2010;47,15;6,8;1435,53;58,99;89,88;30,89;25,63;Trafik;Haftaici;1;2010
3.01.2010;19;3,3;1458,28;64,49;95,07;30,58;14,86;Trafik;Haftasonu ;1;2010
2.01.2010;34,29;10,18;1059,35;57,09;77,36;20,52;13,03;Trafik;Haftasonu ;1;2010
1.01.2010;83,26;52,91;938;70,2;128,83;58,63;44,04;Trafik;Haftaici;1;2010
;#REF!;;;;;;;;;;
;;;;;;;;;;;
;;;;;;;;;;;
;;;;;;;;;;;
;;;;;;;;;;;
;;;;;;;;;;;
;;;;;;;;;;;
;;;;;;;;;;;
;;;;;;;;;;;
;;;;;;;;;;;
;;;;;;;;;;;
;;;;;;;;;;;
;;;;;;;;;;;
;;;;;;;;;;;
;;;;;;;;;;;
;;;;;;;;;;;
;;;;;;;;;;;
;;;;;;;;;;;
;;;;;;;;;;;
;;;;;;;;;;;
;;;;;;;;;;;
;;;;;;;;;;;
;;;;;;;;;;;
;;;;;;;;;;;
;;;;;;;;;;;
;;;;;;;;;;;
;;;;;;;;;;;
;;;;;;;;;;;
;;;;;;;;;;;
;;;;;;;;;;;
;;;;;;;;;;;
;;;;;;;;;;;
;;;;;;;;;;;
;;;;;;;;;;;
;;;;;;;;;;;
;;;;;;;;;;;
;;;;;;;;;;;
;;;;;;;;;;;
;;;;;;;;;;;
;;;;;;;;;;;
;;;;;;;;;;;
;;;;;;;;;;;
;;;;;;;;;;;
;;;;;;;;;;;
;;;;;;;;;;;
;;;;;;;;;;;
;;;;;;;;;;;
;;;;;;;;;;;
;;;;;;;;;;;
;;;;;;;;;;;
;;;;;;;;;;;
;;;;;;;;;;;
;;;;;;;;;;;
;;;;;;;;;;;
;;;;;;;;;;;
;;;;;;;;;;;
;;;;;;;;;;;
;;;;;;;;;;;
;;;;;;;;;;;
;;;;;;;;;;;
;;;;;;;;;;;
;;;;;;;;;;;
;;;;;;;;;;;
;;;;;;;;;;;
31.03.2019;21,98;8,14;605,75;19,42;35,79;16,37;11,15;Sanayi;Haftasonu ;3;2019
30.03.2019;28,22;3,45;371,47;14,55;27,45;12,9;10,22;Sanayi;Haftasonu ;3;2019
29.03.2019;29,61;2,26;435,28;13,29;25,96;12,67;10,69;Sanayi;Haftaici;3;2019
28.03.2019;29,28;5,69;692,27;20,97;39,22;18,26;10,37;Sanayi;Haftaici;3;2019
27.03.2019;45,21;8,42;764,9;22,28;40,24;17,96;12,65;Sanayi;Haftaici;3;2019
26.03.2019;44,54;6,07;1125,81;27,8;61,25;33,45;16,57;Sanayi;Haftaici;3;2019
25.03.2019;28,98;7,33;813,4;23,3;49,88;26,58;14,83;Sanayi;Haftaici;3;2019
24.03.2019;19,62;4,88;592,84;16,24;36,33;20,09;12,13;Sanayi;Haftasonu ;3;2019
23.03.2019;31,14;2,55;436,65;15,25;26,5;11,25;6,84;Sanayi;Haftasonu ;3;2019
22.03.2019;45,77;5,33;732,11;25,05;44,88;19,83;13,08;Sanayi;Haftaici;3;2019
21.03.2019;26,89;5,25;621,17;19,57;38,84;19,27;11,96;Sanayi;Haftaici;3;2019
20.03.2019;40,22;6;656,81;22,43;39,36;16,94;16,53;Sanayi;Haftaici;3;2019
19.03.2019;47,98;5,3;968,9;26,7;55,59;28,88;18,02;Sanayi;Haftaici;3;2019
18.03.2019;42,6;6,41;1006,43;22,41;49,86;27,45;14,41;Sanayi;Haftaici;3;2019
17.03.2019;20,77;3,97;509,65;20,71;36,98;16,28;10,48;Sanayi;Haftasonu ;3;2019
16.03.2019;20,78;3,56;813,03;26,29;52,46;26,17;25,65;Sanayi;Haftasonu ;3;2019
15.03.2019;24,15;3,2;944,7;25,64;50,82;25,18;16,64;Sanayi;Haftaici;3;2019
14.03.2019;52,7;6,05;945,02;88,88;165,71;74,94;20,26;Sanayi;Haftaici;3;2019
13.03.2019;32,77;3,35;710,74;78,04;158,41;80,36;11,45;Sanayi;Haftaici;3;2019
12.03.2019;33,39;2,61;625,36;88,88;165,71;74,94;13,75;Sanayi;Haftaici;3;2019
11.03.2019;45,09;5,5;926,84;88,88;165,71;74,94;15,82;Sanayi;Haftaici;3;2019
10.03.2019;48,12;14,27;710,72;88,88;165,71;74,94;16,42;Sanayi;Haftasonu ;3;2019
9.03.2019;48,13;6,25;1122,52;88,88;165,71;74,94;13,87;Sanayi;Haftasonu ;3;2019
8.03.2019;41,84;5,45;1019,49;88,88;165,71;74,94;12,77;Sanayi;Haftaici;3;2019
7.03.2019;39,65;4,13;949,75;88,88;165,71;74,94;15,08;Sanayi;Haftaici;3;2019
6.03.2019;43,73;18,95;934,13;88,88;165,71;74,94;16,13;Sanayi;Haftaici;3;2019
5.03.2019;39,61;4,16;1056,1;88,88;165,71;74,94;15,04;Sanayi;Haftaici;3;2019
4.03.2019;64,45;7,22;1056,04;88,88;165,71;74,94;16,14;Sanayi;Haftaici;3;2019
3.03.2019;36,24;8,04;788,78;88,88;165,71;74,94;12,2;Sanayi;Haftasonu ;3;2019
2.03.2019;42,71;11,58;784,23;88,88;165,71;74,94;13,26;Sanayi;Haftasonu ;3;2019
1.03.2019;49,25;16,25;1236,07;100,13;243,17;143,04;14,11;Sanayi;Haftaici;3;2019
28.02.2019;30,23;7,38;942,68;70,51;138,19;67,68;13,19;Sanayi;Haftaici;2;2019
27.02.2019;30,89;2,86;711,53;76,2;132,58;56,38;12,58;Sanayi;Haftaici;2;2019
26.02.2019;46,67;7,17;755,06;88,85;166,68;77,82;19,76;Sanayi;Haftaici;2;2019
25.02.2019;46,3;7,63;882,35;71,23;157,42;86,18;17,46;Sanayi;Haftaici;2;2019
24.02.2019;34,29;7,76;928,03;74,32;155,1;80,77;18,24;Sanayi;Haftasonu ;2;2019
23.02.2019;44,52;8,12;958,38;86,57;169,02;82,46;15,56;Sanayi;Haftasonu ;2;2019
22.02.2019;68,53;8,58;1399,15;106,54;228,3;121,76;25,51;Sanayi;Haftaici;2;2019
21.02.2019;41,34;17,36;941,17;94,4;183,07;88,67;;Sanayi;Haftaici;2;2019
20.02.2019;57,9;13,31;1180,56;79,95;173,18;93,23;16,94;Sanayi;Haftaici;2;2019
19.02.2019;65,08;16,74;1167,37;;;;22,21;Sanayi;Haftaici;2;2019
18.02.2019;61,71;27,72;1026,14;;;;17,06;Sanayi;Haftaici;2;2019
17.02.2019;45,85;12,2;1347,18;92,69;201,22;108,54;17,79;Sanayi;Haftasonu ;2;2019
16.02.2019;58,52;13,95;813,4;68,67;134,65;65,98;10,56;Sanayi;Haftasonu ;2;2019
15.02.2019;30,4;12,49;747,34;;;;10,15;Sanayi;Haftaici;2;2019
14.02.2019;36,68;11,59;825,82;;;;9,55;Sanayi;Haftaici;2;2019
13.02.2019;46,97;12,91;531,21;;;;15,19;Sanayi;Haftaici;2;2019
12.02.2019;37,82;10,68;828,79;;;;9,09;Sanayi;Haftaici;2;2019
11.02.2019;35,36;10,99;919,43;73,17;146,48;73,31;14,17;Sanayi;Haftaici;2;2019
10.02.2019;35,34;11,02;800,1;;;;9,69;Sanayi;Haftasonu ;2;2019
9.02.2019;45,99;13,46;1017,57;80,46;196,54;116,09;10,43;Sanayi;Haftasonu ;2;2019
8.02.2019;35,75;9,51;807,71;88,25;184,5;96,26;17,52;Sanayi;Haftaici;2;2019
7.02.2019;44,2;12,89;1260,25;81,38;208,69;127,31;14,24;Sanayi;Haftaici;2;2019
6.02.2019;63,63;19,08;1041,93;83,11;183,53;100,42;29,06;Sanayi;Haftaici;2;2019
5.02.2019;67,22;19,99;1135,47;96,29;201,66;105,37;24,38;Sanayi;Haftaici;2;2019
4.02.2019;89,45;17,05;1676,92;109,84;249,62;139,78;25,03;Sanayi;Haftaici;2;2019
3.02.2019;51,99;12,24;1378,63;90,34;220,04;129,7;20,15;Sanayi;Haftasonu ;2;2019
2.02.2019;70,43;16,38;1422,39;97,93;230,76;132,82;20,6;Sanayi;Haftasonu ;2;2019
1.02.2019;25,75;15,13;1106,79;80,12;157,98;77,86;5,49;Sanayi;Haftaici;2;2019
31.01.2019;24,07;2,33;490,5;55,86;94,61;38,75;11,04;Sanayi;Haftaici;1;2019
30.01.2019;42,56;3,82;646,48;65,05;108,82;43,77;12,17;Sanayi;Haftaici;1;2019
29.01.2019;46,43;4,8;725,86;77,32;142,65;65,34;14,6;Sanayi;Haftaici;1;2019
28.01.2019;41,08;3,52;1178,71;84,91;189,39;104,48;12,2;Sanayi;Haftaici;1;2019
27.01.2019;44,16;3,17;1132,56;81,83;186,31;104,48;19,19;Sanayi;Haftasonu ;1;2019
26.01.2019;29,55;1,92;415,16;54,47;85,68;31,21;10,07;Sanayi;Haftasonu ;1;2019
25.01.2019;33,19;3,75;440,94;55,88;88,21;32,33;7,02;Sanayi;Haftaici;1;2019
24.01.2019;69,24;6,95;830,67;78,93;156,43;77,49;17,06;Sanayi;Haftaici;1;2019
23.01.2019;52,02;9,19;989,1;82,32;174,75;92,44;18,85;Sanayi;Haftaici;1;2019
22.01.2019;76,91;14,32;1758,64;100,93;249,38;148,45;27,72;Sanayi;Haftaici;1;2019
21.01.2019;86,51;9,91;1997,41;;;;;Sanayi;Haftaici;1;2019
20.01.2019;56,69;7,32;944,03;;;;;Sanayi;Haftasonu ;1;2019
19.01.2019;61,68;8,21;1086,23;;;;;Sanayi;Haftasonu ;1;2019
18.01.2019;35,67;5,57;551,33;;;;;Sanayi;Haftaici;1;2019
17.01.2019;39,82;7,7;1291,33;;;;21,09;Sanayi;Haftaici;1;2019
16.01.2019;32,87;7,88;758,55;;;;14,98;Sanayi;Haftaici;1;2019
15.01.2019;19,51;6,09;445,76;;;;14,28;Sanayi;Haftaici;1;2019
14.01.2019;23,07;3,54;1303,36;90,14;219,38;129,24;;Sanayi;Haftaici;1;2019
13.01.2019;54,51;5,87;1293;86,86;180,25;93,39;36,41;Sanayi;Haftasonu ;1;2019
12.01.2019;52,2;8,13;1483,67;94,14;208,7;114,56;33,22;Sanayi;Haftasonu ;1;2019
11.01.2019;34,22;8,19;1096,73;103,41;220,45;117,04;22,53;Sanayi;Haftaici;1;2019
10.01.2019;100,24;22,19;2118,34;113,25;261,18;147,92;68,7;Sanayi;Haftaici;1;2019
9.01.2019;27,01;5,51;883,16;87,11;177,75;90,63;17,08;Sanayi;Haftaici;1;2019
8.01.2019;34,52;7,48;963,54;77,38;170,25;92,87;21,53;Sanayi;Haftaici;1;2019
7.01.2019;64,18;15,46;1500,15;111,77;267;155,23;46,7;Sanayi;Haftaici;1;2019
6.01.2019;29,52;7,54;756,7;69,45;129,28;59,84;16,19;Sanayi;Haftasonu ;1;2019
5.01.2019;52,58;5,76;1531,34;83,09;241,49;158,4;34,81;Sanayi;Haftasonu ;1;2019
4.01.2019;40,63;10,1;1321,84;77,39;216,32;138,93;12,94;Sanayi;Haftaici;1;2019
3.01.2019;20,86;6,02;624,55;69,77;120,67;50,9;13,62;Sanayi;Haftaici;1;2019
2.01.2019;53,89;13,44;1468,21;101,61;249,82;148,2;45,21;Sanayi;Haftaici;1;2019
1.01.2019;37,72;12,02;1019,04;68,7;144,9;76,2;23,67;Sanayi;Haftaici;1;2019
31.12.2018;40,56;17,32;1244,77;80,23;171,44;91,21;31,25;Sanayi;Haftaici;12;2018
30.12.2018;47,72;105,01;1038,24;75,04;151,64;76,6;34,02;Sanayi;Haftasonu ;12;2018
29.12.2018;44,56;6,51;1146,46;98,55;198,03;99,49;26,53;Sanayi;Haftasonu ;12;2018
28.12.2018;51,52;45,5;1645,6;107,45;259,06;151,61;36,53;Sanayi;Haftaici;12;2018
27.12.2018;55,25;20,24;1407,75;101,13;235,51;134,38;30,7;Sanayi;Haftaici;12;2018
26.12.2018;37,91;7,22;1302,06;73,81;166,57;92,75;21,29;Sanayi;Haftaici;12;2018
25.12.2018;22,76;2,2;1550,99;88,07;249,97;161,91;14,34;Sanayi;Haftaici;12;2018
24.12.2018;34,37;6,44;894;73,51;141,42;67,91;14,5;Sanayi;Haftaici;12;2018
23.12.2018;48,48;10,95;984,21;71,54;155,74;84,2;28,47;Sanayi;Haftasonu ;12;2018
22.12.2018;65,43;8,34;1676,11;84,97;249,71;164,74;31,55;Sanayi;Haftasonu ;12;2018
21.12.2018;62,35;6,2;1509;77,45;248,48;171,03;22,4;Sanayi;Haftaici;12;2018
20.12.2018;37,83;7,27;1348,68;59,54;185,3;125,76;17,19;Sanayi;Haftaici;12;2018
19.12.2018;28,7;6,5;1330,83;96,61;223,04;126,43;;Sanayi;Haftaici;12;2018
18.12.2018;35,45;3,8;793,58;67,48;119,77;52,29;17,76;Sanayi;Haftaici;12;2018
17.12.2018;90;10,79;1731,21;82,02;204,89;122,87;53,19;Sanayi;Haftaici;12;2018
16.12.2018;67,82;27,04;1470,72;70,87;172,86;101,99;42,41;Sanayi;Haftasonu ;12;2018
15.12.2018;98,36;15,48;1838,39;74,66;208,67;134;71,27;Sanayi;Haftasonu ;12;2018
14.12.2018;115,57;11,68;2618,74;96,94;269,96;173,03;93,34;Sanayi;Haftaici;12;2018
13.12.2018;23,34;5,12;1145,83;91,73;217,81;126,08;;Sanayi;Haftaici;12;2018
12.12.2018;41,81;5,77;1295,86;89,04;205,61;116,57;20,2;Sanayi;Haftaici;12;2018
11.12.2018;17,34;2,25;1357,78;86,73;199,31;112,58;11,69;Sanayi;Haftaici;12;2018
10.12.2018;18,62;3,71;689,16;62,57;103,64;41,06;;Sanayi;Haftaici;12;2018
9.12.2018;81,83;16,75;2040,64;79,32;234,43;155,11;47,01;Sanayi;Haftasonu ;12;2018
8.12.2018;64,41;5,61;1848,5;97,99;271,73;173,74;30,7;Sanayi;Haftasonu ;12;2018
7.12.2018;24,92;2,89;864,43;78,09;157,71;79,62;7,11;Sanayi;Haftaici;12;2018
6.12.2018;26,98;4,72;1106,1;71,49;187,95;116,45;15,28;Sanayi;Haftaici;12;2018
5.12.2018;60,93;7,34;1268,18;84,6;168,94;84,34;35,24;Sanayi;Haftaici;12;2018
4.12.2018;63,26;9,01;1469,32;76,08;185,07;108,99;35,72;Sanayi;Haftaici;12;2018
3.12.2018;104,23;13,22;1553,43;75,7;200,1;124,4;58,82;Sanayi;Haftaici;12;2018
2.12.2018;49,33;3,75;1539,83;82,13;208,12;125,98;24,46;Sanayi;Haftasonu ;12;2018
1.12.2018;39,61;15,26;1186,43;68,07;199,28;131,21;19;Sanayi;Haftasonu ;12;2018
30.11.2018;47,67;5,64;1644,98;75,77;238,95;163,18;34,24;Sanayi;Haftaici;11;2018
29.11.2018;43,89;7,62;1281,13;78,6;193,21;114,61;25,21;Sanayi;Haftaici;11;2018
28.11.2018;22,19;1,55;939,42;69,76;125,05;56,26;13,61;Sanayi;Haftaici;11;2018
27.11.2018;25,2;2,74;1001,82;75,59;153,8;73,83;13,96;Sanayi;Haftaici;11;2018
26.11.2018;74,9;8,05;1984,97;102,71;341,67;223,36;47,84;Sanayi;Haftaici;11;2018
25.11.2018;69,04;5,87;2127,01;84,24;253,83;177,09;53,93;Sanayi;Haftasonu ;11;2018
24.11.2018;36,42;5,47;1124,65;76,69;167,82;91,92;22,17;Sanayi;Haftasonu ;11;2018
23.11.2018;32,94;5,69;1090,23;64,17;166,71;102,54;13,56;Sanayi;Haftaici;11;2018
22.11.2018;52,29;21,2;1568,18;95,81;246,17;160,42;24,12;Sanayi;Haftaici;11;2018
21.11.2018;68,72;6,41;1816,45;94,23;275;184,3;33,63;Sanayi;Haftaici;11;2018
20.11.2018;60,72;5,63;1682,94;99,98;261,28;152,91;33;Sanayi;Haftaici;11;2018
19.11.2018;46,67;5,25;1823,75;103,28;293,9;186,79;26,65;Sanayi;Haftaici;11;2018
18.11.2018;47,59;9,88;1414,36;83,54;172,41;88,04;25,27;Sanayi;Haftasonu ;11;2018
17.11.2018;47,64;4,86;1003,1;78,04;160,5;79,11;22,96;Sanayi;Haftasonu ;11;2018
16.11.2018;32,7;14,36;1108,96;80,56;184,14;101,48;;Sanayi;Haftaici;11;2018
15.11.2018;50,58;6,11;1436,83;104,71;235,9;131,19;27,35;Sanayi;Haftaici;11;2018
13.11.2018;38,25;5,61;965,13;79,57;164,39;84,82;26,93;Sanayi;Haftaici;11;2018
12.11.2018;74,26;7,12;1698,06;116,44;290,39;173,94;39,37;Sanayi;Haftaici;11;2018
11.11.2018;64,02;7,64;2067,1;97,58;259,95;162,37;30,66;Sanayi;Haftasonu ;11;2018
10.11.2018;51,8;5,17;1549,6;91,14;208,96;117,82;28,31;Sanayi;Haftasonu ;11;2018
9.11.2018;66,01;11,11;1215,28;89,54;189,63;100,09;33,43;Sanayi;Haftaici;11;2018
8.11.2018;58,57;;2182,69;104,82;293,59;188,78;;Sanayi;Haftaici;11;2018
7.11.2018;58,97;9,71;1714,84;107,75;269,99;162,24;31,8;Sanayi;Haftaici;11;2018
6.11.2018;55,47;13,97;1143,74;93,32;210,59;115,1;29,15;Sanayi;Haftaici;11;2018
5.11.2018;50,72;12,76;1896,61;97,94;284,79;186,84;30,54;Sanayi;Haftaici;11;2018
4.11.2018;34,6;12,33;1326,54;84,16;180,64;96,48;17,56;Sanayi;Haftasonu ;11;2018
3.11.2018;41,06;11,05;1074,97;88,04;176,56;91,47;21,27;Sanayi;Haftasonu ;11;2018
2.11.2018;88,22;14,22;3222,72;154,63;551,35;396,71;44,83;Sanayi;Haftaici;11;2018
1.11.2018;77,18;13,58;2315,32;121,11;362,07;240,96;37,7;Sanayi;Haftaici;11;2018
31.10.2018;91,1;13,2;2677,81;143,2;430,64;287,44;41,06;Sanayi;Haftaici;10;2018
30.10.2018;87,72;15,99;2705,35;148,57;461,91;313,34;45,83;Sanayi;Haftaici;10;2018
29.10.2018;80,74;12,47;2834,47;143,53;436,69;293,16;38,83;Sanayi;Haftaici;10;2018
28.10.2018;77,38;10,08;2746,58;113,29;368;254,71;44,25;Sanayi;Haftasonu ;10;2018
27.10.2018;44,71;9,36;1433,24;82,73;195,02;112,28;26,58;Sanayi;Haftasonu ;10;2018
26.10.2018;25,77;10,1;1065,46;86,92;183,65;96,73;11,82;Sanayi;Haftaici;10;2018
25.10.2018;16,05;5,25;778,6;80,5;163,87;83,36;;Sanayi;Haftaici;10;2018
24.10.2018;58,28;6,19;1078,47;91,67;206,05;114,38;43,24;Sanayi;Haftaici;10;2018
23.10.2018;49,38;7,24;1153,42;92,38;182,22;89,84;29,32;Sanayi;Haftaici;10;2018
22.10.2018;47,38;6,01;1161,25;84,72;163,08;78,36;35,92;Sanayi;Haftaici;10;2018
21.10.2018;30,33;5,36;1001,94;90,8;171,97;81,17;;Sanayi;Haftasonu ;10;2018
20.10.2018;62,82;6,11;843,32;89,29;157,07;67,78;31,66;Sanayi;Haftasonu ;10;2018
19.10.2018;121,97;7,33;1370,67;110,57;241,68;131,11;;Sanayi;Haftaici;10;2018
18.10.2018;141,38;8,59;1067,57;94,67;183,56;88,89;57,05;Sanayi;Haftaici;10;2018
17.10.2018;289,33;8,88;1207,4;90,47;198,91;108,45;85,52;Sanayi;Haftaici;10;2018
15.10.2018;57,5;5,69;1014,38;91,2;179,5;88,3;27,79;Sanayi;Haftaici;10;2018
14.10.2018;54,6;6,61;1618,27;92,31;222,4;130,08;28,2;Sanayi;Haftasonu ;10;2018
13.10.2018;46,03;7,8;833,27;72,75;117,61;44,86;23,34;Sanayi;Haftasonu ;10;2018
12.10.2018;30,88;7,41;760,38;81,03;135,07;54,04;23,83;Sanayi;Haftaici;10;2018
11.10.2018;28,91;5,52;1037,99;91,41;163,45;72,05;;Sanayi;Haftaici;10;2018
10.10.2018;47,48;6,19;727,97;73,77;131,81;58,03;;Sanayi;Haftaici;10;2018
9.10.2018;74,42;7,8;1495,95;106,38;245,68;139,3;;Sanayi;Haftaici;10;2018
8.10.2018;84,9;9,81;1993,94;132,03;354,34;222,31;;Sanayi;Haftaici;10;2018
7.10.2018;55,25;7,59;1686,47;94,94;243,52;148,58;;Sanayi;Haftasonu ;10;2018
6.10.2018;32,38;5,53;839,29;83,65;170,77;87,12;;Sanayi;Haftasonu ;10;2018
5.10.2018;40,38;4,91;529,46;62,48;101;38,52;;Sanayi;Haftaici;10;2018
4.10.2018;60,84;9,34;819,16;90,23;161,6;71,36;;Sanayi;Haftaici;10;2018
3.10.2018;62;6,24;1433,94;119,79;264,23;144,44;;Sanayi;Haftaici;10;2018
2.10.2018;34,2;6,28;1062,84;96,95;207,46;110,51;;Sanayi;Haftaici;10;2018
1.10.2018;69,71;4,38;986,41;94,8;193,73;98,93;;Sanayi;Haftaici;10;2018
30.09.2018;68,26;4,32;907,29;61,35;126,18;64,83;;Sanayi;Haftasonu ;9;2018
29.09.2018;119,81;6,15;1442,67;93,89;222,6;128,7;;Sanayi;Haftasonu ;9;2018
28.09.2018;17,58;6,93;1862,28;119,86;288,82;168,95;;Sanayi;Haftaici;9;2018
27.09.2018;76,12;3,98;664,03;56,49;94,15;37,66;;Sanayi;Haftaici;9;2018
26.09.2018;36,05;4,64;778;58,92;126,71;67,79;;Sanayi;Haftaici;9;2018
25.09.2018;58,06;5,53;787,52;77,52;143,74;66,22;;Sanayi;Haftaici;9;2018
24.09.2018;125,45;10,04;1546,87;130,85;286,9;156,05;;Sanayi;Haftaici;9;2018
23.09.2018;99,34;6,24;1620,39;101,58;263,49;161,91;;Sanayi;Haftasonu ;9;2018
22.09.2018;111,97;9,9;1421,86;108,37;238,42;130,05;;Sanayi;Haftasonu ;9;2018
21.09.2018;43,09;5,73;1633,78;116,45;287,63;171,18;;Sanayi;Haftaici;9;2018
20.09.2018;32,93;4,98;923,25;97,41;182,15;84,74;;Sanayi;Haftaici;9;2018
19.09.2018;57,51;5,3;1212,72;95,61;204,84;109,22;;Sanayi;Haftaici;9;2018
18.09.2018;23,13;4,35;736,43;71,99;124,41;52,42;;Sanayi;Haftaici;9;2018
17.09.2018;13,99;4,13;830,19;85,72;152,77;67,05;;Sanayi;Haftaici;9;2018
16.09.2018;35,29;4,72;652,51;73,16;113,85;40,7;;Sanayi;Haftasonu ;9;2018
15.09.2018;34,49;8,72;912,93;100,34;179,3;78,96;;Sanayi;Haftasonu ;9;2018
14.09.2018;31,01;10,16;775,3;81,23;135,86;54,63;;Sanayi;Haftaici;9;2018
13.09.2018;50,23;6,47;1048,84;109,88;189,89;80,01;;Sanayi;Haftaici;9;2018
12.09.2018;37,15;4,81;737,79;86,68;135,2;48,53;;Sanayi;Haftaici;9;2018
11.09.2018;35,22;7,18;829,46;92,17;164,74;69,39;;Sanayi;Haftaici;9;2018
10.09.2018;30,34;6,09;717,41;87,74;138,97;51,22;;Sanayi;Haftaici;9;2018
9.09.2018;23,45;4,87;680,53;69,46;112,66;43,2;;Sanayi;Haftasonu ;9;2018
8.09.2018;50,22;8,12;795,2;90,47;142,09;51,61;;Sanayi;Haftasonu ;9;2018
7.09.2018;47,46;8,5;847,24;94,98;153,11;58,14;;Sanayi;Haftaici;9;2018
6.09.2018;48,56;9,56;859,74;96,76;163,78;67,02;;Sanayi;Haftaici;9;2018
5.09.2018;69,2;10,96;943,18;131,97;208,77;76,8;;Sanayi;Haftaici;9;2018
4.09.2018;90,66;7,13;1451,84;138,25;288,56;150,31;;Sanayi;Haftaici;9;2018
3.09.2018;36,79;6,05;1204,33;135,33;215,83;80,5;;Sanayi;Haftaici;9;2018
2.09.2018;16,47;4,86;703,69;90,25;142,23;51,98;;Sanayi;Haftasonu ;9;2018
1.09.2018;75,26;5,11;903,88;110,67;179,87;69,19;;Sanayi;Haftasonu ;9;2018
31.08.2018;116,52;4,69;922,34;118,2;196,97;78,77;;Sanayi;Haftaici;8;2018
30.08.2018;61,97;5,45;1015,78;111,42;189,45;78,04;;Sanayi;Haftaici;8;2018
29.08.2018;48,35;5,23;982,34;107,11;178,56;71,45;;Sanayi;Haftaici;8;2018
28.08.2018;39;4,49;800,23;108,71;176,34;67,63;;Sanayi;Haftaici;8;2018
27.08.2018;88,91;6,13;596,75;78,92;114,91;35,98;;Sanayi;Haftaici;8;2018
26.08.2018;37,15;5,8;951,91;101,01;153,88;52,87;;Sanayi;Haftasonu ;8;2018
25.08.2018;44;5,01;747,94;88,32;118,13;29,8;;Sanayi;Haftasonu ;8;2018
24.08.2018;28,78;4,94;855,08;83,98;133,18;49,2;;Sanayi;Haftaici;8;2018
23.08.2018;22,41;4,18;771,95;67,83;108,43;40,61;;Sanayi;Haftaici;8;2018
22.08.2018;22,26;3,85;558,57;60,76;88,56;27,81;;Sanayi;Haftaici;8;2018
21.08.2018;30,72;8,02;728,72;55,46;75,27;19,81;;Sanayi;Haftaici;8;2018
20.08.2018;25,61;4,31;880,27;85,72;145,65;59,93;;Sanayi;Haftaici;8;2018
19.08.2018;37,75;4,36;715,46;70,72;114,84;44,12;;Sanayi;Haftasonu ;8;2018
18.08.2018;39,49;4,57;841,42;87,5;153,71;66,21;;Sanayi;Haftasonu ;8;2018
17.08.2018;47,8;6,44;887,94;114,09;179,02;64,93;;Sanayi;Haftaici;8;2018
16.08.2018;53,99;8,31;1271,65;146,99;249,39;102,39;;Sanayi;Haftaici;8;2018
15.08.2018;39,89;;1218,47;126,02;231,9;105,88;;Sanayi;Haftaici;8;2018
14.08.2018;32,73;4,26;772,04;80,99;128,6;47,61;17,27;Sanayi;Haftaici;8;2018
13.08.2018;33,46;4,77;674,72;80,61;136,26;55,65;;Sanayi;Haftaici;8;2018
12.08.2018;23,42;4,36;716,89;67,96;110,33;42,37;;Sanayi;Haftasonu ;8;2018
11.08.2018;31,33;4,67;801,97;78,91;144,82;65,91;;Sanayi;Haftasonu ;8;2018
10.08.2018;35,61;4,33;769,57;82,41;150,83;68,41;;Sanayi;Haftaici;8;2018
9.08.2018;41,74;4,56;945,54;91,59;166,19;74,6;25,94;Sanayi;Haftaici;8;2018
8.08.2018;27,99;4,4;793,52;91,1;158,82;67,72;;Sanayi;Haftaici;8;2018
7.08.2018;;4,62;853,16;92,72;141,02;48,29;;Sanayi;Haftaici;8;2018
6.08.2018;;5,77;815,79;96,85;158,68;61,83;26,12;Sanayi;Haftaici;8;2018
5.08.2018;34,19;4,51;753,88;78,05;120,36;42,31;34,19;Sanayi;Haftasonu ;8;2018
4.08.2018;50,42;3,93;661,9;84,49;134,22;49,73;23,39;Sanayi;Haftasonu ;8;2018
3.08.2018;45,92;4,55;851,82;86,42;145,18;58,76;22,3;Sanayi;Haftaici;8;2018
2.08.2018;45,05;4,7;1088,16;86,42;144,66;58,24;;Sanayi;Haftaici;8;2018
1.08.2018;52,65;4,88;857,15;93,46;151,04;57,58;19,65;Sanayi;Haftaici;8;2018
31.07.2018;84,42;6,5;975,45;96,29;158,27;61,98;;Sanayi;Haftaici;7;2018
30.07.2018;52,04;6,85;843,33;111,85;170,19;58,34;30,19;Sanayi;Haftaici;7;2018
29.07.2018;65,5;8,41;738,65;82,05;117,12;35,07;22,54;Sanayi;Haftasonu ;7;2018
28.07.2018;61,73;5,12;845,23;85,11;126,61;41,5;;Sanayi;Haftasonu ;7;2018
27.07.2018;43,16;5,56;922,61;100,58;144,54;43,96;;Sanayi;Haftaici;7;2018
26.07.2018;73,31;7,01;1222,1;111,07;180,82;69,74;;Sanayi;Haftaici;7;2018
25.07.2018;68,01;6,42;874,2;89,35;141,48;52,13;23,82;Sanayi;Haftaici;7;2018
24.07.2018;65,69;8,1;895,07;89,95;144,7;54,75;37,4;Sanayi;Haftaici;7;2018
23.07.2018;34,68;8,14;1118,28;111,98;195,86;83,88;;Sanayi;Haftaici;7;2018
22.07.2018;26,11;3,92;805,66;61,96;94,67;32,71;;Sanayi;Haftasonu ;7;2018
21.07.2018;31,26;4,06;884,59;91,21;141,05;49,84;;Sanayi;Haftasonu ;7;2018
20.07.2018;42,31;6,39;1010,43;95,63;151,59;55,96;23,18;Sanayi;Haftaici;7;2018
19.07.2018;60,47;7,36;1028,86;97,14;155,6;58,46;25,84;Sanayi;Haftaici;7;2018
18.07.2018;63,08;9,92;1231,42;108,18;168;59,82;34,06;Sanayi;Haftaici;7;2018
17.07.2018;76;;1326,82;103,01;188,02;85,01;;Sanayi;Haftaici;7;2018
16.07.2018;144,88;;2184,49;75,1;118,03;42,93;3,6;Sanayi;Haftaici;7;2018
2.05.2018;;;723,14;61,05;88,42;27,37;;Sanayi;Haftaici;5;2018
1.05.2018;;;501;42,03;53,46;11,42;;Sanayi;Haftaici;5;2018
30.04.2018;;;807,2;51,23;96,61;45,39;;Sanayi;Haftaici;4;2018
29.04.2018;;;655,43;51,3;75,77;24,47;;Sanayi;Haftasonu ;4;2018
28.04.2018;;;593,59;50,41;75,3;24,89;;Sanayi;Haftasonu ;4;2018
27.04.2018;;;708,3;63,81;97,79;33,98;;Sanayi;Haftaici;4;2018
26.04.2018;;;799,76;67,54;99,74;32,19;;Sanayi;Haftaici;4;2018
25.04.2018;;;1008,28;76,41;129,98;53,56;;Sanayi;Haftaici;4;2018
24.04.2018;;;946,51;62,8;111,11;48,31;;Sanayi;Haftaici;4;2018
23.04.2018;;;746,58;49,59;84,73;35,14;;Sanayi;Haftaici;4;2018
22.04.2018;;12,74;840,89;61,19;95,76;34,57;;Sanayi;Haftasonu ;4;2018
21.04.2018;;5,03;772,99;58,3;95,33;37,03;;Sanayi;Haftasonu ;4;2018
20.04.2018;;;882,95;63,75;101,5;37,75;;Sanayi;Haftaici;4;2018
19.04.2018;;;690,82;56,66;84,92;28,25;15,44;Sanayi;Haftaici;4;2018
18.04.2018;;;1095,79;66,07;130,91;64,83;26,92;Sanayi;Haftaici;4;2018
17.04.2018;;;788,19;59,73;95,61;35,89;13,08;Sanayi;Haftaici;4;2018
16.04.2018;;;906,73;65,86;106,02;40,16;20,38;Sanayi;Haftaici;4;2018
15.04.2018;;;590,78;43,61;66,77;23,16;22,52;Sanayi;Haftasonu ;4;2018
14.04.2018;;;677,42;51,65;80,6;28,95;28,92;Sanayi;Haftasonu ;4;2018
13.04.2018;;;724,21;54,79;90,53;35,74;30,91;Sanayi;Haftaici;4;2018
12.04.2018;;;606,19;48,77;68,85;20,08;20,76;Sanayi;Haftaici;4;2018
11.04.2018;67,13;;790,02;59,79;83,72;23,93;25,48;Sanayi;Haftaici;4;2018
10.04.2018;;;535,22;46,25;62;15,74;19,87;Sanayi;Haftaici;4;2018
9.04.2018;;;637;49,17;77,84;28,67;13,37;Sanayi;Haftaici;4;2018
8.04.2018;;;480,59;35,81;49,29;13,48;15,46;Sanayi;Haftasonu ;4;2018
7.04.2018;;;735,48;47,82;80,06;32,25;15,63;Sanayi;Haftasonu ;4;2018
6.04.2018;;;793,81;44,83;77,1;32,27;19,66;Sanayi;Haftaici;4;2018
5.04.2018;91,36;;1178,81;66,24;140,07;73,83;25,42;Sanayi;Haftaici;4;2018
4.04.2018;;6,71;976,11;69,04;123,66;54,62;21,3;Sanayi;Haftaici;4;2018
3.04.2018;;7,07;794,48;56,05;88,8;32,75;19,28;Sanayi;Haftaici;4;2018
2.04.2018;;;648,99;49,66;80,14;30,47;15,04;Sanayi;Haftaici;4;2018
1.04.2018;;;644,97;41,8;68,23;26,44;11,07;Sanayi;Haftasonu ;4;2018
31.03.2018;66,76;4,58;700,69;50,1;76,62;26,52;14;Sanayi;Haftasonu ;3;2018
30.03.2018;66,76;6,18;952,64;54,24;108,16;53,91;18,77;Sanayi;Haftaici;3;2018
29.03.2018;66,76;11,11;864,93;53,06;95,51;42,46;18,74;Sanayi;Haftaici;3;2018
28.03.2018;66,76;11,11;425,33;36,57;48,17;11,6;36,58;Sanayi;Haftaici;3;2018
27.03.2018;376,72;3,32;756,45;48,91;87,53;38,62;54,89;Sanayi;Haftaici;3;2018
26.03.2018;128,93;3,12;801,68;49,74;88,74;39;24,32;Sanayi;Haftaici;3;2018
25.03.2018;43,14;11,11;680,65;43,82;66,69;22,88;9,16;Sanayi;Haftasonu ;3;2018
24.03.2018;65,25;11,11;699,83;47,43;75,12;27,69;15,76;Sanayi;Haftasonu ;3;2018
23.03.2018;307,7;11,11;670,86;41,89;70,93;29,04;40,4;Sanayi;Haftaici;3;2018
22.03.2018;100,92;3,55;882,14;52,3;104,3;52;20,27;Sanayi;Haftaici;3;2018
21.03.2018;71,4;11,11;1243,2;61,28;152,91;91,63;21,14;Sanayi;Haftaici;3;2018
20.03.2018;126,67;11,11;655,6;42,85;64,28;21,43;23,27;Sanayi;Haftaici;3;2018
19.03.2018;109,67;11,11;1207,55;50,88;116,78;65,9;27,89;Sanayi;Haftaici;3;2018
18.03.2018;172,97;4,36;1118,18;43,49;106,44;62,95;39,42;Sanayi;Haftasonu ;3;2018
17.03.2018;85,26;7,2;941,16;49,12;99,42;50,31;17,54;Sanayi;Haftasonu ;3;2018
16.03.2018;58,94;6,27;803,63;53,58;88,7;35,12;18,06;Sanayi;Haftaici;3;2018
15.03.2018;47,93;4,33;718,75;50,91;87,18;36,27;15,05;Sanayi;Haftaici;3;2018
14.03.2018;48,16;11,11;730,25;48,89;80,86;31,97;12;Sanayi;Haftaici;3;2018
13.03.2018;119,13;3,22;841,49;51,58;99,39;47,81;27,55;Sanayi;Haftaici;3;2018
12.03.2018;105,17;10,39;1134,66;88,88;165,71;74,94;36,75;Sanayi;Haftaici;3;2018
11.03.2018;72,94;3,59;1028,97;88,88;165,71;74,94;23,04;Sanayi;Haftasonu ;3;2018
10.03.2018;58,81;3,48;987,03;88,88;165,71;74,94;17,84;Sanayi;Haftasonu ;3;2018
9.03.2018;66,76;11,11;1041,51;88,88;165,71;74,94;25,65;Sanayi;Haftaici;3;2018
7.03.2018;172,45;5,65;751,15;45,85;79,3;33,45;27,89;Sanayi;Haftaici;3;2018
6.03.2018;66,76;2,07;1308,53;53,52;118,85;65,33;25,65;Sanayi;Haftaici;3;2018
5.03.2018;66,76;6,63;1434,74;61,01;136,62;75,61;33,44;Sanayi;Haftaici;3;2018
4.03.2018;66,76;5,13;899,76;51,83;90,97;39,14;15,98;Sanayi;Haftasonu ;3;2018
3.03.2018;66,76;5,76;608,55;37,73;58,71;20,98;22,94;Sanayi;Haftasonu ;3;2018
2.03.2018;66,76;10,56;1368,33;65,35;138,75;73,4;34,05;Sanayi;Haftaici;3;2018
1.03.2018;66,76;9,05;903,06;62,18;110,72;48,54;21,16;Sanayi;Haftaici;3;2018
28.02.2018;;2,03;605,08;39,8;62,32;22,52;8,08;Sanayi;Haftaici;2;2018
27.02.2018;;5,48;738,79;41,85;67,72;25,88;11,93;Sanayi;Haftaici;2;2018
26.02.2018;;6,98;624,13;37,39;65,22;27,83;10,37;Sanayi;Haftaici;2;2018
25.02.2018;;1,5;769,04;43,36;86,06;42,71;10,49;Sanayi;Haftasonu ;2;2018
24.02.2018;;5,39;996;54,71;98,48;43,78;28,84;Sanayi;Haftasonu ;2;2018
23.02.2018;;3,28;1139,66;56,6;118,72;62,12;32,45;Sanayi;Haftaici;2;2018
22.02.2018;;5,56;1188,5;52,18;119,73;67,55;28,21;Sanayi;Haftaici;2;2018
21.02.2018;;9,82;1602,96;61,01;150,17;89,16;56,08;Sanayi;Haftaici;2;2018
20.02.2018;;9,78;782,32;68,44;108;39,55;30,93;Sanayi;Haftaici;2;2018
19.02.2018;;8,85;1180,15;57,09;118,65;61,55;37,54;Sanayi;Haftaici;2;2018
18.02.2018;;8,39;958,63;50,26;102,93;52,67;24,15;Sanayi;Haftasonu ;2;2018
17.02.2018;;6,65;885,32;47,52;96,86;52,27;29,18;Sanayi;Haftasonu ;2;2018
16.02.2018;;10,36;1496,36;56,09;144,31;88,22;34,2;Sanayi;Haftaici;2;2018
15.02.2018;;6,71;973,2;48;105,44;57,44;36,84;Sanayi;Haftaici;2;2018
14.02.2018;;6,4;984,72;49,03;100,67;51,64;20,6;Sanayi;Haftaici;2;2018
13.02.2018;68,7;8,88;1023,91;56,61;117,19;60,58;27,22;Sanayi;Haftaici;2;2018
12.02.2018;70,67;7,05;1126,39;52,47;116,94;64,47;20,15;Sanayi;Haftaici;2;2018
11.02.2018;99,02;4,04;715,28;44,39;78,37;33,98;23,47;Sanayi;Haftasonu ;2;2018
10.02.2018;145,48;9,74;1441,98;59,74;135,47;75,73;59,15;Sanayi;Haftasonu ;2;2018
9.02.2018;116,39;5,35;1322,99;61,73;137,87;76,14;;Sanayi;Haftaici;2;2018
8.02.2018;;9,06;1504,73;51,83;142,09;90,27;53,45;Sanayi;Haftaici;2;2018
7.02.2018;;8,47;1176,56;51,55;110,81;59,26;44,81;Sanayi;Haftaici;2;2018
6.02.2018;;10,63;1373,76;57,55;154,45;96,9;46,31;Sanayi;Haftaici;2;2018
5.02.2018;;7,93;1071,64;58,23;140,9;82,67;19,43;Sanayi;Haftaici;2;2018
4.02.2018;;8,53;1012,7;50,86;115,37;64,51;24,23;Sanayi;Haftasonu ;2;2018
3.02.2018;;5,16;1043,58;45,32;99,08;53,76;20,54;Sanayi;Haftasonu ;2;2018
2.02.2018;;7,85;1794,79;61,21;174,78;113,57;35,56;Sanayi;Haftaici;2;2018
1.02.2018;;9,77;1289,27;66,2;141,33;75,13;55,76;Sanayi;Haftaici;2;2018
31.01.2018;;9,6;1596,62;59,82;152,89;93,07;42,87;Sanayi;Haftaici;1;2018
30.01.2018;;7,56;1414,52;58,6;148,56;89,96;39,02;Sanayi;Haftaici;1;2018
29.01.2018;;7,93;1325,33;50,78;130,61;79,83;27,1;Sanayi;Haftaici;1;2018
28.01.2018;;2,06;929,28;49,93;93,14;43,21;27,82;Sanayi;Haftasonu ;1;2018
27.01.2018;;5,33;1277,76;47,48;124,55;77,07;27,27;Sanayi;Haftasonu ;1;2018
26.01.2018;;4,71;1081,89;39,94;95,55;55,61;25,92;Sanayi;Haftaici;1;2018
25.01.2018;;1,5;993,23;38,9;88,5;49,6;15,75;Sanayi;Haftaici;1;2018
24.01.2018;;4,03;864,33;45,24;89,77;44,53;17,04;Sanayi;Haftaici;1;2018
23.01.2018;33,26;4,24;723,69;38,92;72,15;33,23;11,89;Sanayi;Haftaici;1;2018
22.01.2018;41,21;3,66;1042,83;45,66;95,4;49,74;16,75;Sanayi;Haftaici;1;2018
21.01.2018;41,57;5,59;548,4;36,04;49,08;13,04;13,45;Sanayi;Haftasonu ;1;2018
20.01.2018;95,29;7,63;1198,51;52,79;108,12;55,34;36,58;Sanayi;Haftasonu ;1;2018
19.01.2018;69,83;5,44;1334,52;53,1;123,76;70,66;26,03;Sanayi;Haftaici;1;2018
18.01.2018;28,81;1,9;943,9;46,48;95,95;49,48;14,55;Sanayi;Haftaici;1;2018
17.01.2018;58,48;2,39;935,26;50,41;90,76;40,35;14,87;Sanayi;Haftaici;1;2018
16.01.2018;71,39;3,46;1526,15;52,61;176,58;123,98;35,37;Sanayi;Haftaici;1;2018
15.01.2018;76,46;5,36;860,47;45,34;97,16;51,81;23,99;Sanayi;Haftaici;1;2018
14.01.2018;40;4;1001,75;39,44;90,52;51,09;21,94;Sanayi;Haftasonu ;1;2018
13.01.2018;90,99;7,76;1032,05;45,23;95,32;50,08;24,95;Sanayi;Haftasonu ;1;2018
12.01.2018;69,53;4,4;1356,5;56,13;133,59;77,46;34,05;Sanayi;Haftaici;1;2018
11.01.2018;142,08;9,74;2002,31;48,19;156,67;108,48;69,08;Sanayi;Haftaici;1;2018
10.01.2018;137,76;11,31;1156,99;50,14;113,06;62,92;54,42;Sanayi;Haftaici;1;2018
9.01.2018;164,01;5,99;1391,91;52,62;141,75;89,13;70,15;Sanayi;Haftaici;1;2018
8.01.2018;103,67;5,09;942,5;42,54;86,26;43,71;48,54;Sanayi;Haftaici;1;2018
7.01.2018;71,86;5,74;1030,24;37,79;72,35;34,56;31,22;Sanayi;Haftasonu ;1;2018
6.01.2018;162,26;4,93;1836,51;53,54;169,32;115,78;47,68;Sanayi;Haftasonu ;1;2018
5.01.2018;108,75;5,47;1311,94;58,07;126,14;68,07;37,34;Sanayi;Haftaici;1;2018
4.01.2018;54,23;5,56;1507,22;47,19;114,83;67,65;27,25;Sanayi;Haftaici;1;2018
3.01.2018;67,94;4,47;922,19;47,23;90,62;43,38;25,14;Sanayi;Haftaici;1;2018
2.01.2018;92,73;10,87;1566,36;47,25;133,54;86,29;37;Sanayi;Haftaici;1;2018
1.01.2018;52,47;23,8;867,53;37,93;78,05;40,12;19,77;Sanayi;Haftaici;1;2018
31.12.2017;61,53;7,41;989,4;46,74;94,98;48,24;22,54;Sanayi;Haftasonu ;12;2017
30.12.2017;49,77;7,82;716,4;37,89;59,25;21,36;14,24;Sanayi;Haftasonu ;12;2017
29.12.2017;86,08;10,9;1105,5;51,68;96,1;44,42;26,09;Sanayi;Haftaici;12;2017
28.12.2017;122,65;15,53;1553,25;56,3;130,68;74,39;50,6;Sanayi;Haftaici;12;2017
27.12.2017;110,57;18,76;1206,59;57,18;115,02;57,84;50,81;Sanayi;Haftaici;12;2017
26.12.2017;93,51;8,25;848,69;47,19;77,47;30,28;44,33;Sanayi;Haftaici;12;2017
25.12.2017;85,61;8,81;1058,7;52,49;103,67;51,19;37,17;Sanayi;Haftaici;12;2017
24.12.2017;71,91;5,28;1501,75;45,07;110,19;65,13;39,26;Sanayi;Haftasonu ;12;2017
23.12.2017;47,23;;1130,5;43,24;102,67;59,43;21,51;Sanayi;Haftasonu ;12;2017
22.12.2017;81,81;2,47;1298,45;34,03;98,59;64,55;30,71;Sanayi;Haftaici;12;2017
21.12.2017;127,76;5,89;1780,08;44,54;138,48;93,93;54,94;Sanayi;Haftaici;12;2017
20.12.2017;85,74;5,5;1163,56;48,92;122,12;73,2;25,09;Sanayi;Haftaici;12;2017
19.12.2017;87,44;6,24;1366,28;55,88;128,85;72,97;23,15;Sanayi;Haftaici;12;2017
18.12.2017;60,79;2,99;1381,45;77,67;202,91;125,24;27,25;Sanayi;Haftaici;12;2017
17.12.2017;69,05;7,44;755,73;51,88;96;44,13;19,75;Sanayi;Haftasonu ;12;2017
16.12.2017;190,07;10,32;3047,18;83,3;386,82;303,52;69,89;Sanayi;Haftasonu ;12;2017
15.12.2017;312,76;9,53;3792,73;111,97;491,22;379,25;140,76;Sanayi;Haftaici;12;2017
14.12.2017;244,65;11;2902,93;79,37;334,4;255,03;110,73;Sanayi;Haftaici;12;2017
13.12.2017;188,36;10;2211,79;85,87;298,69;212,83;69,45;Sanayi;Haftaici;12;2017
12.12.2017;187,47;8,34;2052,45;85,83;264,01;178,18;63,37;Sanayi;Haftaici;12;2017
11.12.2017;114,56;7,69;1610,2;72,67;209,94;137,27;27,93;Sanayi;Haftaici;12;2017
10.12.2017;56,64;7,13;601,77;46,15;73,16;27,02;7,87;Sanayi;Haftasonu ;12;2017
9.12.2017;189,7;12,07;2531,69;88,96;326,16;237,2;74,67;Sanayi;Haftasonu ;12;2017
8.12.2017;107,7;14,13;1431,53;78,24;212,53;134,29;38,17;Sanayi;Haftaici;12;2017
7.12.2017;69,33;7,73;1017,98;64,1;136,31;72,2;29,82;Sanayi;Haftaici;12;2017
6.12.2017;57,14;2,38;796,66;67,3;128,82;61,53;20,14;Sanayi;Haftaici;12;2017
5.12.2017;36,86;3,83;1039,48;69,72;159,73;90,02;16,76;Sanayi;Haftaici;12;2017
4.12.2017;194,48;12,49;2404,34;95,25;351,36;256,11;70,09;Sanayi;Haftaici;12;2017
3.12.2017;204,61;12,06;2431,86;77,44;285,4;207,97;70,85;Sanayi;Haftasonu ;12;2017
2.12.2017;188,55;10,75;2166,89;86,7;276,71;190,01;65,47;Sanayi;Haftasonu ;12;2017
1.12.2017;139,8;8,15;2010,65;71,66;206,72;135,06;53,96;Sanayi;Haftaici;12;2017
30.11.2017;105,05;6,41;1760,21;72,06;222,53;150,46;37,53;Sanayi;Haftaici;11;2017
29.11.2017;67,86;5,16;1038,02;70,62;149,42;78,8;20,06;Sanayi;Haftaici;11;2017
28.11.2017;54,35;5,18;785,16;60,25;104,57;44,32;15,6;Sanayi;Haftaici;11;2017
27.11.2017;110,91;9,49;1166,53;69,9;146,73;76,83;40,25;Sanayi;Haftaici;11;2017
26.11.2017;120,92;8,3;1761,7;65,88;197,94;132,05;49,46;Sanayi;Haftasonu ;11;2017
25.11.2017;119,14;9,42;1682,37;66,1;201,42;135,32;39,36;Sanayi;Haftasonu ;11;2017
24.11.2017;89,51;10,67;1116,38;73,24;178,48;105,24;18,06;Sanayi;Haftaici;11;2017
23.11.2017;63,13;7,42;1279,59;70,14;187,43;117,29;28,46;Sanayi;Haftaici;11;2017
22.11.2017;61,44;13,08;797,59;56,84;113,82;56,98;18,49;Sanayi;Haftaici;11;2017
21.11.2017;47,63;4,59;842,56;64,76;138,26;73,5;15,97;Sanayi;Haftaici;11;2017
20.11.2017;47,89;3,04;711,15;56,19;86,81;30,62;10,53;Sanayi;Haftaici;11;2017
19.11.2017;132,39;9,37;1277,93;75,03;163,85;88,81;42,86;Sanayi;Haftasonu ;11;2017
18.11.2017;228,48;12,04;2242,46;97,3;265,32;168,02;77,37;Sanayi;Haftasonu ;11;2017
17.11.2017;197,49;9,82;1954,06;98,21;268,24;170,03;55,24;Sanayi;Haftaici;11;2017
16.11.2017;140,02;7,29;1417,23;76,71;160,82;84,11;40,07;Sanayi;Haftaici;11;2017
15.11.2017;210,75;8,45;2347,97;94,92;298,73;203,81;54,27;Sanayi;Haftaici;11;2017
14.11.2017;179,06;7,99;2404,2;92,9;318,53;225,62;41,68;Sanayi;Haftaici;11;2017
13.11.2017;171,27;7,53;2126,52;83,01;253,38;170,37;58,43;Sanayi;Haftaici;11;2017
12.11.2017;228,83;8,95;3083,41;90,87;419,64;328,77;81,91;Sanayi;Haftasonu ;11;2017
11.11.2017;169,31;12,37;1926,63;89,76;245,2;155,44;66,73;Sanayi;Haftasonu ;11;2017
10.11.2017;157,25;15,93;1804,34;88,39;246,88;158,49;57,38;Sanayi;Haftaici;11;2017
9.11.2017;206,33;6,37;2454,62;93,68;316,51;222,83;81,8;Sanayi;Haftaici;11;2017
8.11.2017;176,18;8,74;2181,3;88,78;276,02;187,23;72,42;Sanayi;Haftaici;11;2017
7.11.2017;127,3;8,97;1806,51;84,28;224,99;140,7;47,86;Sanayi;Haftaici;11;2017
6.11.2017;96;4,67;1269,6;67,81;156,14;88,33;31,01;Sanayi;Haftaici;11;2017
5.11.2017;77,34;4,62;1174,68;59,19;132,77;73,58;35,52;Sanayi;Haftasonu ;11;2017
4.11.2017;132,9;4,05;1264,94;79,67;162,63;82,96;49,46;Sanayi;Haftasonu ;11;2017
3.11.2017;144,17;10,99;2008,07;84,81;256,53;171,72;50,31;Sanayi;Haftaici;11;2017
2.11.2017;145,06;6,15;1906,43;82,75;251,07;168,32;54,56;Sanayi;Haftaici;11;2017
1.11.2017;75,39;8,65;1207,78;68,72;170,23;101,5;30,14;Sanayi;Haftaici;11;2017
31.10.2017;59,19;11,27;985,72;70,29;152,65;82,36;14,81;Sanayi;Haftaici;10;2017
30.10.2017;53,58;2,78;921,37;60,1;114,07;53,97;15,63;Sanayi;Haftaici;10;2017
29.10.2017;40,22;4,9;1162,32;62,6;157,1;94,5;14,14;Sanayi;Haftasonu ;10;2017
28.10.2017;98,84;4,75;1277,62;75,74;160,82;85,08;30,21;Sanayi;Haftasonu ;10;2017
27.10.2017;96,93;3,82;1798,21;76,96;219,49;142,52;34,55;Sanayi;Haftaici;10;2017
26.10.2017;84,67;9,55;1133,72;67,38;162,31;94,93;29,06;Sanayi;Haftaici;10;2017
25.10.2017;51,84;3,15;685,66;52,39;84,55;32,16;16,25;Sanayi;Haftaici;10;2017
24.10.2017;181,25;3,19;1618,41;71,04;196,93;125,89;30,41;Sanayi;Haftaici;10;2017
23.10.2017;157,85;7,71;1731,28;89,08;232,26;143,18;39,31;Sanayi;Haftaici;10;2017
22.10.2017;153,88;23,54;2235,56;74,14;243,61;169,47;48,37;Sanayi;Haftasonu ;10;2017
21.10.2017;172,55;25,71;2216,26;87,32;281,8;194,48;45,87;Sanayi;Haftasonu ;10;2017
20.10.2017;180,05;8,58;2006,32;87,54;267,27;179,73;40,04;Sanayi;Haftaici;10;2017
19.10.2017;206,36;5,86;2681,51;88,52;361,24;272,72;43,25;Sanayi;Haftaici;10;2017
18.10.2017;141,94;3,51;1520,08;70,7;200,33;129,63;31,68;Sanayi;Haftaici;10;2017
17.10.2017;91,37;2,79;1349,49;61,65;161,91;100,26;22,51;Sanayi;Haftaici;10;2017
16.10.2017;64,17;11,01;892,86;49,08;97,54;48,46;16,52;Sanayi;Haftaici;10;2017
15.10.2017;46,11;3,74;872,44;43,12;88,8;45,68;14,6;Sanayi;Haftasonu ;10;2017
14.10.2017;69,41;4,23;939,66;54,4;100,35;45,94;22,97;Sanayi;Haftasonu ;10;2017
13.10.2017;114,83;11,86;1710,65;62,91;179,4;116,49;31,65;Sanayi;Haftaici;10;2017
12.10.2017;90,44;3,93;1417,73;53,99;141,51;87,52;22,26;Sanayi;Haftaici;10;2017
11.10.2017;88,53;3,87;1411,7;59,81;154,06;94,25;22,43;Sanayi;Haftaici;10;2017
10.10.2017;72,87;6,7;1023,41;55,33;117,23;61,9;21,04;Sanayi;Haftaici;10;2017
9.10.2017;62,97;4,9;894,37;51,21;99,85;48,64;14,44;Sanayi;Haftaici;10;2017
8.10.2017;77,26;3,56;524,92;33,41;48,13;14,72;13,59;Sanayi;Haftasonu ;10;2017
7.10.2017;115,79;6,79;1619,75;60,86;156,87;96,01;25,44;Sanayi;Haftasonu ;10;2017
6.10.2017;104,91;4,52;1661,94;57,51;172,48;114,98;21,85;Sanayi;Haftaici;10;2017
5.10.2017;111,75;8,57;1558,16;62,79;158,47;95,68;29,17;Sanayi;Haftaici;10;2017
4.10.2017;88,55;3,2;1058,28;48,91;111,77;62,86;18,79;Sanayi;Haftaici;10;2017
3.10.2017;64,37;2,79;719,26;44,22;70,93;26,71;14,8;Sanayi;Haftaici;10;2017
2.10.2017;65,45;0,9;788,84;46,68;87,69;41,01;14,66;Sanayi;Haftaici;10;2017
1.10.2017;55,46;3,07;724,48;45,88;67,32;21,44;15,96;Sanayi;Haftasonu ;10;2017
30.09.2017;70,78;2,95;812,93;46,76;91,5;44,74;16,43;Sanayi;Haftasonu ;9;2017
29.09.2017;74,5;2,71;752,14;44,82;77,85;33,03;16,68;Sanayi;Haftaici;9;2017
28.09.2017;77,79;5,12;813,45;50,59;80,8;30,21;25,46;Sanayi;Haftaici;9;2017
27.09.2017;84,39;6,26;1154,95;59,2;125,77;66,57;23,34;Sanayi;Haftaici;9;2017
26.09.2017;85,08;2,3;1134,06;55,94;114,27;58,33;40,04;Sanayi;Haftaici;9;2017
25.09.2017;91,22;3,86;1076,45;59,11;112,7;53,59;16,08;Sanayi;Haftaici;9;2017
24.09.2017;79,61;3,84;864,11;55,1;80,31;25,21;17,94;Sanayi;Haftasonu ;9;2017
23.09.2017;74,28;8,63;786,5;50,66;80,42;29,76;19,94;Sanayi;Haftasonu ;9;2017
22.09.2017;61,86;3,15;736,69;48,77;78,96;30,2;11,53;Sanayi;Haftaici;9;2017
21.09.2017;154,33;2,87;939,47;49,64;108,18;58,54;22,66;Sanayi;Haftaici;9;2017
20.09.2017;149,4;8,6;1624,59;71,98;189,2;117,22;31,56;Sanayi;Haftaici;9;2017
19.09.2017;144,11;5,01;1142,43;82,08;157,09;75;31,94;Sanayi;Haftaici;9;2017
18.09.2017;191,01;;2584,74;119,9;408,26;288,36;38,32;Sanayi;Haftaici;9;2017
17.09.2017;137,57;4,04;1788,14;72,49;209,58;137,09;24,76;Sanayi;Haftasonu ;9;2017
16.09.2017;151,56;6,64;1101,2;85,75;169,03;83,28;24,36;Sanayi;Haftasonu ;9;2017
15.09.2017;146,89;7,22;1674,55;107,8;260,12;152,32;22,55;Sanayi;Haftaici;9;2017
14.09.2017;114,25;6,81;827,11;73,81;114,32;40,51;16,38;Sanayi;Haftaici;9;2017
13.09.2017;207,35;4,66;1740,77;89,99;254,21;164,22;29,22;Sanayi;Haftaici;9;2017
12.09.2017;181,32;6,7;1671,59;90,04;264,4;174,36;27,64;Sanayi;Haftaici;9;2017
11.09.2017;181,09;9,55;1760,37;96,73;267,43;170,69;25,76;Sanayi;Haftaici;9;2017
10.09.2017;171,77;9,81;1384,49;62,73;174;111,27;26,83;Sanayi;Haftasonu ;9;2017
9.09.2017;141,72;12,63;1828,7;100,8;259,73;158,93;27,58;Sanayi;Haftasonu ;9;2017
8.09.2017;154,54;11,89;2384,66;99,37;314,92;215,55;20,86;Sanayi;Haftaici;9;2017
7.09.2017;87,93;7,01;1322,87;85,85;185;99,14;18,17;Sanayi;Haftaici;9;2017
6.09.2017;61,33;8,27;596,76;52,59;83,48;30,88;14,35;Sanayi;Haftaici;9;2017
5.09.2017;95,95;7,34;893,6;72,01;126,81;54,8;26,24;Sanayi;Haftaici;9;2017
4.09.2017;74,99;8,42;1086,73;66,01;142,83;76,82;17,54;Sanayi;Haftaici;9;2017
3.09.2017;73,29;9,63;1164,25;69,41;136,22;66,81;22,17;Sanayi;Haftasonu ;9;2017
2.09.2017;47,78;9,13;1012,05;60,22;124,1;63,88;12,37;Sanayi;Haftasonu ;9;2017
1.09.2017;38,9;6,42;869,44;51,21;100,84;49,63;10,66;Sanayi;Haftaici;9;2017
31.08.2017;34,38;3,88;630,59;36,72;61,7;24,98;8,74;Sanayi;Haftaici;8;2017
30.08.2017;58,09;5,4;714,36;49,11;77,06;27,95;14,22;Sanayi;Haftaici;8;2017
29.08.2017;68;5,3;580,65;50,9;71,9;21;13,63;Sanayi;Haftaici;8;2017
28.08.2017;52,57;4,67;621,72;49;74,64;25,64;11,89;Sanayi;Haftaici;8;2017
27.08.2017;57,66;3,81;564,94;44,26;61,51;17,25;9,11;Sanayi;Haftasonu ;8;2017
26.08.2017;45,05;6,2;535,3;43,66;70,05;26,39;8,62;Sanayi;Haftasonu ;8;2017
25.08.2017;43,55;;540,39;43,14;68,04;24,9;8,42;Sanayi;Haftaici;8;2017
24.08.2017;53,6;1,9;812,61;63,37;109,24;45,87;14,74;Sanayi;Haftaici;8;2017
23.08.2017;45,33;4,94;725,19;63,54;105,53;41,99;10;Sanayi;Haftaici;8;2017
22.08.2017;57,68;7,62;582,19;56,01;83,13;27,12;14,59;Sanayi;Haftaici;8;2017
21.08.2017;70,17;6,59;788,57;74,01;113,09;39,08;19,37;Sanayi;Haftaici;8;2017
20.08.2017;94,28;6,64;1085,61;65,62;135,42;69,8;22,31;Sanayi;Haftasonu ;8;2017
19.08.2017;72,36;4,68;849,58;65,54;115,53;49,99;20,09;Sanayi;Haftasonu ;8;2017
18.08.2017;74,7;4,61;732;60,99;91,35;30,36;20,78;Sanayi;Haftaici;8;2017
17.08.2017;68,76;3,31;869,3;65,45;95,19;29,75;33,35;Sanayi;Haftaici;8;2017
16.08.2017;116,52;1,75;712,82;66,62;92,64;26,02;22;Sanayi;Haftaici;8;2017
15.08.2017;82,81;14,6;726,47;61,69;90,49;28,79;18,94;Sanayi;Haftaici;8;2017
14.08.2017;112,68;11,01;633,42;64,83;95,79;30,96;22,93;Sanayi;Haftaici;8;2017
13.08.2017;85,96;9,39;930,04;60,04;113,71;53,67;19,98;Sanayi;Haftasonu ;8;2017
12.08.2017;94;4,69;681,61;58,91;88,38;29,46;20,09;Sanayi;Haftasonu ;8;2017
11.08.2017;78,64;6,86;736,37;61,78;105,1;43,32;20,42;Sanayi;Haftaici;8;2017
10.08.2017;91,57;7,16;650,83;52,41;87,72;35,31;17,38;Sanayi;Haftaici;8;2017
9.08.2017;110,65;6,46;615;54,9;86,56;31,66;16,8;Sanayi;Haftaici;8;2017
8.08.2017;90,79;6,22;787,52;67,04;112,2;45,15;21,68;Sanayi;Haftaici;8;2017
7.08.2017;120,67;5,75;1360,22;83,83;166,56;82,74;31,44;Sanayi;Haftaici;8;2017
6.08.2017;64,59;6,32;638,41;49,58;69,4;19,82;16,47;Sanayi;Haftasonu ;8;2017
5.08.2017;84,53;5,24;677,87;51,43;81,06;29,64;18,18;Sanayi;Haftasonu ;8;2017
4.08.2017;97,37;3,91;893,08;60,94;96,04;35,11;23,07;Sanayi;Haftaici;8;2017
3.08.2017;106,88;6,72;806,06;58,23;94,98;36,75;21,76;Sanayi;Haftaici;8;2017
2.08.2017;85,94;4,55;741,79;50,69;87,45;36,76;22,15;Sanayi;Haftaici;8;2017
1.08.2017;70,31;5,37;657,43;46,48;79,08;32,61;18,33;Sanayi;Haftaici;8;2017
31.07.2017;63,23;5,45;722,04;47,3;91,75;44,45;9,45;Sanayi;Haftaici;7;2017
30.07.2017;47,42;5,81;520,52;35,93;57,29;21,37;9,24;Sanayi;Haftasonu ;7;2017
29.07.2017;54,4;8,23;587,36;49,57;82,69;33,12;13,22;Sanayi;Haftasonu ;7;2017
28.07.2017;81,85;9,67;591,32;47,17;72,26;25,09;15,75;Sanayi;Haftaici;7;2017
27.07.2017;133,78;6,96;756,88;61,31;113,17;51,85;19,7;Sanayi;Haftaici;7;2017
26.07.2017;139,85;9,22;1043,37;73,96;155,41;81,45;21,33;Sanayi;Haftaici;7;2017
25.07.2017;95,28;6,3;930,53;67,43;128,97;61,55;21,7;Sanayi;Haftaici;7;2017
24.07.2017;74,27;;709,27;60,85;95,28;34,43;19,65;Sanayi;Haftaici;7;2017
23.07.2017;42,89;16,13;625,55;44,63;71,29;26,66;8,23;Sanayi;Haftasonu ;7;2017
22.07.2017;71,7;9,9;704,2;52,5;82,98;30,49;14,69;Sanayi;Haftasonu ;7;2017
21.07.2017;58,11;26,56;701,59;55,61;93,94;38,32;9,62;Sanayi;Haftaici;7;2017
20.07.2017;59,29;28,9;748,77;58,01;101,01;43;11,9;Sanayi;Haftaici;7;2017
19.07.2017;64,75;5,09;649,75;50,37;91,17;40,8;19,94;Sanayi;Haftaici;7;2017
18.07.2017;88,24;;667,48;;;;18,16;Sanayi;Haftaici;7;2017
17.07.2017;76,8;11,4;864,6;66,63;102,91;36,28;20,17;Sanayi;Haftaici;7;2017
16.07.2017;88,4;6,89;620,2;41,48;55,42;13,95;19,46;Sanayi;Haftasonu ;7;2017
15.07.2017;70,45;14,37;714,12;43,71;66,89;23,17;14,9;Sanayi;Haftasonu ;7;2017
14.07.2017;73,15;12,39;730,77;49,29;81,08;31,79;12,74;Sanayi;Haftaici;7;2017
13.07.2017;81,5;16,18;735,2;55,63;90,74;35,11;12,07;Sanayi;Haftaici;7;2017
12.07.2017;74;11,84;734,35;58,78;86,83;28,05;13,2;Sanayi;Haftaici;7;2017
11.07.2017;67,48;10,9;769,64;56,53;87,12;30,59;14,29;Sanayi;Haftaici;7;2017
10.07.2017;49,61;8,88;635,16;43,63;69,38;25,75;9,42;Sanayi;Haftaici;7;2017
9.07.2017;40,34;8,96;546,74;34,38;54,99;20,62;6,38;Sanayi;Haftasonu ;7;2017
8.07.2017;48,25;8,87;608,67;36,8;60,58;23,78;10,58;Sanayi;Haftasonu ;7;2017
7.07.2017;53,45;9,18;712,96;42,01;77,4;35,4;15,37;Sanayi;Haftaici;7;2017
6.07.2017;47,17;7,41;684,11;41,9;73,46;31,56;7,42;Sanayi;Haftaici;7;2017
5.07.2017;49,74;6,77;676,4;41,16;73,76;32,6;9,03;Sanayi;Haftaici;7;2017
4.07.2017;104,97;5,29;593,9;39,13;62,98;23,85;18,31;Sanayi;Haftaici;7;2017
3.07.2017;81,17;25,83;1259,73;74,68;137,31;62,64;12,46;Sanayi;Haftaici;7;2017
2.07.2017;55,07;21,53;934,58;58,25;90,87;32,62;10,59;Sanayi;Haftasonu ;7;2017
1.07.2017;76,32;17,46;631,48;42,34;67,1;24,76;11,69;Sanayi;Haftasonu ;7;2017
30.06.2017;98,49;16,14;819,27;50,63;86,07;35,44;16,09;Sanayi;Haftaici;6;2017
29.06.2017;61,81;4,15;663,86;46,38;74,87;28,49;12,94;Sanayi;Haftaici;6;2017
28.06.2017;56,37;10,05;654,83;43,72;66,71;22,98;18,09;Sanayi;Haftaici;6;2017
27.06.2017;49,91;16,43;609;37,46;51,79;14,33;14,89;Sanayi;Haftaici;6;2017
26.06.2017;29,16;10,01;663,24;37,89;51,97;14,08;9,13;Sanayi;Haftaici;6;2017
25.06.2017;27,45;8,17;484,42;27,05;37,43;10,38;9,24;Sanayi;Haftasonu ;6;2017
24.06.2017;51,91;7,97;526,29;;;;18,2;Sanayi;Haftasonu ;6;2017
23.06.2017;51,18;7,39;890,4;71,03;122,27;51,24;14,81;Sanayi;Haftaici;6;2017
22.06.2017;62,4;9,48;930,21;41,61;111,65;70,05;17,48;Sanayi;Haftaici;6;2017
21.06.2017;83,25;5,59;988,93;43,86;121,19;77,33;24,3;Sanayi;Haftaici;6;2017
20.06.2017;63,73;5,28;882,59;40,05;108,67;68,62;13,64;Sanayi;Haftaici;6;2017
19.06.2017;51,36;8;896,63;37,24;98,42;61,18;16,21;Sanayi;Haftaici;6;2017
18.06.2017;62,33;;623,83;40,76;66,51;25,75;13,81;Sanayi;Haftasonu ;6;2017
17.06.2017;64,93;5,53;804,58;39,82;92,93;53,11;15,87;Sanayi;Haftasonu ;6;2017
16.06.2017;48,35;8,19;675,33;36,72;85,52;48,81;12,41;Sanayi;Haftaici;6;2017
15.06.2017;71,82;10,09;474,42;36,05;89,02;52,97;18,67;Sanayi;Haftaici;6;2017
14.06.2017;70,92;14,46;350,74;38,78;90,41;51,62;18,32;Sanayi;Haftaici;6;2017
13.06.2017;64,45;;400,46;39,65;100,73;61,08;13,66;Sanayi;Haftaici;6;2017
12.06.2017;57,97;;462,2;37,16;102,44;65,28;11,7;Sanayi;Haftaici;6;2017
11.06.2017;45,08;;;34,63;67,93;33,3;9,03;Sanayi;Haftasonu ;6;2017
10.06.2017;53,14;;276,26;36,09;76,13;40,04;12,78;Sanayi;Haftasonu ;6;2017
9.06.2017;83,9;;434,34;40,97;106,3;65,33;12,95;Sanayi;Haftaici;6;2017
8.06.2017;76,85;;393,8;43,15;107,72;64,58;19,79;Sanayi;Haftaici;6;2017
7.06.2017;68,68;11,61;602,99;46,76;111,09;64,33;16,22;Sanayi;Haftaici;6;2017
6.06.2017;55,24;9,01;632,2;48,52;114,13;65,61;12,05;Sanayi;Haftaici;6;2017
5.06.2017;58,78;10,55;;43,88;88,96;45,08;15,84;Sanayi;Haftaici;6;2017
4.06.2017;52,17;8,24;413,02;43,32;79,44;36,13;11,94;Sanayi;Haftasonu ;6;2017
3.06.2017;52,11;11,83;534,79;49,39;99,66;50,27;13,2;Sanayi;Haftasonu ;6;2017
2.06.2017;67,97;10,27;706,04;49,35;113,6;64,26;13,11;Sanayi;Haftaici;6;2017
1.06.2017;70,31;2,26;711,75;45,55;109,35;63,79;19,52;Sanayi;Haftaici;6;2017
30.05.2017;42,21;7,84;367,03;44,37;82,65;38,28;10,79;Sanayi;Haftaici;5;2017
29.05.2017;42,86;7,57;407,24;45,07;89,21;44,14;8,63;Sanayi;Haftaici;5;2017
28.05.2017;40,07;9,16;394,26;36,19;76,02;39,83;12,23;Sanayi;Haftasonu ;5;2017
27.05.2017;52,74;8,05;414,67;44,06;91,4;47,33;17,98;Sanayi;Haftasonu ;5;2017
26.05.2017;92,01;7,9;972,38;50,52;135,64;85,11;21,84;Sanayi;Haftaici;5;2017
25.05.2017;70,58;8,92;578,05;49,78;109,41;59,63;18,86;Sanayi;Haftaici;5;2017
24.05.2017;59,78;9,11;629,97;50,32;103,12;52,8;16,64;Sanayi;Haftaici;5;2017
23.05.2017;43,21;3,73;464,06;47,96;96,07;48,11;12,64;Sanayi;Haftaici;5;2017
22.05.2017;42,84;7,75;483,72;48,15;90,14;41,99;13,42;Sanayi;Haftaici;5;2017
21.05.2017;53,19;7,42;372,81;37,83;66,75;28,92;11,98;Sanayi;Haftasonu ;5;2017
20.05.2017;48,83;8,53;481,64;40,24;82,6;42,36;12,81;Sanayi;Haftasonu ;5;2017
19.05.2017;56,83;7,46;456,17;25,45;85,6;60,15;6,96;Sanayi;Haftaici;5;2017
18.05.2017;52,43;8,93;410,01;36,15;84,04;47,89;9,2;Sanayi;Haftaici;5;2017
17.05.2017;46,58;6,38;342,12;36,82;75,5;38,68;12,52;Sanayi;Haftaici;5;2017
16.05.2017;64,34;9,81;618,3;20,91;101,03;80,12;12,12;Sanayi;Haftaici;5;2017
15.05.2017;50,51;6,96;379,43;41,33;77,41;36,09;6,96;Sanayi;Haftaici;5;2017
14.05.2017;159,12;;427,01;43,74;68,27;24,53;22,22;Sanayi;Haftasonu ;5;2017
13.05.2017;198,18;9,96;886,45;56,2;148,12;91,92;25,93;Sanayi;Haftasonu ;5;2017
12.05.2017;92,81;11,87;751,13;66,05;135,06;69,01;10;Sanayi;Haftaici;5;2017
11.05.2017;63,95;11,46;781,35;63,53;146,26;82,72;10,76;Sanayi;Haftaici;5;2017
10.05.2017;56,87;11,57;488,71;57,62;99,79;42,17;5,63;Sanayi;Haftaici;5;2017
9.05.2017;93,22;9,03;355,81;34,02;61,95;27,93;10,73;Sanayi;Haftaici;5;2017
8.05.2017;108,79;6,65;443,49;41,48;74,46;32,97;9,57;Sanayi;Haftaici;5;2017
7.05.2017;51,81;8,12;510,76;52,27;87,99;35,72;7,85;Sanayi;Haftasonu ;5;2017
6.05.2017;86,11;6,48;627,05;62,67;107,29;44,62;10,78;Sanayi;Haftasonu ;5;2017
5.05.2017;77,54;10,82;743,24;66,2;119,66;53,47;10,95;Sanayi;Haftaici;5;2017
4.05.2017;68,89;11,41;626;58,48;102,22;43,74;10,7;Sanayi;Haftaici;5;2017
3.05.2017;73,85;10,14;709,33;65,44;118,75;53,31;12,47;Sanayi;Haftaici;5;2017
2.05.2017;102,63;13,54;813,17;64,51;122,85;58,34;19,7;Sanayi;Haftaici;5;2017
1.05.2017;113,41;9,79;623,33;59,35;96,49;37,14;15,05;Sanayi;Haftaici;5;2017
30.04.2017;97,61;12,3;728,97;61,33;112,16;50,83;15,51;Sanayi;Haftasonu ;4;2017
29.04.2017;89,02;4,17;805,41;73,99;135,17;61,18;14,59;Sanayi;Haftasonu ;4;2017
28.04.2017;88,83;12,89;937,35;73,64;152,57;78,93;12,4;Sanayi;Haftaici;4;2017
27.04.2017;99,94;10,07;1156,35;70,4;191,02;120,61;18,17;Sanayi;Haftaici;4;2017
26.04.2017;102,69;6,71;1106,15;63,24;182,74;119,5;16,79;Sanayi;Haftaici;4;2017
25.04.2017;52,26;6,21;591,75;49,65;89,14;39,49;8,07;Sanayi;Haftaici;4;2017
24.04.2017;62,35;10,15;681,72;60,52;119,71;59,19;16,36;Sanayi;Haftaici;4;2017
23.04.2017;39,7;5,24;443,03;43,02;69,43;26,42;10,52;Sanayi;Haftasonu ;4;2017
22.04.2017;76,04;6,31;628,41;46,84;109,89;63,04;10,49;Sanayi;Haftasonu ;4;2017
21.04.2017;36,24;6,39;717,87;56,67;118,7;62,03;12,16;Sanayi;Haftaici;4;2017
20.04.2017;78,83;2,58;395,5;41,83;82,18;40,34;11,41;Sanayi;Haftaici;4;2017
19.04.2017;72,34;6,91;668,5;61,97;146,1;84,13;10,73;Sanayi;Haftaici;4;2017
18.04.2017;54,93;8,14;660,8;56,6;102,44;45,84;11,74;Sanayi;Haftaici;4;2017
17.04.2017;56,96;8,17;971,15;84,35;145,69;61,35;9,98;Sanayi;Haftaici;4;2017
16.04.2017;51,58;6,48;875,23;77,18;116,05;38,86;12,94;Sanayi;Haftasonu ;4;2017
15.04.2017;70,35;14,66;1032,84;91,26;154,7;63,44;12,8;Sanayi;Haftasonu ;4;2017
14.04.2017;57,56;8,29;932,01;92,94;152,25;59,3;12,54;Sanayi;Haftaici;4;2017
13.04.2017;69,95;5,28;931,03;72,99;127,07;54,08;14,22;Sanayi;Haftaici;4;2017
12.04.2017;71,32;7,54;766,61;81,16;119,13;37,97;8,29;Sanayi;Haftaici;4;2017
11.04.2017;53,96;10,54;898,89;84,31;134,35;50,04;9,69;Sanayi;Haftaici;4;2017
10.04.2017;42,52;9;782;75,7;137,35;61,65;6,61;Sanayi;Haftaici;4;2017
9.04.2017;38,66;8,14;653,89;64,4;99,23;34,82;9,86;Sanayi;Haftasonu ;4;2017
8.04.2017;59,19;8,92;792,29;81,96;139,64;57,67;14,84;Sanayi;Haftasonu ;4;2017
7.04.2017;74,41;10,8;853,2;95,26;153,86;58,6;13,99;Sanayi;Haftaici;4;2017
6.04.2017;;8,1;793,47;89,26;134,88;45,62;;Sanayi;Haftaici;4;2017
5.04.2017;;9,07;;99,75;165,04;65,3;;Sanayi;Haftaici;4;2017
4.04.2017;;12,51;;76,8;108,51;31,71;;Sanayi;Haftaici;4;2017
3.04.2017;62,43;11,75;1276,45;113,57;224,18;110,61;38,93;Sanayi;Haftaici;4;2017
2.04.2017;38,86;10,17;785,47;67,79;111,73;43,94;17,64;Sanayi;Haftasonu ;4;2017
1.04.2017;38,15;7,52;697,34;65,38;106,15;40,77;;Sanayi;Haftasonu ;4;2017
31.03.2017;45,11;8,9;818,97;84,91;149,23;64,32;15,73;Sanayi;Haftaici;3;2017
30.03.2017;56,78;7,7;1004,24;97,11;158,21;61,1;23,18;Sanayi;Haftaici;3;2017
29.03.2017;57,4;9,52;975,37;79,14;137,69;58,55;22,86;Sanayi;Haftaici;3;2017
28.03.2017;67,58;9,67;1182,99;100,91;189,35;88,44;35,67;Sanayi;Haftaici;3;2017
27.03.2017;53,67;4,73;841,01;74,7;131,53;56,83;22,84;Sanayi;Haftaici;3;2017
26.03.2017;59,86;5,03;801,84;73,95;108,9;34,95;33,81;Sanayi;Haftasonu ;3;2017
25.03.2017;55,73;12,22;1134,92;94,3;179,2;84,9;21,84;Sanayi;Haftasonu ;3;2017
24.03.2017;66,76;11,11;1276,72;88,88;165,71;74,95;25,65;Sanayi;Haftaici;3;2017
23.03.2017;39,4;6,92;974,02;38,37;56,5;18,13;6,44;Sanayi;Haftaici;3;2017
22.03.2017;34,47;7,13;996,12;94,2;152,05;57,85;7,67;Sanayi;Haftaici;3;2017
21.03.2017;41,99;9,54;1232,06;172,33;382,21;209,88;10,67;Sanayi;Haftaici;3;2017
20.03.2017;38,08;11,27;990,36;80,77;132,58;51,81;11,48;Sanayi;Haftaici;3;2017
19.03.2017;42,37;6,33;998,39;113,15;178,87;65,72;10,1;Sanayi;Haftasonu ;3;2017
18.03.2017;38,05;12,49;958,36;108,86;204,31;95,45;9,48;Sanayi;Haftasonu ;3;2017
17.03.2017;30,98;6,78;1198,48;161,92;303,04;141,12;8,21;Sanayi;Haftaici;3;2017
16.03.2017;74,42;5,31;1343,58;197,43;338,02;140,59;15,07;Sanayi;Haftaici;3;2017
14.03.2017;31,89;4,45;1204,27;124,54;258,77;134,23;11,05;Sanayi;Haftaici;3;2017
13.03.2017;43,21;7,23;1246,39;156,66;301,53;144,87;9,99;Sanayi;Haftaici;3;2017
12.03.2017;20,31;6,06;911,23;154,11;250,61;96,51;7,49;Sanayi;Haftasonu ;3;2017
11.03.2017;119,83;7,25;920,3;141,55;235,69;94,14;29,76;Sanayi;Haftasonu ;3;2017
10.03.2017;35,86;6,97;940,4;149,29;232,21;82,92;11,49;Sanayi;Haftaici;3;2017
9.03.2017;72,7;10,84;1102,5;92,16;127,31;35,15;16,85;Sanayi;Haftaici;3;2017
8.03.2017;54,71;6,19;1271,49;97,14;182,12;84,98;13,18;Sanayi;Haftaici;3;2017
7.03.2017;61,01;8,73;1263,75;107,94;189,94;82,01;16,29;Sanayi;Haftaici;3;2017
6.03.2017;67,56;10,55;1418,01;145,08;296,16;151,08;15,89;Sanayi;Haftaici;3;2017
5.03.2017;72,85;8,64;1180,95;146,33;263,37;117,05;16,4;Sanayi;Haftasonu ;3;2017
4.03.2017;47,98;4,98;846,99;128,25;227,33;99,08;11,57;Sanayi;Haftasonu ;3;2017
3.03.2017;69,73;4,29;1438,83;184,06;429,09;245,03;23,39;Sanayi;Haftaici;3;2017
2.03.2017;93,58;5,96;1468,19;186,89;378,71;191,82;29,01;Sanayi;Haftaici;3;2017
1.03.2017;60,86;9,72;969,11;94,99;128,87;33,89;16,33;Sanayi;Haftaici;3;2017
28.02.2017;78,61;8,62;1346,11;145,52;236,48;90,96;24,26;Sanayi;Haftaici;2;2017
27.02.2017;125,86;15,7;1958,21;191,01;477,41;286,4;35,63;Sanayi;Haftaici;2;2017
26.02.2017;96,47;9,97;1696,01;155,69;317,67;161,99;24,79;Sanayi;Haftasonu ;2;2017
25.02.2017;67,22;10,87;1490,05;89,85;179,68;89,84;17,44;Sanayi;Haftasonu ;2;2017
24.02.2017;62,55;7,48;1687,82;102,03;191,25;89,22;15,48;Sanayi;Haftaici;2;2017
23.02.2017;81,4;13,86;1869,43;100,54;198,41;97,87;24,64;Sanayi;Haftaici;2;2017
22.02.2017;67,21;9,51;1201,83;140,11;263,45;123,34;16,85;Sanayi;Haftaici;2;2017
21.02.2017;69,22;7,25;1224,43;;;;17,97;Sanayi;Haftaici;2;2017
20.02.2017;44,52;8,03;1064,83;;;;20,42;Sanayi;Haftaici;2;2017
19.02.2017;71,93;9,89;1374,33;;;;23,88;Sanayi;Haftasonu ;2;2017
18.02.2017;84,85;9,33;1778,38;;;;26,08;Sanayi;Haftasonu ;2;2017
17.02.2017;80,92;9,69;1594,95;;;;26,62;Sanayi;Haftaici;2;2017
16.02.2017;38,17;5,58;1020,47;;;;15,27;Sanayi;Haftaici;2;2017
15.02.2017;67,19;13,92;1227,34;;;;24,36;Sanayi;Haftaici;2;2017
14.02.2017;43,59;;1115;;;;18,23;Sanayi;Haftaici;2;2017
13.02.2017;;;1208,81;;;;;Sanayi;Haftaici;2;2017
10.02.2017;113,77;;1463,79;;;;44,16;Sanayi;Haftaici;2;2017
9.02.2017;125,78;10,57;1861,93;;;;42,7;Sanayi;Haftaici;2;2017
8.02.2017;120,71;8,46;1710,68;;;;41,99;Sanayi;Haftaici;2;2017
7.02.2017;106,84;9,97;1560,19;;;;39,81;Sanayi;Haftaici;2;2017
6.02.2017;68,44;6,51;1399,03;;;;22,19;Sanayi;Haftaici;2;2017
5.02.2017;33,37;6,27;971,25;;;;18,98;Sanayi;Haftasonu ;2;2017
4.02.2017;119,16;13,29;1737,85;;;;42,67;Sanayi;Haftasonu ;2;2017
3.02.2017;97,19;13,51;1707,04;;;;37,06;Sanayi;Haftaici;2;2017
2.02.2017;91,89;9,52;1453,57;;;;31,67;Sanayi;Haftaici;2;2017
1.02.2017;90,44;9,7;1637,83;;;;38,63;Sanayi;Haftaici;2;2017
31.01.2017;70,68;10,23;1266,45;;;;21,68;Sanayi;Haftaici;1;2017
30.01.2017;111,71;13,8;1523,34;;;;28,66;Sanayi;Haftaici;1;2017
29.01.2017;47,09;17,49;936,71;;;;10,81;Sanayi;Haftasonu ;1;2017
28.01.2017;90,45;14,65;1190,54;;;;21,89;Sanayi;Haftasonu ;1;2017
27.01.2017;35,92;10,99;958,65;;;;6,4;Sanayi;Haftaici;1;2017
26.01.2017;51,82;10,18;1118,07;;;;9,48;Sanayi;Haftaici;1;2017
25.01.2017;80,6;9,76;1575,69;;;;27,25;Sanayi;Haftaici;1;2017
24.01.2017;157,97;16,87;1993,5;;;;50,85;Sanayi;Haftaici;1;2017
23.01.2017;81,06;12,43;1323,36;;;;19,21;Sanayi;Haftaici;1;2017
22.01.2017;91,57;16,37;1007,51;;;;21,69;Sanayi;Haftasonu ;1;2017
21.01.2017;77,95;13,55;1137,27;;;;14,4;Sanayi;Haftasonu ;1;2017
20.01.2017;70,66;9,71;1515,68;;;;23,82;Sanayi;Haftaici;1;2017
19.01.2017;126,58;10,6;1852,44;69,53;144,65;75,13;38,12;Sanayi;Haftaici;1;2017
18.01.2017;124,24;10,51;3182,96;95,63;301,42;205,79;47,53;Sanayi;Haftaici;1;2017
17.01.2017;107,33;12,3;2161,91;85,94;191,37;105,43;37,61;Sanayi;Haftaici;1;2017
16.01.2017;80,68;12,85;2009;96,04;212,24;116,2;26,48;Sanayi;Haftaici;1;2017
15.01.2017;129,81;16,15;1998,9;95,21;196;100,79;43,29;Sanayi;Haftasonu ;1;2017
14.01.2017;104,02;13,84;1342,58;76,44;122,87;46,43;30,05;Sanayi;Haftasonu ;1;2017
13.01.2017;79,01;17,15;1207,14;69,94;114,57;44,63;16,89;Sanayi;Haftaici;1;2017
12.01.2017;37,16;9,74;1386,01;76,12;142,92;66,81;10,35;Sanayi;Haftaici;1;2017
11.01.2017;34,63;11,79;1549;80,08;175,46;95,37;10,77;Sanayi;Haftaici;1;2017
10.01.2017;45,47;12,28;1010,4;56,58;91,59;35,01;15,15;Sanayi;Haftaici;1;2017
9.01.2017;58,71;15,82;1360,25;75,03;157,52;82,49;20,92;Sanayi;Haftaici;1;2017
8.01.2017;31,92;9,95;1039,7;52,94;96,29;43,35;12,7;Sanayi;Haftasonu ;1;2017
7.01.2017;22,73;9,31;974,74;56,77;102,76;45,99;7,77;Sanayi;Haftasonu ;1;2017
6.01.2017;19,52;15,27;840,49;59,23;105,03;45,8;4,54;Sanayi;Haftaici;1;2017
5.01.2017;49,86;10,88;1897,64;89,11;202,49;113,38;18,23;Sanayi;Haftaici;1;2017
4.01.2017;66,07;10,63;1257,43;74,82;121,07;46,25;22,95;Sanayi;Haftaici;1;2017
3.01.2017;81,84;10,26;1475,4;92,6;171;78,4;26,42;Sanayi;Haftaici;1;2017
2.01.2017;;13,82;1806,81;85,89;163,52;77,63;;Sanayi;Haftaici;1;2017
1.01.2017;;13,72;999,56;69,21;103,89;34,68;;Sanayi;Haftasonu ;1;2017
31.12.2016;41,82;24,59;1244,1;70,82;153,24;82,42;16,32;Sanayi;Haftasonu ;12;2016
30.12.2016;47,03;10,92;1521,72;75,93;181,42;105,49;24,05;Sanayi;Haftaici;12;2016
29.12.2016;33;11,28;1281,82;71,82;149,55;77,73;19,67;Sanayi;Haftaici;12;2016
28.12.2016;75,78;13,45;1188,73;67,84;130,06;62,22;28,24;Sanayi;Haftaici;12;2016
27.12.2016;77,74;21,74;1372,74;66,06;139,7;73,64;20,78;Sanayi;Haftaici;12;2016
26.12.2016;54,11;12,51;1526;61,85;149,51;87,66;24,26;Sanayi;Haftaici;12;2016
25.12.2016;;24,53;1112,8;67,17;123,95;56,78;;Sanayi;Haftasonu ;12;2016
24.12.2016;116,25;16,7;2252,15;102,39;286,87;184,48;42,11;Sanayi;Haftasonu ;12;2016
23.12.2016;72,56;14,43;1756,69;84,56;183,44;98,88;41,2;Sanayi;Haftaici;12;2016
22.12.2016;41,41;10,64;1199,13;62,05;112,15;50,1;19,61;Sanayi;Haftaici;12;2016
21.12.2016;83,99;13,2;1344,8;63;149,01;86,01;53,1;Sanayi;Haftaici;12;2016
20.12.2016;94,1;13,82;1280,28;75,84;180,66;104,81;38,3;Sanayi;Haftaici;12;2016
19.12.2016;123,98;14,3;1692,97;91,23;256,86;165,63;39,62;Sanayi;Haftaici;12;2016
18.12.2016;109,58;13,64;1231,36;67,2;138,06;70,86;32,12;Sanayi;Haftasonu ;12;2016
17.12.2016;100,23;18,09;1296;66,22;168,28;102,06;32,9;Sanayi;Haftasonu ;12;2016
16.12.2016;59,04;39,58;1138,95;68,78;175,82;107,04;24,15;Sanayi;Haftaici;12;2016
15.12.2016;69,19;12,69;1183,95;74,71;173,87;99,17;23,99;Sanayi;Haftaici;12;2016
14.12.2016;54,06;13,24;1047,04;65,29;149,83;84,54;11,93;Sanayi;Haftaici;12;2016
13.12.2016;35,07;14,13;1135,76;61,24;141,6;80,35;15,44;Sanayi;Haftaici;12;2016
12.12.2016;207,9;21,07;4214,57;142,64;556,88;414,24;76,4;Sanayi;Haftaici;12;2016
11.12.2016;151,29;21,58;2818,7;101,09;360,22;259,13;55,21;Sanayi;Haftasonu ;12;2016
10.12.2016;109,14;27,72;2148,88;97,1;311,62;214,53;36,23;Sanayi;Haftasonu ;12;2016
9.12.2016;124,89;16,94;2056,42;93,27;317,88;224,61;33,77;Sanayi;Haftaici;12;2016
8.12.2016;76,86;13,73;1349,62;85,54;203,73;118,19;20,41;Sanayi;Haftaici;12;2016
7.12.2016;103,63;25,66;1626,71;76,21;174,22;98,01;30,2;Sanayi;Haftaici;12;2016
6.12.2016;130,6;13,97;1888,4;100,58;279,82;179,24;36,11;Sanayi;Haftaici;12;2016
5.12.2016;89,71;12,65;1639,16;81,37;178,9;97,52;34,73;Sanayi;Haftaici;12;2016
4.12.2016;130,39;12,99;1972,39;87,54;253,6;166,06;41,9;Sanayi;Haftasonu ;12;2016
3.12.2016;74,22;9,52;1108,17;63,39;185,21;121,82;19,97;Sanayi;Haftasonu ;12;2016
2.12.2016;39,41;12,39;1083,52;51,24;102,55;51,3;11,11;Sanayi;Haftaici;12;2016
1.12.2016;54,49;10,76;1151,48;57,89;155,18;97,29;14,99;Sanayi;Haftaici;12;2016
30.11.2016;48,13;10,67;1100,66;53,26;143,34;90,08;14,48;Sanayi;Haftaici;11;2016
29.11.2016;84,58;12,22;1297,85;72,6;155,33;82,73;28,84;Sanayi;Haftaici;11;2016
28.11.2016;136,14;20,12;2014,75;90,12;217,99;127,87;38,61;Sanayi;Haftaici;11;2016
27.11.2016;146,06;20,91;2326,69;107,55;337,21;229,66;50,43;Sanayi;Haftasonu ;11;2016
26.11.2016;214,91;25,33;2699,41;117,03;345,1;228,06;72,85;Sanayi;Haftasonu ;11;2016
25.11.2016;215,43;33,15;3259;136,75;451;314,24;75,11;Sanayi;Haftaici;11;2016
24.11.2016;179,34;24,35;2653,16;115,82;364,22;248,4;56,53;Sanayi;Haftaici;11;2016
23.11.2016;169,98;30,24;2279,43;105,53;276,7;171,17;69,33;Sanayi;Haftaici;11;2016
22.11.2016;118,72;23,93;1782,17;90,14;211,98;121,84;80,52;Sanayi;Haftaici;11;2016
21.11.2016;181;24,31;2598,57;118,79;416,43;297,64;106,59;Sanayi;Haftaici;11;2016
20.11.2016;186,14;21,41;2997,16;113,9;427,32;313,42;123,04;Sanayi;Haftasonu ;11;2016
19.11.2016;136,29;23,12;1809,05;90,95;218,61;127,67;91,94;Sanayi;Haftasonu ;11;2016
18.11.2016;109,05;17;1718,02;85,55;208,65;123,1;80,32;Sanayi;Haftaici;11;2016
17.11.2016;70,9;14,35;1238,64;63,9;128,01;64,12;44,91;Sanayi;Haftaici;11;2016
16.11.2016;59,21;7,18;975,58;58,98;115,39;56,41;28,69;Sanayi;Haftaici;11;2016
15.11.2016;62,59;9,1;1036,73;52,91;119,2;66,29;28,67;Sanayi;Haftaici;11;2016
14.11.2016;69,76;15,95;1084,13;81,82;169,35;87,54;28,34;Sanayi;Haftaici;11;2016
13.11.2016;69,54;8,8;873,36;53,9;89,56;35,66;18,2;Sanayi;Haftasonu ;11;2016
12.11.2016;99,07;12,31;1637,17;75,89;212,33;136,44;61,9;Sanayi;Haftasonu ;11;2016
11.11.2016;78,61;10,12;1301,78;75,95;172,24;96,29;26,35;Sanayi;Haftaici;11;2016
10.11.2016;63,06;9,73;1140,79;77,87;155,93;78,06;22,34;Sanayi;Haftaici;11;2016
9.11.2016;155,87;12,75;2007,85;82,61;211,03;128,43;49,69;Sanayi;Haftaici;11;2016
8.11.2016;154,04;15,07;2700,5;99,41;402,76;303,36;69,84;Sanayi;Haftaici;11;2016
7.11.2016;133,78;13,8;2662,01;104,31;394,81;290,51;64,51;Sanayi;Haftaici;11;2016
6.11.2016;119,02;16,05;2002,22;83,28;272,58;189,3;61,63;Sanayi;Haftasonu ;11;2016
5.11.2016;111,67;26,81;2068,46;90,34;245,58;155,24;58,64;Sanayi;Haftasonu ;11;2016
4.11.2016;120,67;24,84;2394,45;106,76;315,27;208,51;60,35;Sanayi;Haftaici;11;2016
3.11.2016;128,76;18,44;2183,22;107,83;319,37;211,55;67,62;Sanayi;Haftaici;11;2016
2.11.2016;62,51;14,94;1365,13;76,94;198,37;121,44;30,74;Sanayi;Haftaici;11;2016
1.11.2016;42,4;11,28;1065,29;67,26;140,69;73,43;16,05;Sanayi;Haftaici;11;2016
31.10.2016;45,45;12,77;1022,39;68,94;137,02;68,08;26,49;Sanayi;Haftaici;10;2016
30.10.2016;44,43;21,77;667,7;56,5;97,58;41,09;17,51;Sanayi;Haftasonu ;10;2016
29.10.2016;73,02;10,38;1471,89;72,91;176,1;103,19;36,6;Sanayi;Haftasonu ;10;2016
28.10.2016;64,7;11,22;1214,82;71,5;154,23;82,73;30,77;Sanayi;Haftaici;10;2016
27.10.2016;95,68;12,14;1553,28;95,51;203,92;108,41;43;Sanayi;Haftaici;10;2016
26.10.2016;102,32;11,28;1638,56;93,13;256,01;162,88;44,35;Sanayi;Haftaici;10;2016
25.10.2016;39,05;5,13;847,29;63,81;126,41;62,6;16,63;Sanayi;Haftaici;10;2016
24.10.2016;79,35;6,62;1714,79;120,53;267,75;147,22;15,7;Sanayi;Haftaici;10;2016
23.10.2016;130,43;14,02;1901,84;156,74;374,89;218,15;25,39;Sanayi;Haftasonu ;10;2016
22.10.2016;142,34;13,89;1965,26;168,2;471,18;302,98;25,42;Sanayi;Haftasonu ;10;2016
21.10.2016;99,68;9,86;1536,31;146,38;327,18;180,8;21,18;Sanayi;Haftaici;10;2016
20.10.2016;104,8;7,46;1815,05;145,74;385,46;239,71;25,04;Sanayi;Haftaici;10;2016
19.10.2016;112,87;6,69;1441,81;136,6;322,55;185,95;28,15;Sanayi;Haftaici;10;2016
18.10.2016;59,9;5,43;983,39;88,39;208,01;119,62;9,83;Sanayi;Haftaici;10;2016
17.10.2016;78,12;4,65;1237,36;92,42;213,27;120,85;15,85;Sanayi;Haftaici;10;2016
16.10.2016;107,24;5,08;1371,35;133,95;332,53;198,58;15,87;Sanayi;Haftasonu ;10;2016
15.10.2016;77,72;4,4;1014,73;106,68;225,87;119,19;14,71;Sanayi;Haftasonu ;10;2016
14.10.2016;70,89;2,98;915,82;108,7;198,82;90,12;8,26;Sanayi;Haftaici;10;2016
13.10.2016;90,3;4,57;1009,1;113,58;210,1;96,52;10,63;Sanayi;Haftaici;10;2016
12.10.2016;235,03;1,86;1123,93;95,2;203,24;108,04;22,87;Sanayi;Haftaici;10;2016
11.10.2016;102,62;6,15;1709,98;142,99;354,21;211,22;16,15;Sanayi;Haftaici;10;2016
10.10.2016;109,4;4,68;1871,53;154,76;404,6;249,84;19,32;Sanayi;Haftaici;10;2016
9.10.2016;87,96;2,45;1029,46;105,73;235,24;129,51;15,89;Sanayi;Haftasonu ;10;2016
8.10.2016;120,78;5,87;1338,22;126,16;252,17;126,01;11,18;Sanayi;Haftasonu ;10;2016
7.10.2016;96,07;8,86;1319,34;144,33;313,76;169,43;18,33;Sanayi;Haftaici;10;2016
6.10.2016;89,88;;1214,68;134,09;223,39;89,3;16,33;Sanayi;Haftaici;10;2016
5.10.2016;135,72;9,87;1600,97;172,08;347,8;175,71;21,89;Sanayi;Haftaici;10;2016
4.10.2016;134,48;13,79;1820,05;167,16;444,16;277;24,31;Sanayi;Haftaici;10;2016
3.10.2016;130,43;8,48;1917,7;183,33;478,25;294,92;18,04;Sanayi;Haftaici;10;2016
2.10.2016;108,7;6,24;1491,42;138,8;344,47;205,67;15,62;Sanayi;Haftasonu ;10;2016
1.10.2016;104,7;5,1;1404,08;140,13;356,84;216,71;14,77;Sanayi;Haftasonu ;10;2016
30.09.2016;58,71;2,49;1042,57;99,62;185,28;85,65;6,65;Sanayi;Haftaici;9;2016
29.09.2016;80,95;6,13;1345,71;123,69;330,12;206,43;13,11;Sanayi;Haftaici;9;2016
28.09.2016;39,82;1,89;894,52;90,81;155,28;64,48;9,19;Sanayi;Haftaici;9;2016
27.09.2016;101,32;5,51;1479,03;140,67;378,33;237,67;16,76;Sanayi;Haftaici;9;2016
26.09.2016;99,4;3,95;1229,71;135,66;315,1;179,44;13,92;Sanayi;Haftaici;9;2016
25.09.2016;55,59;1,15;682,97;78,88;131,92;53,04;5,52;Sanayi;Haftasonu ;9;2016
24.09.2016;69,96;1,47;790,57;81,2;165,65;84,45;6,95;Sanayi;Haftasonu ;9;2016
23.09.2016;67,2;1,05;741,91;87,57;162,9;75,33;5,84;Sanayi;Haftaici;9;2016
22.09.2016;133,91;2,27;1011,27;112,18;217;104,83;11,5;Sanayi;Haftaici;9;2016
21.09.2016;63,43;1,78;902,7;107,51;218,87;111,37;9,41;Sanayi;Haftaici;9;2016
20.09.2016;112,9;1,16;880,66;86,13;144,42;58,29;9,24;Sanayi;Haftaici;9;2016
19.09.2016;92,98;4,53;1327,04;138,05;321,01;182,96;13,21;Sanayi;Haftaici;9;2016
18.09.2016;70,41;3,38;1089,09;121,82;232,95;111,12;11,41;Sanayi;Haftasonu ;9;2016
17.09.2016;46,25;2,46;1068,02;110,39;257,63;147,24;8,2;Sanayi;Haftasonu ;9;2016
16.09.2016;44,01;1,12;811,56;96,08;166,99;70,91;7,43;Sanayi;Haftaici;9;2016
15.09.2016;42,85;1,16;829,84;81,97;142,15;60,18;8,99;Sanayi;Haftaici;9;2016
14.09.2016;39,65;0,52;724,54;72,85;115,4;42,55;10,88;Sanayi;Haftaici;9;2016
13.09.2016;63,93;0,79;866,77;86;167,99;81,98;10,34;Sanayi;Haftaici;9;2016
12.09.2016;38,93;0,79;631,48;62,12;92,45;30,34;8,43;Sanayi;Haftaici;9;2016
11.09.2016;62,88;1,26;911,07;68,45;101,09;32,64;11,62;Sanayi;Haftasonu ;9;2016
10.09.2016;85,06;3,16;1368,17;109,87;217,58;107,7;14,95;Sanayi;Haftasonu ;9;2016
9.09.2016;72,7;4,27;1136,44;79,33;134,58;55,25;11,51;Sanayi;Haftaici;9;2016
8.09.2016;70,67;3,87;1276,08;105,88;248,18;142,3;7,34;Sanayi;Haftaici;9;2016
7.09.2016;59,66;1,65;873,95;42,24;61,94;19,7;12,65;Sanayi;Haftaici;9;2016
6.09.2016;89,77;7,28;1375,21;98,6;184,37;85,77;13,85;Sanayi;Haftaici;9;2016
5.09.2016;65,94;11,3;2079,83;80,53;168,78;88,24;10,08;Sanayi;Haftaici;9;2016
4.09.2016;28,43;9,63;1332,64;42,78;67,13;24,35;6,97;Sanayi;Haftasonu ;9;2016
3.09.2016;35,32;11,02;2003,74;55,36;102,06;46,7;7,43;Sanayi;Haftasonu ;9;2016
2.09.2016;41,56;7,7;1593,99;87,28;154,83;67,55;8,04;Sanayi;Haftaici;9;2016
1.09.2016;42,7;7,3;1749,27;99,12;188,86;89,74;10,77;Sanayi;Haftaici;9;2016
31.08.2016;56,68;7,86;1847,99;103,24;182,41;79,17;14,28;Sanayi;Haftaici;8;2016
30.08.2016;58,59;6,12;2141,73;96,93;152,76;55,83;13,03;Sanayi;Haftaici;8;2016
29.08.2016;82,07;8,37;2065,93;123,32;191,38;68,05;7,76;Sanayi;Haftaici;8;2016
28.08.2016;67,42;6,01;1982,3;92,21;142,2;49,99;7,92;Sanayi;Haftasonu ;8;2016
27.08.2016;56,46;6;2124,87;106,23;188,19;81,96;10,65;Sanayi;Haftasonu ;8;2016
26.08.2016;65,92;5,76;2032,9;100,93;165,97;65,05;13,04;Sanayi;Haftaici;8;2016
25.08.2016;62,05;6,85;2436,74;100,92;171,41;70,49;10,38;Sanayi;Haftaici;8;2016
24.08.2016;89,51;8,57;715,56;109,7;205,96;96,26;18,61;Sanayi;Haftaici;8;2016
23.08.2016;71,22;4,62;1404,75;118,15;177,95;59,8;16,13;Sanayi;Haftaici;8;2016
22.08.2016;60,43;7,48;1512,87;113,84;186,77;72,93;10,51;Sanayi;Haftaici;8;2016
21.08.2016;62,9;8,3;1109,34;89,61;126,49;36,87;10,85;Sanayi;Haftasonu ;8;2016
20.08.2016;58,45;5,49;1409,34;102,54;166,36;63,82;10,88;Sanayi;Haftasonu ;8;2016
19.08.2016;70,66;10,13;721,26;128,04;182,09;54,05;10,66;Sanayi;Haftaici;8;2016
18.08.2016;65,85;5,8;956,81;132,9;218,34;85,45;12,62;Sanayi;Haftaici;8;2016
17.08.2016;56,57;10,92;655,42;96,33;159,71;63,38;8,89;Sanayi;Haftaici;8;2016
16.08.2016;44,02;9,76;607,94;79,54;136,71;57,17;6,14;Sanayi;Haftaici;8;2016
15.08.2016;66,82;5,14;877,27;84,48;153,78;69,3;8,9;Sanayi;Haftaici;8;2016
14.08.2016;37,83;0,83;613,99;69,37;135,11;65,74;7,69;Sanayi;Haftasonu ;8;2016
13.08.2016;65,04;;365,35;76,95;120,45;43,51;10,01;Sanayi;Haftasonu ;8;2016
12.08.2016;68,94;9,54;1049,78;110,06;167,57;57,51;11,31;Sanayi;Haftaici;8;2016
11.08.2016;54,14;9,17;470,61;119,15;181,15;62;13,18;Sanayi;Haftaici;8;2016
10.08.2016;64,13;9,87;1354,17;132,79;234,8;102,01;12,83;Sanayi;Haftaici;8;2016
9.08.2016;37,99;6,48;1021,86;99,16;155,7;56,53;9,81;Sanayi;Haftaici;8;2016
8.08.2016;49,2;6,12;999,44;92,6;162,12;69,51;9,48;Sanayi;Haftaici;8;2016
7.08.2016;45,6;6,82;1202,01;76,63;119,04;42,41;11,42;Sanayi;Haftasonu ;8;2016
6.08.2016;53,16;10,38;1034,47;109,22;189,88;80,66;11,56;Sanayi;Haftasonu ;8;2016
5.08.2016;40,06;2,53;1091,29;90,81;146,34;55,53;12,08;Sanayi;Haftaici;8;2016
4.08.2016;52,6;;1108,42;104,53;176,71;72,18;11,91;Sanayi;Haftaici;8;2016
3.08.2016;99,91;;1647,76;130,54;196,93;66,39;16,63;Sanayi;Haftaici;8;2016
2.08.2016;68,8;6,35;1301,04;133,96;220,18;86,22;13,84;Sanayi;Haftaici;8;2016
1.08.2016;47,43;6,25;725,28;119,35;167,78;48,43;12,5;Sanayi;Haftaici;8;2016
31.07.2016;45,67;3,75;1170,05;76,53;111,77;35,24;11,81;Sanayi;Haftasonu ;7;2016
30.07.2016;67;6,05;611,86;97,76;157,97;60,21;13,89;Sanayi;Haftasonu ;7;2016
29.07.2016;46,17;5,44;1017,69;93,74;132,06;38,31;12,86;Sanayi;Haftaici;7;2016
28.07.2016;57,59;3,71;1210,48;105,81;170,13;64,32;13,18;Sanayi;Haftaici;7;2016
27.07.2016;64,08;2,49;1253,09;98,49;160,1;61,61;11,32;Sanayi;Haftaici;7;2016
26.07.2016;42,94;5,69;943;95,19;153,03;57,84;;Sanayi;Haftaici;7;2016
25.07.2016;45,24;4,53;761,47;69,39;106,68;37,29;12,15;Sanayi;Haftaici;7;2016
24.07.2016;39,89;6,35;814,53;62,3;109,81;47,52;9,63;Sanayi;Haftasonu ;7;2016
23.07.2016;43,22;8,39;958,9;73,32;134,41;61,09;8,99;Sanayi;Haftasonu ;7;2016
22.07.2016;58,3;6,56;831,75;97,75;171,56;73,81;14,46;Sanayi;Haftaici;7;2016
21.07.2016;57,12;;1235,09;79,9;145;65,1;14,51;Sanayi;Haftaici;7;2016
20.07.2016;57,64;;615,4;76,78;143,85;67,08;13,09;Sanayi;Haftaici;7;2016
19.07.2016;52,02;;1804,32;73,15;131,18;58,03;16,47;Sanayi;Haftaici;7;2016
18.07.2016;86,38;;930,89;96,87;143,04;46,17;25,49;Sanayi;Haftaici;7;2016
17.07.2016;67,82;;;;;;25,77;Sanayi;Haftasonu ;7;2016
16.07.2016;43,63;27,47;;;;;14,31;Sanayi;Haftasonu ;7;2016
15.07.2016;57,82;22,94;;;;;19,71;Sanayi;Haftaici;7;2016
14.07.2016;52,9;23,36;;116,29;192,25;75,96;9,96;Sanayi;Haftaici;7;2016
13.07.2016;50,08;24,37;;119,92;203,37;83,45;10,27;Sanayi;Haftaici;7;2016
12.07.2016;29,32;;;78,48;125,92;47,44;10,12;Sanayi;Haftaici;7;2016
11.07.2016;26,03;37,26;;77,43;124,94;47,5;6,47;Sanayi;Haftaici;7;2016
10.07.2016;37,21;;;50,21;74,51;24,31;11,66;Sanayi;Haftasonu ;7;2016
9.07.2016;27,54;;;65,94;98,52;32,57;6,28;Sanayi;Haftasonu ;7;2016
8.07.2016;22,07;;;51,1;89,08;37,98;9,02;Sanayi;Haftaici;7;2016
7.07.2016;28,07;6,87;;51,63;79,26;27,63;8,72;Sanayi;Haftaici;7;2016
6.07.2016;20,74;;;50;72,88;22,88;7,76;Sanayi;Haftaici;7;2016
5.07.2016;24,95;7,72;291,62;47,82;80,11;32,29;8,33;Sanayi;Haftaici;7;2016
4.07.2016;29,7;;;51,65;88,33;36,68;10,49;Sanayi;Haftaici;7;2016
3.07.2016;35,98;7,71;422,01;60,43;96,08;35,65;10,88;Sanayi;Haftasonu ;7;2016
2.07.2016;34,02;;1373,53;61,01;91,97;30,96;11,06;Sanayi;Haftasonu ;7;2016
1.07.2016;41,06;19,19;491,8;84,63;136,6;51,96;6,81;Sanayi;Haftaici;7;2016
29.06.2016;52,64;6,66;475,58;89,81;141,59;51,78;14,44;Sanayi;Haftaici;6;2016
28.06.2016;59,37;16,84;1012,11;88,14;131,46;43,32;15,22;Sanayi;Haftaici;6;2016
27.06.2016;72,68;8,39;;94,81;144,94;50,13;15,18;Sanayi;Haftaici;6;2016
26.06.2016;44,12;;;80,14;111,72;31,58;13,78;Sanayi;Haftasonu ;6;2016
25.06.2016;53,91;13,28;300,38;72,92;117,35;44,43;16,58;Sanayi;Haftasonu ;6;2016
24.06.2016;53,14;;1163,29;84,84;149,92;65,08;16,72;Sanayi;Haftaici;6;2016
23.06.2016;57,46;9,18;;84,74;159,77;75,03;10,43;Sanayi;Haftaici;6;2016
22.06.2016;54,95;6,75;1495,2;69,43;128,95;59,52;17,91;Sanayi;Haftaici;6;2016
21.06.2016;50,01;7,9;1563,31;67,64;116,29;48,64;12,04;Sanayi;Haftaici;6;2016
20.06.2016;52,35;3,93;2156,96;76,21;132,58;56,37;13,3;Sanayi;Haftaici;6;2016
19.06.2016;44,97;;2187,35;51,78;76,54;24,76;13,53;Sanayi;Haftasonu ;6;2016
18.06.2016;38,47;7,04;1143,76;57,55;97,24;39,69;6,01;Sanayi;Haftasonu ;6;2016
17.06.2016;31,3;5,03;1647,65;71,05;135,32;64,28;11,41;Sanayi;Haftaici;6;2016
16.06.2016;32,97;13,3;;76,7;126,69;49,99;9,33;Sanayi;Haftaici;6;2016
15.06.2016;46,8;;;77,66;125,2;47,54;18,43;Sanayi;Haftaici;6;2016
14.06.2016;65,51;5,51;;76,12;142,19;66,07;16,35;Sanayi;Haftaici;6;2016
13.06.2016;53,93;3,88;1463,07;105,99;181,34;75,35;11,87;Sanayi;Haftaici;6;2016
12.06.2016;32,59;6,65;;62,73;90,13;27,4;9,58;Sanayi;Haftasonu ;6;2016
11.06.2016;47,48;;1384,21;86,97;152,41;65,44;14,36;Sanayi;Haftasonu ;6;2016
10.06.2016;38,32;13,95;1195,63;79,85;132,42;52,57;7,06;Sanayi;Haftaici;6;2016
9.06.2016;18,77;;894,85;55,17;96,8;41,63;7,94;Sanayi;Haftaici;6;2016
8.06.2016;38,22;;791,49;62,96;131,26;68,3;13,45;Sanayi;Haftaici;6;2016
7.06.2016;32,43;1,04;830,14;71,83;117,45;45,62;9,35;Sanayi;Haftaici;6;2016
6.06.2016;45,01;4,82;;93,52;145,86;52,34;12,86;Sanayi;Haftaici;6;2016
5.06.2016;29,81;;1078;60,59;95,97;35,38;11,8;Sanayi;Haftasonu ;6;2016
4.06.2016;43,66;;;82,83;128,52;45,69;10,41;Sanayi;Haftasonu ;6;2016
3.06.2016;101,92;;1519,02;80,9;134,73;53,83;20,17;Sanayi;Haftaici;6;2016
2.06.2016;101,37;31,69;;104,21;183,48;79,27;24,75;Sanayi;Haftaici;6;2016
1.06.2016;101,06;;1420,44;93,7;157,75;64,05;36,96;Sanayi;Haftaici;6;2016
31.05.2016;105,43;9,15;;92,91;177,76;84,85;27,7;Sanayi;Haftaici;5;2016
30.05.2016;47,74;;1227,16;93,56;153,94;60,37;14,82;Sanayi;Haftaici;5;2016
29.05.2016;42,26;6,62;;77,8;119,36;41,56;13,94;Sanayi;Haftasonu ;5;2016
28.05.2016;37,52;2,38;1552,28;86,68;159,66;72,99;12,75;Sanayi;Haftasonu ;5;2016
27.05.2016;36,56;6,73;1013,54;83,93;138,52;54,59;6,58;Sanayi;Haftaici;5;2016
26.05.2016;;;;86,09;161,55;75,46;;Sanayi;Haftaici;5;2016
25.05.2016;58,5;6,19;1585,05;66;121,44;55,44;14,84;Sanayi;Haftaici;5;2016
24.05.2016;42,05;3,34;951,96;54,85;91,56;36,71;14,43;Sanayi;Haftaici;5;2016
23.05.2016;41,77;2,31;1580,87;60,51;110,17;49,66;12,62;Sanayi;Haftaici;5;2016
22.05.2016;48,01;2,52;826,68;62,19;97,26;35,07;12,03;Sanayi;Haftasonu ;5;2016
21.05.2016;50,96;2,57;989,16;;;;13,04;Sanayi;Haftasonu ;5;2016
20.05.2016;47,25;4,96;1525,5;;;;13,24;Sanayi;Haftaici;5;2016
19.05.2016;47,29;4,19;791,97;48,96;86,8;37,84;14,05;Sanayi;Haftaici;5;2016
18.05.2016;42,72;2;1281,4;59,99;100,93;40,94;15,47;Sanayi;Haftaici;5;2016
17.05.2016;60,25;3,97;1024,07;51,23;85,79;34,56;17,06;Sanayi;Haftaici;5;2016
16.05.2016;49,57;2,77;;54,49;103,75;49,26;15,25;Sanayi;Haftaici;5;2016
15.05.2016;79,22;2,33;748,71;31,05;52,76;21,7;21,77;Sanayi;Haftasonu ;5;2016
14.05.2016;82,35;2,36;1038,95;42,62;75,61;32,99;22,76;Sanayi;Haftasonu ;5;2016
13.05.2016;147,8;2,49;1010,16;42,05;100,83;58,78;42,18;Sanayi;Haftaici;5;2016
12.05.2016;83,06;3,31;1689,24;66,48;123,63;57,15;20,55;Sanayi;Haftaici;5;2016
11.05.2016;53,38;3,39;1115,52;61,13;117,69;56,56;14,64;Sanayi;Haftaici;5;2016
10.05.2016;64,07;;1230,9;59,69;116,18;56,49;18,86;Sanayi;Haftaici;5;2016
9.05.2016;44,46;;1133,34;53,96;88,91;34,94;16,95;Sanayi;Haftaici;5;2016
8.05.2016;40,06;;916,98;41,69;65,36;23,68;14,45;Sanayi;Haftasonu ;5;2016
7.05.2016;41,02;;1900,63;52,49;98,45;45,96;14,56;Sanayi;Haftasonu ;5;2016
6.05.2016;32,28;;1285,16;59,68;109,85;50,16;8,48;Sanayi;Haftaici;5;2016
5.05.2016;36,75;;1633,3;46,04;71,92;25,87;14,99;Sanayi;Haftaici;5;2016
4.05.2016;33,81;;786,18;48,23;79,14;30,91;9,32;Sanayi;Haftaici;5;2016
3.05.2016;49,17;;961,12;42,19;71,81;29,62;9,69;Sanayi;Haftaici;5;2016
2.05.2016;51,88;;1127,47;35,9;55,8;19,89;13,55;Sanayi;Haftaici;5;2016
1.05.2016;28,19;;727,98;21,33;34,37;13,03;6,41;Sanayi;Haftasonu ;5;2016
30.04.2016;33,73;17,06;618,71;36,83;62,01;25,18;9,15;Sanayi;Haftasonu ;4;2016
29.04.2016;48,12;17,17;1127,93;53,25;85,86;32,62;11,98;Sanayi;Haftaici;4;2016
28.04.2016;46,54;24,83;1494,9;51,93;95,04;43,11;13,72;Sanayi;Haftaici;4;2016
27.04.2016;39,76;20,68;;49,36;91,43;42,08;20,8;Sanayi;Haftaici;4;2016
26.04.2016;33,01;10,16;;49,19;92,71;43,52;;Sanayi;Haftaici;4;2016
25.04.2016;61,6;9,63;1436,31;56,1;100,15;44,05;13,27;Sanayi;Haftaici;4;2016
24.04.2016;41,2;7,79;1301,63;41,06;64,24;23,18;10,22;Sanayi;Haftasonu ;4;2016
23.04.2016;46,64;9;1273,99;58,09;98,8;40,7;10,4;Sanayi;Haftasonu ;4;2016
22.04.2016;45,48;12,54;1101,35;69,41;120,92;51,51;13,76;Sanayi;Haftaici;4;2016
21.04.2016;35,3;6,67;809,72;47,55;79,32;31,77;9,45;Sanayi;Haftaici;4;2016
20.04.2016;68;9,95;1218,55;62,34;93,81;31,47;15,54;Sanayi;Haftaici;4;2016
19.04.2016;88,27;18,97;1788,75;77,96;134,54;56,58;20,08;Sanayi;Haftaici;4;2016
18.04.2016;58,45;17,29;1364,11;77,39;124,06;46,66;13,9;Sanayi;Haftaici;4;2016
17.04.2016;46,71;15,81;1171,91;57,36;101,71;44,35;13,6;Sanayi;Haftasonu ;4;2016
16.04.2016;50,34;15,83;1379,35;63,42;94,92;31,5;15,85;Sanayi;Haftasonu ;4;2016
15.04.2016;100,49;10,39;1284,26;58,64;88,7;30,06;23,13;Sanayi;Haftaici;4;2016
14.04.2016;63,09;10,7;1500,12;60,07;96,28;36,21;17,68;Sanayi;Haftaici;4;2016
13.04.2016;52,01;10,56;1335,83;60,17;96,11;35,94;15,54;Sanayi;Haftaici;4;2016
12.04.2016;39,13;8,03;1118,1;53,37;88,73;35,37;8,83;Sanayi;Haftaici;4;2016
11.04.2016;50,85;7,16;1344,32;42,71;62,05;19,34;9,74;Sanayi;Haftaici;4;2016
10.04.2016;63,41;9,84;964,23;37,28;56,16;18,88;23,87;Sanayi;Haftasonu ;4;2016
9.04.2016;141,38;8,43;1064,54;38,66;57,4;18,74;34,79;Sanayi;Haftasonu ;4;2016
8.04.2016;85,21;7,02;1428,29;58,53;94,86;36,32;16,79;Sanayi;Haftaici;4;2016
7.04.2016;92,27;19,54;1927,13;71,82;105,83;34,01;22,56;Sanayi;Haftaici;4;2016
6.04.2016;85,5;20,56;1520,78;78,66;128,27;49,61;26,95;Sanayi;Haftaici;4;2016
5.04.2016;85,94;23,84;1627,61;87,17;153,73;66,57;23,97;Sanayi;Haftaici;4;2016
4.04.2016;69,73;23,74;1692,83;80,55;144,71;64,16;15,81;Sanayi;Haftaici;4;2016
3.04.2016;32;6,37;735,39;52,7;83,55;30,85;10,88;Sanayi;Haftasonu ;4;2016
2.04.2016;55,29;17,98;1354,45;56,19;85,29;29,1;16;Sanayi;Haftasonu ;4;2016
1.04.2016;58,39;15,8;1593,45;70,65;122,65;52;14,71;Sanayi;Haftaici;4;2016
31.03.2016;60,46;12,58;835,63;72,34;124,43;52,1;17,81;Sanayi;Haftaici;3;2016
30.03.2016;58,67;16,21;1598,8;68,96;128,65;59,69;19,31;Sanayi;Haftaici;3;2016
29.03.2016;41,46;9,75;1404,49;66,03;112;45,97;12,81;Sanayi;Haftaici;3;2016
28.03.2016;38,62;5,02;1289,13;57,95;100,1;42,16;12,97;Sanayi;Haftaici;3;2016
27.03.2016;42,55;3,41;1595,8;52,93;101,44;48,51;14,25;Sanayi;Haftasonu ;3;2016
26.03.2016;20,35;1,53;875,6;57,93;99,31;41,38;11,48;Sanayi;Haftasonu ;3;2016
25.03.2016;48,18;2,9;1379,47;64,4;102,07;37,68;18,49;Sanayi;Haftaici;3;2016
24.03.2016;106,26;7,68;928,18;49,17;73,39;24,21;28,31;Sanayi;Haftaici;3;2016
23.03.2016;58,21;7,19;1113,9;49,88;85,9;36,02;16,19;Sanayi;Haftaici;3;2016
22.03.2016;52,33;10,82;844,02;61,91;106,32;44,41;14,69;Sanayi;Haftaici;3;2016
21.03.2016;59,06;11,2;1162,05;65,82;123,34;57,53;19,4;Sanayi;Haftaici;3;2016
20.03.2016;41,64;8,34;793,15;45,26;66,4;21,14;15,94;Sanayi;Haftasonu ;3;2016
19.03.2016;71,66;8,05;2189,08;82,18;175,65;93,47;30,54;Sanayi;Haftasonu ;3;2016
18.03.2016;52,72;15,16;1174,41;71,09;145,14;74,04;14,1;Sanayi;Haftaici;3;2016
17.03.2016;54,28;9,19;1272;60,58;107,67;47,09;22,63;Sanayi;Haftaici;3;2016
16.03.2016;38,51;10,13;1338,53;54,59;104,47;49,88;14,33;Sanayi;Haftaici;3;2016
15.03.2016;31,27;6,2;860,17;39,5;62,64;23,14;8,58;Sanayi;Haftaici;3;2016
14.03.2016;35,62;5,47;1363,58;51,93;87,04;35,12;16,12;Sanayi;Haftaici;3;2016
13.03.2016;59,93;13,55;705,66;47,68;75,55;27,87;18;Sanayi;Haftasonu ;3;2016
12.03.2016;77,59;12,2;1404,33;70,04;133,57;63,53;20,16;Sanayi;Haftasonu ;3;2016
11.03.2016;65,6;10,27;1401,95;76,17;146,27;70,1;18,96;Sanayi;Haftaici;3;2016
10.03.2016;85,12;10,52;1502,76;74,18;145,31;71,13;24,18;Sanayi;Haftaici;3;2016
9.03.2016;69,43;14,48;1161,09;60,73;96,99;36,27;15,56;Sanayi;Haftaici;3;2016
8.03.2016;103,09;13,37;1774,46;77,99;161,93;83,93;26,61;Sanayi;Haftaici;3;2016
7.03.2016;78,38;12,3;1394,64;64,25;112,85;48,6;20,35;Sanayi;Haftaici;3;2016
6.03.2016;64,14;11,16;1627,28;47,64;81,27;33,64;20,55;Sanayi;Haftasonu ;3;2016
5.03.2016;32,92;5,06;1192,73;61,24;112,48;51,25;16,78;Sanayi;Haftasonu ;3;2016
4.03.2016;29,77;4,14;1174,36;59,25;104,18;44,93;10,07;Sanayi;Haftaici;3;2016
3.03.2016;42,63;3,91;1667,9;58,76;93,83;35,07;17,77;Sanayi;Haftaici;3;2016
2.03.2016;107,1;10,79;1643,32;88,17;179,56;91,4;27,59;Sanayi;Haftaici;3;2016
1.03.2016;113,17;13,26;2173,45;67,95;142,7;74,74;28,73;Sanayi;Haftaici;3;2016
29.02.2016;104,38;11,17;4180,06;58,18;94,14;35,96;30,4;Sanayi;Haftaici;2;2016
28.02.2016;135,7;10,55;1930,84;63,21;128,01;64,8;40,33;Sanayi;Haftasonu ;2;2016
27.02.2016;58,04;4,62;1267,65;51,2;83,42;32,21;21,77;Sanayi;Haftasonu ;2;2016
26.02.2016;72,28;7,54;1298,45;48,7;72,34;23,64;17,19;Sanayi;Haftaici;2;2016
25.02.2016;95,52;6,88;1808,38;61,27;120,75;59,47;26,65;Sanayi;Haftaici;2;2016
24.02.2016;120,96;19,97;1892,61;89,23;195,89;106,66;31,94;Sanayi;Haftaici;2;2016
23.02.2016;78,39;13,24;1666,92;79,22;162,96;83,74;17,66;Sanayi;Haftaici;2;2016
22.02.2016;88,5;11,8;1574,16;74,61;143,44;68,84;25,72;Sanayi;Haftaici;2;2016
21.02.2016;39,83;8,51;1040,6;43,43;78,18;34,75;;Sanayi;Haftasonu ;2;2016
20.02.2016;59,02;9,05;1168,62;54,3;100,71;46,41;;Sanayi;Haftasonu ;2;2016
19.02.2016;78,45;10,26;1249,38;57,89;93,39;35,5;22,22;Sanayi;Haftaici;2;2016
18.02.2016;138,54;27,76;1849,07;60,02;109,86;49,84;41,86;Sanayi;Haftaici;2;2016
17.02.2016;204,38;16,27;2802,03;89,05;196,18;107,13;71,15;Sanayi;Haftaici;2;2016
16.02.2016;218,05;16,2;3332,04;91,62;219,92;128,31;79,86;Sanayi;Haftaici;2;2016
15.02.2016;129,57;10,23;2282,58;63,86;153,25;89,39;50,64;Sanayi;Haftaici;2;2016
14.02.2016;71;5,84;1336,85;56,87;110,28;53,41;26,15;Sanayi;Haftasonu ;2;2016
13.02.2016;25,01;;1074,54;46,81;76,76;29,95;15,04;Sanayi;Haftasonu ;2;2016
12.02.2016;93,62;7,73;1484,92;65,34;120,84;55,5;26,61;Sanayi;Haftaici;2;2016
11.02.2016;39,55;8,28;2252,05;92,42;246,82;154,4;;Sanayi;Haftaici;2;2016
10.02.2016;89,79;14,19;1787,75;87,64;191,8;104,16;;Sanayi;Haftaici;2;2016
9.02.2016;114,01;17,51;1977,35;84,51;154,9;70,39;;Sanayi;Haftaici;2;2016
8.02.2016;122,2;13,17;1858,17;93,05;181,89;88,84;;Sanayi;Haftaici;2;2016
7.02.2016;73,65;9,29;1167,2;62,62;127,42;64,8;;Sanayi;Haftasonu ;2;2016
6.02.2016;24,77;4,82;1111,92;61,14;111,01;49,87;;Sanayi;Haftasonu ;2;2016
5.02.2016;129,03;9,57;1337,23;68,99;108,97;39,98;;Sanayi;Haftaici;2;2016
4.02.2016;213,47;17,01;2627,84;125,06;311,87;186,81;;Sanayi;Haftaici;2;2016
3.02.2016;113,68;19,06;2344,33;89,79;206,62;116,83;;Sanayi;Haftaici;2;2016
2.02.2016;99,36;13,24;2050,36;90,9;192,29;101,39;;Sanayi;Haftaici;2;2016
1.02.2016;91,67;13,18;1919,5;90,31;208,33;118,02;;Sanayi;Haftaici;2;2016
31.01.2016;72,77;14,69;1635,19;70,06;119,61;49,54;;Sanayi;Haftasonu ;1;2016
30.01.2016;150,08;22,58;2786,42;118,11;228,22;110,12;;Sanayi;Haftasonu ;1;2016
29.01.2016;119,11;15,36;2248,5;113,63;276,9;163,27;10,16;Sanayi;Haftaici;1;2016
28.01.2016;95,08;17,48;2091,81;109,56;221,45;111,89;9,04;Sanayi;Haftaici;1;2016
27.01.2016;174,27;17,21;2273,49;126,49;251;124,51;15;Sanayi;Haftaici;1;2016
26.01.2016;117,85;12,27;1790,58;107,34;207,96;100,62;13,91;Sanayi;Haftaici;1;2016
25.01.2016;107,32;16,04;1732,99;99,36;209,01;109,66;13,77;Sanayi;Haftaici;1;2016
24.01.2016;82,78;16,35;1329,84;73,31;158,24;84,93;9,52;Sanayi;Haftasonu ;1;2016
23.01.2016;50,53;9,45;1276,48;56,96;104,2;47,25;7,03;Sanayi;Haftasonu ;1;2016
22.01.2016;37,51;12,17;1445,32;73,67;122,07;48,4;7,3;Sanayi;Haftaici;1;2016
21.01.2016;88,96;;2689,76;;;;12,31;Sanayi;Haftaici;1;2016
14.01.2016;43,75;7,48;1575,94;85,02;169,22;84,2;12,27;Sanayi;Haftaici;1;2016
13.01.2016;42,31;5,23;1428,54;82,96;142,88;59,92;11,9;Sanayi;Haftaici;1;2016
12.01.2016;46,49;6,06;1482,64;62,96;110,13;47,17;8,53;Sanayi;Haftaici;1;2016
11.01.2016;70,59;8,71;2385,65;84,91;196,88;111,97;14,6;Sanayi;Haftaici;1;2016
10.01.2016;85,66;13,65;1741,76;89,72;214,2;124,48;14,7;Sanayi;Haftasonu ;1;2016
9.01.2016;71,22;9,9;1519,19;86,01;187,59;101,57;14,61;Sanayi;Haftasonu ;1;2016
8.01.2016;55,14;14,24;1468,84;75,69;157,3;81,62;11,42;Sanayi;Haftaici;1;2016
7.01.2016;19,19;10,82;899,41;42,45;65,8;23,35;4,33;Sanayi;Haftaici;1;2016
6.01.2016;161,71;12,28;3669,03;103,28;339,73;236,45;31,3;Sanayi;Haftaici;1;2016
5.01.2016;104,95;11,99;3641,01;141,4;520,56;379,17;25,46;Sanayi;Haftaici;1;2016
4.01.2016;39,88;5,95;1842,38;93,91;231,11;137,2;10,34;Sanayi;Haftaici;1;2016
3.01.2016;48,67;15,21;1218,71;66,96;119,86;52,9;7,99;Sanayi;Haftasonu ;1;2016
2.01.2016;65,83;18,87;1303,77;80,8;170,93;90,13;10,83;Sanayi;Haftasonu ;1;2016
1.01.2016;41,23;7,46;1096,42;68,14;126,57;58,43;7,86;Sanayi;Haftaici;1;2016
31.12.2015;51,55;10,77;1326,58;73,48;163,48;90;8,02;Sanayi;Haftaici;12;2015
30.12.2015;50,84;5,93;1052,41;66,34;127,45;61,11;7,91;Sanayi;Haftaici;12;2015
29.12.2015;109,69;7,16;2310,99;95,85;279,25;183,4;13;Sanayi;Haftaici;12;2015
28.12.2015;98,34;12,11;2172,31;75,49;180,38;104,89;13,53;Sanayi;Haftaici;12;2015
27.12.2015;223,24;20,74;4450,18;153,56;472,2;318,64;25,86;Sanayi;Haftasonu ;12;2015
26.12.2015;185,02;12,37;2835,83;103,57;341,85;238,29;22,35;Sanayi;Haftasonu ;12;2015
25.12.2015;165,52;20,3;2928,83;120,71;394,41;273,7;16,27;Sanayi;Haftaici;12;2015
24.12.2015;189,86;12,08;2907,18;121,68;332,72;211,04;26,88;Sanayi;Haftaici;12;2015
23.12.2015;131,59;8,04;2026,98;90,89;251,75;160,85;15,69;Sanayi;Haftaici;12;2015
22.12.2015;154,66;6,25;2356,13;106,88;273,48;166,6;19,08;Sanayi;Haftaici;12;2015
21.12.2015;197,61;9,2;2771,86;114,97;288,41;173,45;28,92;Sanayi;Haftaici;12;2015
20.12.2015;90,27;4,57;1484,7;75,73;194,57;118,85;15,8;Sanayi;Haftasonu ;12;2015
19.12.2015;81,56;15,26;1164,86;59,04;105,12;46,08;12,6;Sanayi;Haftasonu ;12;2015
18.12.2015;118,88;24,92;1820,47;81,03;182,99;101,96;18,09;Sanayi;Haftaici;12;2015
17.12.2015;59,27;13,5;1253,57;68,65;146,48;77,83;6,99;Sanayi;Haftaici;12;2015
16.12.2015;87,95;6,96;1239,4;68,83;140,21;71,38;12,41;Sanayi;Haftaici;12;2015
15.12.2015;88,48;12,7;1151,37;64,12;111,93;47,82;12,98;Sanayi;Haftaici;12;2015
14.12.2015;97,41;13,56;1999,43;99,61;272,76;173,15;15,16;Sanayi;Haftaici;12;2015
13.12.2015;99,85;22,3;2026,28;84,88;196,42;111,54;20,17;Sanayi;Haftasonu ;12;2015
12.12.2015;191,42;24,62;3004,18;127,92;379,5;251,59;27,61;Sanayi;Haftasonu ;12;2015
11.12.2015;197,78;30,1;3193,99;139,53;399,87;260,34;22,1;Sanayi;Haftaici;12;2015
10.12.2015;162,68;25,83;2945,03;134,15;386,83;252,68;23,07;Sanayi;Haftaici;12;2015
9.12.2015;120,92;37,91;2249,71;102,43;247,85;145,42;15,36;Sanayi;Haftaici;12;2015
8.12.2015;246,3;35,77;3895,05;176,38;592,54;416,17;32,41;Sanayi;Haftaici;12;2015
7.12.2015;265,67;33,68;4503,55;178,77;667,09;488,32;30,56;Sanayi;Haftaici;12;2015
6.12.2015;126,99;20,41;2634,79;105,99;379,02;273,03;14,97;Sanayi;Haftasonu ;12;2015
5.12.2015;107,21;19,92;2171,6;108,14;332,27;224,13;10,97;Sanayi;Haftasonu ;12;2015
4.12.2015;53,47;11,46;1409,24;90,53;212,16;121,64;8,78;Sanayi;Haftaici;12;2015
3.12.2015;55,69;6,78;1369,17;94,57;216,83;122,26;9,73;Sanayi;Haftaici;12;2015
2.12.2015;35,78;3,06;1240,29;91,47;192,38;100,91;12,54;Sanayi;Haftaici;12;2015
1.12.2015;51,2;9,56;1479,13;92,31;223,6;131,29;5,83;Sanayi;Haftaici;12;2015
30.11.2015;44,37;10,9;1522,2;78,2;190,69;112,49;8,37;Sanayi;Haftaici;11;2015
29.11.2015;32,71;3,24;1031,4;71,02;149,12;78,1;4,78;Sanayi;Haftasonu ;11;2015
28.11.2015;42,49;2,83;1152,94;76,85;140,39;63,54;5,9;Sanayi;Haftasonu ;11;2015
27.11.2015;110,67;17,01;2270,84;97,25;270,54;173,29;17,41;Sanayi;Haftaici;11;2015
26.11.2015;157,38;13,41;1722,49;85,75;169,75;84;12,88;Sanayi;Haftaici;11;2015
25.11.2015;239,85;33,34;3877,53;171,14;561,72;390,58;29,4;Sanayi;Haftaici;11;2015
24.11.2015;141,31;33,05;2849,53;118,08;301,03;182,95;16,55;Sanayi;Haftaici;11;2015
23.11.2015;138,63;42,51;2559,52;107,16;269,33;162,17;18,61;Sanayi;Haftaici;11;2015
22.11.2015;52,93;11,06;1369,65;77,88;148,15;70,27;9,34;Sanayi;Haftasonu ;11;2015
21.11.2015;88,58;13,95;2305,42;105,62;268,31;162,69;12,74;Sanayi;Haftasonu ;11;2015
20.11.2015;187,41;43,44;3197,74;128,48;396,04;267,56;27,8;Sanayi;Haftaici;11;2015
19.11.2015;174,63;53,99;3353,81;120,93;378,62;257,68;28,91;Sanayi;Haftaici;11;2015
18.11.2015;132,5;58,77;2451,1;118,81;345,89;227,08;16,35;Sanayi;Haftaici;11;2015
17.11.2015;84,24;19,06;2120,67;108,59;331,73;223,14;17,88;Sanayi;Haftaici;11;2015
16.11.2015;111,51;12,92;2242,79;118,02;350,44;232,42;16,11;Sanayi;Haftaici;11;2015
15.11.2015;114,03;43,16;2416,1;97,86;268,32;170,46;17,95;Sanayi;Haftasonu ;11;2015
14.11.2015;190,83;28,3;3188,2;114,45;386,03;271,58;28,11;Sanayi;Haftasonu ;11;2015
13.11.2015;157,05;22,56;2924,97;105,24;318,02;212,79;24,71;Sanayi;Haftaici;11;2015
12.11.2015;102,6;28,82;2310,37;82,15;210,48;128,34;32,05;Sanayi;Haftaici;11;2015
11.11.2015;62,35;15,15;1736,94;87,58;212,53;124,94;10,2;Sanayi;Haftaici;11;2015
10.11.2015;72,59;27,21;1960,8;98,59;293,77;195,18;14,11;Sanayi;Haftaici;11;2015
9.11.2015;52,1;12,21;1165,85;91,97;195,92;103,96;;Sanayi;Haftaici;11;2015
8.11.2015;57,94;16,31;1829,72;99,21;204,22;105,01;15,34;Sanayi;Haftasonu ;11;2015
7.11.2015;134,3;31,12;3155,35;138,53;384,97;246,44;28,19;Sanayi;Haftasonu ;11;2015
6.11.2015;172,81;28,23;4068,2;174,1;536,11;362,01;37,21;Sanayi;Haftaici;11;2015
5.11.2015;145,05;27,33;3788,66;159,2;515,86;356,66;33,57;Sanayi;Haftaici;11;2015
4.11.2015;116,05;27,23;3139,84;144,57;440,5;295,94;22,93;Sanayi;Haftaici;11;2015
3.11.2015;134,41;21,88;3388,32;152,83;473,98;321,15;29,79;Sanayi;Haftaici;11;2015
2.11.2015;85,86;8,69;2173,61;120,64;290,31;169,67;24,81;Sanayi;Haftaici;11;2015
1.11.2015;46,31;6,23;1568,75;;;;12,44;Sanayi;Haftasonu ;11;2015
31.10.2015;50,21;3,34;1626,1;;;;14,24;Sanayi;Haftasonu ;10;2015
30.10.2015;69,36;4,59;1763,49;;;;21,23;Sanayi;Haftaici;10;2015
29.10.2015;46,07;2,68;1364,07;77,25;143,54;66,29;10,86;Sanayi;Haftaici;10;2015
28.10.2015;39,17;1,76;1208,48;76,98;141,06;64,08;10,2;Sanayi;Haftaici;10;2015
27.10.2015;48,31;4,5;1471,54;89,34;179,74;90,4;13,81;Sanayi;Haftaici;10;2015
26.10.2015;53,1;2,02;1382,69;77,62;145,21;67,59;12,8;Sanayi;Haftaici;10;2015
25.10.2015;39,54;1,73;1124,26;65,69;116,1;50,4;11,27;Sanayi;Haftasonu ;10;2015
24.10.2015;66,07;1,68;1621,51;92,93;196,51;103,57;16,89;Sanayi;Haftasonu ;10;2015
23.10.2015;397,78;1,74;1347,41;61,17;113,75;52,57;47,35;Sanayi;Haftaici;10;2015
22.10.2015;90,47;2,24;1493,84;77,11;156,9;79,79;21,58;Sanayi;Haftaici;10;2015
21.10.2015;117,43;9,13;1845,52;98,02;228,93;130,91;20,71;Sanayi;Haftaici;10;2015
20.10.2015;112,38;20,2;1968,41;122,39;287,08;164,69;21,6;Sanayi;Haftaici;10;2015
19.10.2015;144,48;22,32;2059,19;134,85;273,66;138,81;21,45;Sanayi;Haftaici;10;2015
18.10.2015;123,7;10,37;2276,7;115,73;295,37;179,64;22,79;Sanayi;Haftasonu ;10;2015
17.10.2015;101,85;11,99;2109,34;115,99;297,53;181,53;19,79;Sanayi;Haftasonu ;10;2015
16.10.2015;62,07;5,07;1448,16;104,63;177,23;72,6;14,16;Sanayi;Haftaici;10;2015
15.10.2015;91,98;5,45;2207,19;127,99;308,76;180,78;21,25;Sanayi;Haftaici;10;2015
14.10.2015;72,03;3,98;1615,44;98,83;220,68;121,84;15,64;Sanayi;Haftaici;10;2015
13.10.2015;91,71;2,76;1410,51;86,42;164,44;78,02;14,94;Sanayi;Haftaici;10;2015
12.10.2015;89,77;3,73;1550,77;92,2;234,12;141,92;24,43;Sanayi;Haftaici;10;2015
11.10.2015;77,24;9,09;1600,94;97,55;213,73;116,18;16,7;Sanayi;Haftasonu ;10;2015
10.10.2015;42,24;8,14;1212,3;93,08;148,52;55,44;11,06;Sanayi;Haftasonu ;10;2015
9.10.2015;56,3;9,66;1362,07;104,11;185,63;81,52;13,3;Sanayi;Haftaici;10;2015
8.10.2015;50,31;6,74;1302,18;98,2;148,41;50,21;11,91;Sanayi;Haftaici;10;2015
7.10.2015;58,79;5,59;1511,79;115,15;207,03;91,87;13,85;Sanayi;Haftaici;10;2015
6.10.2015;66,16;6,59;1731,29;120,38;202,48;82,1;18,03;Sanayi;Haftaici;10;2015
5.10.2015;91,97;17,81;1833,07;137,44;273,19;135,75;17,14;Sanayi;Haftaici;10;2015
4.10.2015;59,78;10,06;1403,5;112,84;185,84;73;13,32;Sanayi;Haftasonu ;10;2015
3.10.2015;62,28;7,79;1680,39;127,89;269,79;141,89;13,79;Sanayi;Haftasonu ;10;2015
2.10.2015;38,48;6,23;1316,03;102,81;166,73;63,92;10,27;Sanayi;Haftaici;10;2015
1.10.2015;34,24;4,95;1359,14;87,47;148,9;61,43;10,25;Sanayi;Haftaici;10;2015
30.09.2015;51,91;5,46;862,75;97,34;163,49;66,15;13,36;Sanayi;Haftaici;9;2015
29.09.2015;73,4;26,25;927,67;125,58;203,69;78,11;14,85;Sanayi;Haftaici;9;2015
28.09.2015;47,13;3,82;658,45;106,47;155,36;48,88;9,87;Sanayi;Haftaici;9;2015
27.09.2015;50,99;18,02;680,83;94,28;156,55;62,26;15,13;Sanayi;Haftasonu ;9;2015
26.09.2015;48,71;8,31;714,17;97,29;165,14;67,84;15,01;Sanayi;Haftasonu ;9;2015
25.09.2015;39,83;10,88;835,09;96,49;179,33;82,83;9,88;Sanayi;Haftaici;9;2015
24.09.2015;28,04;6,94;605,13;74,08;138,62;64,54;11,36;Sanayi;Haftaici;9;2015
23.09.2015;52,91;6,17;507,91;80,04;109,33;29,28;14,76;Sanayi;Haftaici;9;2015
22.09.2015;61,09;6,56;675,62;93,84;136,65;42,81;12,36;Sanayi;Haftaici;9;2015
21.09.2015;67,04;8,49;812,76;123,49;207,4;83,91;12,19;Sanayi;Haftaici;9;2015
20.09.2015;66,34;15,52;562,87;88,9;112,68;23,78;12,88;Sanayi;Haftasonu ;9;2015
19.09.2015;69,94;11,83;1059,94;139,04;252,68;113,64;15,88;Sanayi;Haftasonu ;9;2015
18.09.2015;47,15;5,35;892,37;126,85;189,13;62,28;14,55;Sanayi;Haftaici;9;2015
17.09.2015;88,9;10,33;1149,94;145,97;234,49;88,52;20,97;Sanayi;Haftaici;9;2015
16.09.2015;69,86;8,84;1032,68;133,31;215,71;82,4;14,25;Sanayi;Haftaici;9;2015
15.09.2015;70,15;4,75;937,72;124,36;194,71;70,35;13,87;Sanayi;Haftaici;9;2015
14.09.2015;88,39;5,28;1074;131,06;221,46;90,4;17,6;Sanayi;Haftaici;9;2015
13.09.2015;36,46;5,72;484,53;75,7;107,34;31,64;8,65;Sanayi;Haftasonu ;9;2015
12.09.2015;89,35;12,05;794,79;99,45;152,88;53,43;18,57;Sanayi;Haftasonu ;9;2015
11.09.2015;115,49;13,08;1067,47;128,17;223,97;95,8;20,68;Sanayi;Haftaici;9;2015
10.09.2015;107,26;8,87;1452,84;150,24;289,76;139,52;20,24;Sanayi;Haftaici;9;2015
9.09.2015;71,46;5,76;801,44;98,22;150,41;52,19;14,27;Sanayi;Haftaici;9;2015
8.09.2015;100,39;9,32;695,99;105,4;169,88;64,47;20,75;Sanayi;Haftaici;9;2015
7.09.2015;115,71;15,53;1142,16;144,73;272,83;128,1;20,11;Sanayi;Haftaici;9;2015
6.09.2015;77,61;30;976,54;128,36;237,74;109,38;13,31;Sanayi;Haftasonu ;9;2015
5.09.2015;78,73;33,34;1079,7;145,31;262,45;117,15;22,93;Sanayi;Haftasonu ;9;2015
4.09.2015;72,59;8,42;1113,98;164,4;280,15;115,76;20,18;Sanayi;Haftaici;9;2015
3.09.2015;82,12;10,56;1523,06;194,06;369,28;175,22;19,51;Sanayi;Haftaici;9;2015
2.09.2015;77,75;18,4;1262,05;163,4;324,64;161,24;18,75;Sanayi;Haftaici;9;2015
1.09.2015;42,13;6,47;637,68;95,39;168,99;73,6;12,45;Sanayi;Haftaici;9;2015
31.08.2015;43;4,28;661,39;112,06;160,89;48,83;14,63;Sanayi;Haftaici;8;2015
30.08.2015;38,79;3,49;489,99;85,92;126,84;40,92;13,09;Sanayi;Haftasonu ;8;2015
29.08.2015;51,71;3,07;645,53;103,88;168,5;64,62;14;Sanayi;Haftasonu ;8;2015
28.08.2015;36,73;3,68;544,5;93,75;136,62;42,87;10,6;Sanayi;Haftaici;8;2015
27.08.2015;33,25;4,35;635,3;91,03;136,05;45,03;13,96;Sanayi;Haftaici;8;2015
26.08.2015;54,42;4,55;630,9;97,12;158,35;61,23;16,6;Sanayi;Haftaici;8;2015
25.08.2015;45,28;3,35;680,28;93,71;155,44;61,72;12,73;Sanayi;Haftaici;8;2015
24.08.2015;42,62;2,43;680,29;97,18;155,31;58,13;15,16;Sanayi;Haftaici;8;2015
23.08.2015;45,81;4,76;474,44;73,47;95,68;22,2;18,69;Sanayi;Haftasonu ;8;2015
22.08.2015;56,85;3,67;786,78;100,5;157,87;57,37;16,76;Sanayi;Haftasonu ;8;2015
21.08.2015;61,26;3,23;1104,13;106,89;169,05;62,16;18,35;Sanayi;Haftaici;8;2015
20.08.2015;67,93;6,55;925,81;125,76;182,04;56,29;22,46;Sanayi;Haftaici;8;2015
19.08.2015;70,39;6,97;860,18;114,74;153,31;38,57;26,8;Sanayi;Haftaici;8;2015
18.08.2015;71,9;8,95;1018,17;138,91;204,92;66,02;24,88;Sanayi;Haftaici;8;2015
17.08.2015;66,07;6,66;1091,04;129,65;215,25;85,6;23,13;Sanayi;Haftaici;8;2015
16.08.2015;50,54;4,96;698,12;81,57;126,19;44,62;20,46;Sanayi;Haftasonu ;8;2015
15.08.2015;55,85;5,1;633,31;102,84;128,34;25,49;20,18;Sanayi;Haftasonu ;8;2015
14.08.2015;76,69;11,82;888,62;137,31;189,91;52,6;20,16;Sanayi;Haftaici;8;2015
13.08.2015;70,43;6,99;1057,53;150,31;238,13;87,82;18,83;Sanayi;Haftaici;8;2015
12.08.2015;52,19;7,24;814,61;128,28;178,6;50,33;16,91;Sanayi;Haftaici;8;2015
11.08.2015;57,97;5,17;576,84;105,38;151,06;45,68;22,42;Sanayi;Haftaici;8;2015
10.08.2015;57,5;8,3;545,76;125,63;165,89;40,26;21,63;Sanayi;Haftaici;8;2015
9.08.2015;34,16;6,85;390,12;93,88;134,82;40,93;18,21;Sanayi;Haftasonu ;8;2015
8.08.2015;48,25;4,39;461,13;105,15;158,21;53,06;17,44;Sanayi;Haftasonu ;8;2015
7.08.2015;49,05;8,2;412,44;89,78;122,43;32,65;19,21;Sanayi;Haftaici;8;2015
6.08.2015;59,03;7,68;629,29;114,07;162;47,93;17,8;Sanayi;Haftaici;8;2015
5.08.2015;63,63;12,27;571,15;113,37;151,58;38,21;14,98;Sanayi;Haftaici;8;2015
4.08.2015;70,99;7,63;569,8;117,46;156,43;38,97;23,24;Sanayi;Haftaici;8;2015
3.08.2015;56,21;6,84;675,6;120,9;166,42;45,52;22,54;Sanayi;Haftaici;8;2015
2.08.2015;53,9;5,03;407,27;79,72;107,99;28,26;19,46;Sanayi;Haftasonu ;8;2015
1.08.2015;61,73;4,72;514,61;98,16;149,6;51,44;24,21;Sanayi;Haftasonu ;8;2015
31.07.2015;88,96;5,7;790,19;135,22;216,32;81,1;24,04;Sanayi;Haftaici;7;2015
30.07.2015;63,89;7,06;759,92;161,38;232,61;71,23;14,45;Sanayi;Haftaici;7;2015
29.07.2015;53,04;9,71;524,97;116,52;169,91;53,39;12,18;Sanayi;Haftaici;7;2015
28.07.2015;48,16;6,54;466,11;112,7;159,75;47,04;25,24;Sanayi;Haftaici;7;2015
27.07.2015;51,47;8,83;506,99;121,97;169,42;47,45;12,21;Sanayi;Haftaici;7;2015
26.07.2015;51,37;14,27;462,63;108,87;143,52;34,65;11,12;Sanayi;Haftasonu ;7;2015
25.07.2015;58,49;9,28;634,74;122,6;183,9;61,3;8,61;Sanayi;Haftasonu ;7;2015
24.07.2015;49,55;5,08;571,31;129,78;171,75;41,97;12,59;Sanayi;Haftaici;7;2015
23.07.2015;38,85;4,62;519,43;93,64;131,52;37,88;19,19;Sanayi;Haftaici;7;2015
22.07.2015;35,31;4,83;393,31;79,95;116,21;36,26;15,73;Sanayi;Haftaici;7;2015
21.07.2015;41,26;7,25;604,31;113,49;183,08;69,59;12,19;Sanayi;Haftaici;7;2015
20.07.2015;36,64;8,97;605,36;127,16;186,13;58,97;14,65;Sanayi;Haftaici;7;2015
19.07.2015;23,91;6,27;244,64;70,69;89,65;18,95;11,7;Sanayi;Haftasonu ;7;2015
18.07.2015;16,71;4,32;257,82;67,03;94,31;27,28;;Sanayi;Haftasonu ;7;2015
17.07.2015;17,08;3,06;228,68;52,9;68,8;15,9;;Sanayi;Haftaici;7;2015
16.07.2015;30,18;4,34;477,56;73,19;108,29;35,1;14,8;Sanayi;Haftaici;7;2015
15.07.2015;37,89;6,55;602;97,22;148,38;51,15;18,5;Sanayi;Haftaici;7;2015
14.07.2015;39,3;6,41;456,57;96,34;139,95;43,61;15,28;Sanayi;Haftaici;7;2015
13.07.2015;27,61;6,38;509,96;87,22;132,3;45,08;;Sanayi;Haftaici;7;2015
12.07.2015;30,6;4,13;327,43;71,79;102,62;30,82;13,4;Sanayi;Haftasonu ;7;2015
11.07.2015;42,36;4,96;402,58;78,83;110,67;31,84;14;Sanayi;Haftasonu ;7;2015
10.07.2015;47,57;12,48;586,06;107,51;150,07;42,56;18,11;Sanayi;Haftaici;7;2015
9.07.2015;57,19;5,31;601,74;101,59;141,84;40,25;21,92;Sanayi;Haftaici;7;2015
8.07.2015;36,22;5,99;460,83;89,84;136,58;46,74;11,41;Sanayi;Haftaici;7;2015
7.07.2015;32,15;5,47;517,99;85,65;137;51,35;14,48;Sanayi;Haftaici;7;2015
6.07.2015;55,34;6,94;532,33;88,61;135,58;46,97;15,63;Sanayi;Haftaici;7;2015
5.07.2015;36,46;7,17;411,1;85,27;113,16;27,89;18,9;Sanayi;Haftasonu ;7;2015
4.07.2015;30,13;7,16;327,53;74,07;107,88;33,81;14,67;Sanayi;Haftasonu ;7;2015
3.07.2015;34,19;4,92;541,51;83,64;140,43;56,79;15,02;Sanayi;Haftaici;7;2015
2.07.2015;38,91;6,54;493,21;85,84;130,46;44,62;20,48;Sanayi;Haftaici;7;2015
1.07.2015;42,1;7,28;440,59;93,84;129,71;35,87;18,11;Sanayi;Haftaici;7;2015
30.06.2015;52,36;7,65;624,63;84,53;138,1;53,57;32,5;Sanayi;Haftaici;6;2015
29.06.2015;40,95;3,44;552,72;92,43;135,43;42,99;8,1;Sanayi;Haftaici;6;2015
28.06.2015;21,26;4;238,39;57,21;73,36;16,14;;Sanayi;Haftasonu ;6;2015
27.06.2015;35,66;5,8;567,19;94,6;136,96;42,35;;Sanayi;Haftasonu ;6;2015
26.06.2015;37,68;;575,54;84,12;132,51;48,4;;Sanayi;Haftaici;6;2015
25.06.2015;32,83;6,88;583,72;75,88;112,65;36,77;11,02;Sanayi;Haftaici;6;2015
24.06.2015;43,54;5,85;663,94;86,31;129,01;42,7;15,69;Sanayi;Haftaici;6;2015
23.06.2015;47,16;4,11;670,8;92,8;143,71;50,91;22,12;Sanayi;Haftaici;6;2015
22.06.2015;51,79;7,91;592,06;87,09;124,61;37,53;18,58;Sanayi;Haftaici;6;2015
21.06.2015;28,04;5,85;300,05;68,93;84,65;15,72;11,92;Sanayi;Haftasonu ;6;2015
20.06.2015;37,98;8,02;461,86;78,7;118,7;40;8,9;Sanayi;Haftasonu ;6;2015
19.06.2015;45,54;5,15;540,74;98,33;143,2;44,88;9,31;Sanayi;Haftaici;6;2015
18.06.2015;43,08;6,84;619,79;95,91;141,77;45,86;13,51;Sanayi;Haftaici;6;2015
17.06.2015;58,47;16,72;786,14;97,2;152,35;55,14;10,66;Sanayi;Haftaici;6;2015
16.06.2015;62,29;7,23;1116,82;117,91;214,48;96,57;20,62;Sanayi;Haftaici;6;2015
15.06.2015;53,19;6,43;916,31;113,53;181,43;67,9;14,06;Sanayi;Haftaici;6;2015
14.06.2015;36,71;6,4;492,94;69,47;106,17;36,7;10,6;Sanayi;Haftasonu ;6;2015
13.06.2015;40,51;6,43;568,83;76,82;123,43;46,61;10,3;Sanayi;Haftasonu ;6;2015
12.06.2015;44,09;3,85;678,12;84,26;129,24;44,97;21;Sanayi;Haftaici;6;2015
11.06.2015;38,75;6,35;670,17;91,11;134,89;43,78;15,65;Sanayi;Haftaici;6;2015
10.06.2015;45,92;11,73;653,5;95,35;133,33;37,98;10,81;Sanayi;Haftaici;6;2015
9.06.2015;53,22;7,06;658,81;109,14;170,82;61,68;;Sanayi;Haftaici;6;2015
8.06.2015;46,22;5,85;600,94;99,89;148,21;48,33;19,57;Sanayi;Haftaici;6;2015
7.06.2015;41,26;4,74;357,87;66,64;102,61;35,97;;Sanayi;Haftasonu ;6;2015
6.06.2015;47,95;3,92;709,93;89,93;149,75;59,82;21,71;Sanayi;Haftasonu ;6;2015
5.06.2015;60,77;4,74;817,07;109,65;182,08;72,42;21,61;Sanayi;Haftaici;6;2015
4.06.2015;53,01;3,71;735,87;101,45;159,46;58,02;19,44;Sanayi;Haftaici;6;2015
3.06.2015;52,35;3,89;727,33;105,79;164,1;58,31;;Sanayi;Haftaici;6;2015
2.06.2015;39,77;3,31;388,54;80,87;110,8;29,93;20,77;Sanayi;Haftaici;6;2015
1.06.2015;36,91;5,18;443,06;86,03;122,16;36,13;14,48;Sanayi;Haftaici;6;2015
31.05.2015;40,17;4,95;463,47;78,95;123,88;44,92;;Sanayi;Haftasonu ;5;2015
30.05.2015;37,23;2,75;910,39;97,9;184,34;86,44;;Sanayi;Haftasonu ;5;2015
29.05.2015;52,38;4,17;681,03;86,44;166,04;79,6;;Sanayi;Haftaici;5;2015
28.05.2015;39,8;7,11;500,79;87,44;133,44;46;;Sanayi;Haftaici;5;2015
27.05.2015;79,18;4,1;907,61;96,4;180,21;83,81;;Sanayi;Haftaici;5;2015
26.05.2015;78,82;13,12;648,68;118,24;164,61;46,36;30,49;Sanayi;Haftaici;5;2015
25.05.2015;88,02;5,53;961,47;106,11;192,49;86,38;;Sanayi;Haftaici;5;2015
24.05.2015;57,48;12,43;368,41;83,43;109,52;26,09;26,52;Sanayi;Haftasonu ;5;2015
23.05.2015;74,76;15,63;524,46;100,11;133,47;33,36;;Sanayi;Haftasonu ;5;2015
22.05.2015;71,02;13,15;634,49;105,8;158,2;52,39;;Sanayi;Haftaici;5;2015
21.05.2015;70,02;8,66;469,04;88,23;119,33;31,1;47,18;Sanayi;Haftaici;5;2015
20.05.2015;96,43;7,41;494,6;96,93;138,91;41,98;42,43;Sanayi;Haftaici;5;2015
19.05.2015;70,62;11,93;732,87;106,66;169,99;63,33;39,3;Sanayi;Haftaici;5;2015
18.05.2015;95,28;10,14;683,43;88,6;140,4;51,8;63,05;Sanayi;Haftaici;5;2015
17.05.2015;93,17;22,99;665,61;86,79;156,39;69,6;57,74;Sanayi;Haftasonu ;5;2015
16.05.2015;81,81;19,75;596,7;87,74;125,53;37,79;65,93;Sanayi;Haftasonu ;5;2015
15.05.2015;56,49;16,68;696,73;112,71;171,76;59,05;;Sanayi;Haftaici;5;2015
14.05.2015;46,4;9,14;577,77;108,95;154,38;45,43;31,35;Sanayi;Haftaici;5;2015
13.05.2015;33,34;5,42;500,12;80,68;130,54;49,86;;Sanayi;Haftaici;5;2015
12.05.2015;29,09;4,63;394,7;61,54;95,53;33,99;;Sanayi;Haftaici;5;2015
11.05.2015;;;204,46;;;;;Sanayi;Haftaici;5;2015
10.05.2015;4,19;9,86;453,97;72,12;113,25;41,14;;Sanayi;Haftasonu ;5;2015
9.05.2015;3,87;11,45;510,15;76,83;128,74;51,91;;Sanayi;Haftasonu ;5;2015
8.05.2015;2,07;4,72;803,16;84,57;141,77;57,2;;Sanayi;Haftaici;5;2015
7.05.2015;5,48;23,82;916,37;95,3;170,38;75,08;;Sanayi;Haftaici;5;2015
6.05.2015;4,11;13,93;729,21;82,8;132,33;49,53;;Sanayi;Haftaici;5;2015
5.05.2015;9,46;18,38;800,19;88,79;151,97;63,18;;Sanayi;Haftaici;5;2015
4.05.2015;27,62;11,09;595,31;79,33;129,65;50,32;17,52;Sanayi;Haftaici;5;2015
3.05.2015;30,12;1,66;507,37;66,02;108,95;42,93;16,67;Sanayi;Haftasonu ;5;2015
2.05.2015;37,62;14,21;723,17;82,54;139,95;57,41;17,77;Sanayi;Haftasonu ;5;2015
1.05.2015;33,99;10,77;478,9;56,92;89,31;32,39;21,8;Sanayi;Haftaici;5;2015
30.04.2015;38,89;14,89;1314,48;84,08;144,5;60,42;20,64;Sanayi;Haftaici;4;2015
29.04.2015;61,9;9,89;1149,86;91,44;158,46;67,02;25,02;Sanayi;Haftaici;4;2015
28.04.2015;60,06;15,89;1138,81;70,17;99,42;29,25;23,26;Sanayi;Haftaici;4;2015
27.04.2015;36,26;17,32;1252,87;91,36;141,25;49,89;15,83;Sanayi;Haftaici;4;2015
26.04.2015;38,96;11,74;1192,13;82,87;135,58;52,71;16,52;Sanayi;Haftasonu ;4;2015
25.04.2015;34,85;23,88;1246,41;81,35;138,21;56,87;19,01;Sanayi;Haftasonu ;4;2015
24.04.2015;30,39;7,33;1157,22;91,86;155,5;63,64;17,73;Sanayi;Haftaici;4;2015
23.04.2015;23,16;4,76;949,06;67,37;123,76;56,39;13,58;Sanayi;Haftaici;4;2015
22.04.2015;29;3,24;1081,77;85,28;142,35;57,08;13,38;Sanayi;Haftaici;4;2015
21.04.2015;40,82;3,44;927,91;79,89;134,93;55,04;21,02;Sanayi;Haftaici;4;2015
17.04.2015;43,49;17,9;1445,34;96,8;176,6;79,79;19,5;Sanayi;Haftaici;4;2015
16.04.2015;49,89;17,46;1505,86;94,35;168,9;74,55;24,81;Sanayi;Haftaici;4;2015
15.04.2015;45,05;10,14;1331,8;89,55;162,01;72,46;27,76;Sanayi;Haftaici;4;2015
14.04.2015;59,87;13,44;1293,84;93,18;135,38;42,2;30,24;Sanayi;Haftaici;4;2015
13.04.2015;37,24;7,88;1249,77;84,07;133,2;49,12;15,33;Sanayi;Haftaici;4;2015
12.04.2015;25,79;6,78;1200,96;74,32;128,97;54,65;16,45;Sanayi;Haftasonu ;4;2015
11.04.2015;39,45;3,67;1090,13;79,96;147,11;67,15;21,14;Sanayi;Haftasonu ;4;2015
10.04.2015;28,44;5,79;914,08;59,69;128,41;68,72;16,75;Sanayi;Haftaici;4;2015
9.04.2015;31,72;3,08;1577,69;90,42;195,61;105,19;16,95;Sanayi;Haftaici;4;2015
8.04.2015;56,67;14,21;1217;77,1;143,95;66,84;19,71;Sanayi;Haftaici;4;2015
7.04.2015;32,15;6,54;1103,07;72,87;127,81;54,94;;Sanayi;Haftaici;4;2015
6.04.2015;33,44;6,47;1057,37;57,45;86,8;29,35;13,33;Sanayi;Haftaici;4;2015
5.04.2015;58,06;11,37;1405;74,52;145,04;70,52;35,11;Sanayi;Haftasonu ;4;2015
4.04.2015;39,4;8,44;1055,98;69,48;125,95;56,46;18,78;Sanayi;Haftasonu ;4;2015
3.04.2015;47,06;6,56;1322,87;91,76;173,33;81,57;22,86;Sanayi;Haftaici;4;2015
2.04.2015;32,37;3,89;1142,21;76,28;136,94;60,66;11,09;Sanayi;Haftaici;4;2015
1.04.2015;51,44;;1435,84;86,02;206,38;120,36;19,53;Sanayi;Haftaici;4;2015
31.03.2015;50,65;6,36;1547,09;99,15;225,81;126,66;28,33;Sanayi;Haftaici;3;2015
30.03.2015;50,68;8,78;1210,74;75,85;136;60,16;28,09;Sanayi;Haftaici;3;2015
29.03.2015;54,31;3,25;1391,86;82,62;154,81;72,19;25,88;Sanayi;Haftasonu ;3;2015
28.03.2015;73,15;2,87;1832,95;95,9;221,48;125,59;25,65;Sanayi;Haftasonu ;3;2015
27.03.2015;40,78;4,54;1451,29;73,89;141,63;67,74;25,65;Sanayi;Haftaici;3;2015
26.03.2015;70,73;14,55;1671,39;85,48;176,05;90,57;39,28;Sanayi;Haftaici;3;2015
25.03.2015;56,06;6,81;1144,77;71,08;113,1;42,02;29,26;Sanayi;Haftaici;3;2015
24.03.2015;67,75;5,26;1176,57;81,98;138,24;56,26;34,25;Sanayi;Haftaici;3;2015
23.03.2015;53,46;6,54;1427,57;82,07;154,5;72,43;27,61;Sanayi;Haftaici;3;2015
22.03.2015;45,96;4,62;957,35;69,87;123,08;53,21;22,53;Sanayi;Haftasonu ;3;2015
21.03.2015;35,77;2,68;988,8;69,83;119,5;49,68;16,34;Sanayi;Haftasonu ;3;2015
20.03.2015;76,17;6,98;1393,61;88,01;186,16;98,15;38,47;Sanayi;Haftaici;3;2015
19.03.2015;32,4;3,18;1761,93;81,14;184,69;103,54;25,65;Sanayi;Haftaici;3;2015
18.03.2015;70,12;4,97;1357,03;80,86;169,71;88,84;26,38;Sanayi;Haftaici;3;2015
17.03.2015;53,99;3,17;1139,53;72,06;138,78;66,72;21,76;Sanayi;Haftaici;3;2015
16.03.2015;60,7;2,48;1315,63;68,23;139,03;70,8;23,13;Sanayi;Haftaici;3;2015
15.03.2015;42,15;3,88;1339,21;75,55;141,82;66,27;25,65;Sanayi;Haftasonu ;3;2015
14.03.2015;34,71;3,81;1120,42;68,41;106,65;38,24;13,48;Sanayi;Haftasonu ;3;2015
13.03.2015;78,45;5,16;1696,61;84,34;192,75;108,41;36,68;Sanayi;Haftaici;3;2015
12.03.2015;37,35;3,72;1664,4;98,17;225,37;127,21;20,8;Sanayi;Haftaici;3;2015
11.03.2015;115,43;8,42;1383,93;92,72;184,35;91,63;52;Sanayi;Haftaici;3;2015
10.03.2015;100,79;10,98;1366,22;76,47;136,81;60,34;39,41;Sanayi;Haftaici;3;2015
9.03.2015;149,46;13,7;1244,05;78,79;141,7;62,9;25,65;Sanayi;Haftaici;3;2015
8.03.2015;76,11;13,52;1349,61;74,1;132,39;58,3;3,11;Sanayi;Haftasonu ;3;2015
7.03.2015;98,45;12,39;1904,1;90,62;213,88;123,25;60,72;Sanayi;Haftasonu ;3;2015
4.03.2015;35,4;2,57;1098,68;81,28;142,57;61,29;16,74;Sanayi;Haftaici;3;2015
3.03.2015;54,07;3,36;1497,43;79,61;144,98;65,37;22,62;Sanayi;Haftaici;3;2015
2.03.2015;81,18;8,15;1761,45;92,45;195,08;102,63;37,09;Sanayi;Haftaici;3;2015
1.03.2015;62,14;9,07;1392,69;85,11;185,42;100,31;34,19;Sanayi;Haftasonu ;3;2015
28.02.2015;64,35;;1206,13;88,3;155,11;66,82;26,69;Sanayi;Haftasonu ;2;2015
27.02.2015;51,23;6,69;1095,88;65,43;95,31;29,88;23,1;Sanayi;Haftaici;2;2015
26.02.2015;87,81;8,63;1749,63;80,07;157,8;77,73;43,04;Sanayi;Haftaici;2;2015
25.02.2015;63,76;7,54;2005,58;94,67;272,36;177,7;39,09;Sanayi;Haftaici;2;2015
24.02.2015;104,89;6,74;2169,05;98,17;228,76;130,6;57,12;Sanayi;Haftaici;2;2015
23.02.2015;103,96;10,08;1708,94;100,5;169,07;68,57;57,71;Sanayi;Haftaici;2;2015
22.02.2015;61,05;6,8;1075,63;79,32;109,99;30,67;38;Sanayi;Haftasonu ;2;2015
21.02.2015;52,42;4,82;1008,41;80,81;112,8;31,99;29,61;Sanayi;Haftasonu ;2;2015
20.02.2015;51,52;4,52;1518,4;87,02;179,49;92,47;30,87;Sanayi;Haftaici;2;2015
19.02.2015;37,85;5,36;1237,75;71,21;148,97;77,76;20,92;Sanayi;Haftaici;2;2015
18.02.2015;53,05;3,34;1066,49;58,4;132,9;74,5;26,34;Sanayi;Haftaici;2;2015
17.02.2015;45,83;2,43;1008,74;62,62;137,11;74,49;24,64;Sanayi;Haftaici;2;2015
16.02.2015;52,53;1,81;1529,22;81,47;167,36;85,9;32,81;Sanayi;Haftaici;2;2015
15.02.2015;78,95;7,49;1294,5;77,77;149,32;71,55;40,72;Sanayi;Haftasonu ;2;2015
14.02.2015;65,69;7,76;1368,01;67,17;143,53;76,36;34,32;Sanayi;Haftasonu ;2;2015
13.02.2015;81,8;7,44;1517,36;74,46;172,1;97,63;44,9;Sanayi;Haftaici;2;2015
12.02.2015;80,4;4,74;1690,89;83,47;209,82;126,35;42,56;Sanayi;Haftaici;2;2015
11.02.2015;;3,65;1315,45;72,5;165,77;93,27;;Sanayi;Haftaici;2;2015
7.02.2015;42,64;6,36;1289,03;75,16;139,71;64,54;;Sanayi;Haftasonu ;2;2015
6.02.2015;117,14;13,34;2127,94;92,94;246,66;153,71;50,57;Sanayi;Haftaici;2;2015
5.02.2015;107,59;10;2070,99;87,37;232,21;144,84;51,68;Sanayi;Haftaici;2;2015
4.02.2015;83,79;6,12;1711,96;88,72;224,96;136,24;35,24;Sanayi;Haftaici;2;2015
3.02.2015;43,01;0,95;1266,44;72,95;137,05;64,11;18,93;Sanayi;Haftaici;2;2015
2.02.2015;44,44;3,37;899,67;58,85;100,16;41,31;19,47;Sanayi;Haftaici;2;2015
1.02.2015;53,74;3,76;593,57;36,87;57,31;20,44;29,87;Sanayi;Haftasonu ;2;2015
31.01.2015;36,84;3,74;787,87;52,83;83,63;30,8;19,52;Sanayi;Haftasonu ;1;2015
30.01.2015;41,08;5,17;1094,86;69,15;113,24;44,09;17,84;Sanayi;Haftaici;1;2015
29.01.2015;84,81;4,5;1359,55;83,15;153,99;70,84;48,12;Sanayi;Haftaici;1;2015
28.01.2015;76,01;6,06;1341,38;83,57;168,35;84,79;28,62;Sanayi;Haftaici;1;2015
27.01.2015;81,43;8,55;1535,04;73,61;155,14;81,53;42,18;Sanayi;Haftaici;1;2015
23.01.2015;;5,25;1507,27;76,98;153,54;76,56;;Sanayi;Haftaici;1;2015
22.01.2015;156,65;8,76;2480,14;95,68;192,65;96,96;96,08;Sanayi;Haftaici;1;2015
21.01.2015;117,61;5,29;2236,16;82,77;236,53;153,76;64,91;Sanayi;Haftaici;1;2015
20.01.2015;106,32;6,25;1555;71,53;151,42;79,9;59,29;Sanayi;Haftaici;1;2015
19.01.2015;112,74;3,83;1796,25;83,77;188,63;104,86;62,51;Sanayi;Haftaici;1;2015
18.01.2015;51,92;1,7;936,82;71,21;110,3;39,09;;Sanayi;Haftasonu ;1;2015
17.01.2015;83,31;3,38;1731,41;94,2;185,11;90,91;;Sanayi;Haftasonu ;1;2015
16.01.2015;27,62;6,92;2894,34;111,12;266,43;155,32;;Sanayi;Haftaici;1;2015
15.01.2015;44,83;7,77;2109,03;109,82;305,47;195,65;;Sanayi;Haftaici;1;2015
28.12.2014;109,34;7,22;1739,42;85,84;295,45;209,61;48,08;Sanayi;Haftasonu ;12;2014
27.12.2014;37,55;6,08;1071,33;55,47;96,43;40,96;23,68;Sanayi;Haftasonu ;12;2014
26.12.2014;151,75;14,79;2642,53;103,72;306,58;202,86;70,23;Sanayi;Haftaici;12;2014
25.12.2014;213,3;12,43;3991,46;132,09;458,52;326,43;109,9;Sanayi;Haftaici;12;2014
24.12.2014;216,73;26,4;3955,94;102,14;413,97;311,82;83,24;Sanayi;Haftaici;12;2014
18.12.2014;31,36;14,55;3658,72;69,2;277,81;208,61;;Sanayi;Haftaici;12;2014
15.12.2014;97,81;6,79;1391,88;71,75;177;105,26;24,57;Sanayi;Haftaici;12;2014
14.12.2014;71,17;8,82;1264,45;55,3;107,76;52,45;23,52;Sanayi;Haftasonu ;12;2014
13.12.2014;70,01;9,21;1566,18;58,58;130,16;71,58;23,11;Sanayi;Haftasonu ;12;2014
12.12.2014;64,24;9,45;1714,89;68,76;152,49;83,73;26,17;Sanayi;Haftaici;12;2014
11.12.2014;101,1;15,26;1690,53;70,65;158,59;87,93;28,49;Sanayi;Haftaici;12;2014
10.12.2014;88,79;10,57;1479,38;83,81;220,62;136,81;29,16;Sanayi;Haftaici;12;2014
9.12.2014;69,98;9,81;1524,8;54,89;102,83;47,94;15,39;Sanayi;Haftaici;12;2014
8.12.2014;150,15;17,02;2154;75,93;227,47;151,54;52,01;Sanayi;Haftaici;12;2014
7.12.2014;98,55;12,58;1551,27;52,33;158,29;105,97;33,34;Sanayi;Haftasonu ;12;2014
6.12.2014;105,56;11,32;1682,19;55,76;128,97;73,21;32,35;Sanayi;Haftasonu ;12;2014
5.12.2014;170,7;17,1;2546,32;72,41;233,48;161,07;53,48;Sanayi;Haftaici;12;2014
4.12.2014;143,17;13,31;2487,53;63,21;207,05;143,83;44,29;Sanayi;Haftaici;12;2014
3.12.2014;241,42;12,8;3545,88;87,15;385,37;298,22;69,25;Sanayi;Haftaici;12;2014
2.12.2014;188,84;13,53;2541,9;77,59;321,75;244,15;61,61;Sanayi;Haftaici;12;2014
1.12.2014;54,61;9,41;1585,23;61,09;163,04;101,95;19,2;Sanayi;Haftaici;12;2014
30.11.2014;74,78;7,87;2124,07;62;204,58;142,58;29,29;Sanayi;Haftasonu ;11;2014
29.11.2014;144,64;17,51;2082,23;95,04;332,13;237,09;42,61;Sanayi;Haftasonu ;11;2014
28.11.2014;61,42;13,47;1357,51;73,58;174,95;101,36;22,7;Sanayi;Haftaici;11;2014
27.11.2014;35,89;10,33;1221,41;59,71;124,91;65,2;18,58;Sanayi;Haftaici;11;2014
26.11.2014;48,84;10,19;1291,91;61,09;147,91;86,82;12,05;Sanayi;Haftaici;11;2014
25.11.2014;61,41;8,43;1302,36;71,87;161,36;89,48;11,62;Sanayi;Haftaici;11;2014
24.11.2014;39,04;7,96;1035,55;61,18;109,53;48,35;12,39;Sanayi;Haftaici;11;2014
23.11.2014;52,84;12,95;1207,92;62,28;129,59;67,31;9,08;Sanayi;Haftasonu ;11;2014
22.11.2014;59,72;7,78;1403,88;60,93;168,86;107,93;14,7;Sanayi;Haftasonu ;11;2014
21.11.2014;37,76;7,41;1450,37;66,17;175,45;109,28;10,19;Sanayi;Haftaici;11;2014
20.11.2014;74,35;10,89;1526,12;70,62;139,23;68,61;16,58;Sanayi;Haftaici;11;2014
19.11.2014;138,9;16,19;1932,89;78,69;176,46;97,76;22,26;Sanayi;Haftaici;11;2014
18.11.2014;146,75;20,17;2035,99;88,14;237,13;148,99;25,59;Sanayi;Haftaici;11;2014
17.11.2014;176,94;19,37;2140,85;100,08;240,86;140,78;28,98;Sanayi;Haftaici;11;2014
16.11.2014;139,31;17,65;1867,96;89,64;195,28;105,64;21,92;Sanayi;Haftasonu ;11;2014
15.11.2014;85,89;12,82;1448,07;84,86;169,63;84,77;15,28;Sanayi;Haftasonu ;11;2014
14.11.2014;81,25;14,44;1385,05;74,34;106,31;31,97;13,17;Sanayi;Haftaici;11;2014
13.11.2014;110,71;20,52;1728,27;87,5;162,67;75,17;22,9;Sanayi;Haftaici;11;2014
12.11.2014;133,16;16,95;2270,86;103;260,83;157,83;23,11;Sanayi;Haftaici;11;2014
11.11.2014;143,72;16,38;2537,15;110,89;285,45;174,56;24,86;Sanayi;Haftaici;11;2014
10.11.2014;106,08;19,17;1953,47;107,91;244,9;136,99;21,28;Sanayi;Haftaici;11;2014
9.11.2014;175,68;23,44;2666,24;107,36;332,75;225,39;26,14;Sanayi;Haftasonu ;11;2014
8.11.2014;190,86;21,49;2873,95;117,14;355,67;238,53;30,35;Sanayi;Haftasonu ;11;2014
7.11.2014;167,63;16,31;2663;101,87;316,12;214,25;26,51;Sanayi;Haftaici;11;2014
6.11.2014;171,38;16,35;2467,35;104,92;303,38;198,45;30,84;Sanayi;Haftaici;11;2014
5.11.2014;138,95;13,52;2256,1;98,84;247,98;149,13;26,01;Sanayi;Haftaici;11;2014
4.11.2014;147,5;13,49;2402,09;106,99;319,45;212,45;27,53;Sanayi;Haftaici;11;2014
3.11.2014;59,39;8,51;1158,99;64,55;119,23;54,68;12,82;Sanayi;Haftaici;11;2014
2.11.2014;38,47;5,79;1094,19;62,73;119,75;57,01;9,24;Sanayi;Haftasonu ;11;2014
1.11.2014;68,92;6,53;1265,93;71,69;151,32;79,63;12,4;Sanayi;Haftasonu ;11;2014
31.10.2014;36,84;5,69;1277,27;67,03;176,78;109,76;;Sanayi;Haftaici;10;2014
30.10.2014;78,12;6,8;1578,91;68,3;149,12;80,82;22,36;Sanayi;Haftaici;10;2014
29.10.2014;78,79;7,8;1434,78;46,51;94,15;47,64;26,11;Sanayi;Haftaici;10;2014
28.10.2014;86,42;7,48;1761,55;61,41;144,45;83,05;27,32;Sanayi;Haftaici;10;2014
27.10.2014;71,02;7,04;1888,43;54,26;136,34;82,08;35,88;Sanayi;Haftaici;10;2014
26.10.2014;54,14;8,72;1252,36;46,69;90,88;44,19;28,25;Sanayi;Haftasonu ;10;2014
25.10.2014;54,86;7,09;1387,33;48,09;92,87;44,78;25,72;Sanayi;Haftasonu ;10;2014
24.10.2014;94,64;7,65;1967,39;49,74;110,93;61,18;59,29;Sanayi;Haftaici;10;2014
23.10.2014;56,62;10,12;1881,48;60,23;117,07;56,84;24,11;Sanayi;Haftaici;10;2014
22.10.2014;150,32;14,51;3023,43;87,61;301,65;214,04;48,11;Sanayi;Haftaici;10;2014
21.10.2014;184,58;13,86;2604,8;77,14;228,85;151,71;47,45;Sanayi;Haftaici;10;2014
20.10.2014;91,57;9,41;1779,3;71,98;171,7;99,73;23,52;Sanayi;Haftaici;10;2014
19.10.2014;31,93;7,54;883,5;38,92;77,56;38,64;9,07;Sanayi;Haftasonu ;10;2014
18.10.2014;48,03;7,03;1449,09;46,18;87,96;41,78;;Sanayi;Haftasonu ;10;2014
17.10.2014;90,93;7,02;2146,25;49,15;151,6;102,45;40,16;Sanayi;Haftaici;10;2014
16.10.2014;102,36;10,3;1896,22;57,77;150,4;92,64;45,3;Sanayi;Haftaici;10;2014
15.10.2014;90,03;10,32;1799,22;62,74;142,54;79,8;28,38;Sanayi;Haftaici;10;2014
14.10.2014;63,06;6,94;1503,75;54,19;103,1;48,91;26,09;Sanayi;Haftaici;10;2014
13.10.2014;75,29;8,21;1578,5;59,21;116,44;57,23;37,93;Sanayi;Haftaici;10;2014
12.10.2014;56,66;7,86;1274,72;58,09;118,68;60,59;24,12;Sanayi;Haftasonu ;10;2014
11.10.2014;137,09;8,54;1187,36;53;111,62;58,62;37,07;Sanayi;Haftasonu ;10;2014
10.10.2014;43,25;7,99;1294,82;52,69;102,53;49,84;8,35;Sanayi;Haftaici;10;2014
9.10.2014;45,92;7,71;1384,66;57,83;121,35;63,52;11,46;Sanayi;Haftaici;10;2014
8.10.2014;58,11;8,34;1395,77;50,31;96,53;46,22;20,75;Sanayi;Haftaici;10;2014
7.10.2014;57,01;8,04;1426,17;50,7;117,79;67,09;34,47;Sanayi;Haftaici;10;2014
6.10.2014;57,39;9,9;1251,12;51,04;99,28;48,24;28,58;Sanayi;Haftaici;10;2014
5.10.2014;49,97;8,29;1324,43;48,67;102,42;53,75;29,34;Sanayi;Haftasonu ;10;2014
4.10.2014;53,58;7,01;1272,05;42,28;104,19;61,9;23,11;Sanayi;Haftasonu ;10;2014
3.10.2014;41,38;7,55;1102,16;46,73;90,72;43,99;16,53;Sanayi;Haftaici;10;2014
2.10.2014;42,33;7,09;1472;54,28;91,67;37,39;16,6;Sanayi;Haftaici;10;2014
1.10.2014;129,89;12,25;2439,67;85,93;261,13;175,19;34,07;Sanayi;Haftaici;10;2014
30.09.2014;92,54;9,57;1799,24;71,08;177,85;106,77;24,06;Sanayi;Haftaici;9;2014
29.09.2014;59,09;6,57;1185,28;53,86;100,77;46,92;20,62;Sanayi;Haftaici;9;2014
28.09.2014;35,82;6,26;990,07;48,03;89,79;41,75;15,76;Sanayi;Haftasonu ;9;2014
27.09.2014;46,62;8,1;1005,88;52,55;86,95;34,41;;Sanayi;Haftasonu ;9;2014
26.09.2014;78,01;11,83;1441,99;71,44;148,38;76,94;21,75;Sanayi;Haftaici;9;2014
25.09.2014;62,93;9,95;1499,5;66,56;152,62;86,06;16,01;Sanayi;Haftaici;9;2014
24.09.2014;55,56;9,62;1269,15;81,16;198,61;117,45;21,65;Sanayi;Haftaici;9;2014
23.09.2014;91,04;8,01;1349,33;74,02;143,34;69,32;33,7;Sanayi;Haftaici;9;2014
22.09.2014;72,23;9,52;1631,48;91,74;207,4;115,66;26,21;Sanayi;Haftaici;9;2014
21.09.2014;44,82;8,65;1133,33;69,84;133,81;63,97;13,4;Sanayi;Haftasonu ;9;2014
20.09.2014;36,03;6,77;997,83;71,15;128,9;57,76;11,4;Sanayi;Haftasonu ;9;2014
19.09.2014;53,25;6,56;1206,44;80,66;144,71;64,05;14,63;Sanayi;Haftaici;9;2014
18.09.2014;43,61;7,4;1117,77;76,06;115,98;39,92;17,75;Sanayi;Haftaici;9;2014
17.09.2014;58,34;6,05;1172,02;83,95;128,95;45;23,3;Sanayi;Haftaici;9;2014
16.09.2014;51,95;7,38;1095,29;78,53;119,21;40,68;12,93;Sanayi;Haftaici;9;2014
15.09.2014;50,89;7,31;1305,43;94,27;145,8;51,53;11,69;Sanayi;Haftaici;9;2014
14.09.2014;55,96;6,74;1086,61;75,37;124,68;49,31;16,84;Sanayi;Haftasonu ;9;2014
13.09.2014;66,17;8,64;1332,51;85,82;134,78;48,96;16,18;Sanayi;Haftasonu ;9;2014
12.09.2014;75,89;8,5;1733,42;115,84;244,07;128,22;19,29;Sanayi;Haftaici;9;2014
11.09.2014;74,87;6,47;1536,63;104,66;207,73;103,07;24,79;Sanayi;Haftaici;9;2014
10.09.2014;83,5;5,84;1312,81;91,17;171,92;80,74;26,23;Sanayi;Haftaici;9;2014
9.09.2014;76,19;6,95;1180,46;80,17;130,16;50;12,6;Sanayi;Haftaici;9;2014
8.09.2014;87,5;6,91;1321,69;93,97;158,04;64,07;23,69;Sanayi;Haftaici;9;2014
7.09.2014;42,02;6,79;1034,95;81,37;118,17;36,79;11,41;Sanayi;Haftasonu ;9;2014
6.09.2014;76,98;6,09;1195,04;92,09;125,79;33,7;30,68;Sanayi;Haftasonu ;9;2014
5.09.2014;74,61;8,66;1283,25;102,94;161,91;58,97;21,7;Sanayi;Haftaici;9;2014
4.09.2014;81,26;8,23;1555,12;114,22;186,77;72,55;21,99;Sanayi;Haftaici;9;2014
3.09.2014;91,37;7,96;1582,19;126,39;227,04;100,65;27,11;Sanayi;Haftaici;9;2014
2.09.2014;78,48;8,23;1397,58;112,98;202,79;89,81;20,18;Sanayi;Haftaici;9;2014
1.09.2014;60,74;6,03;1181,2;79,51;121,61;42,1;15,73;Sanayi;Haftaici;9;2014
31.08.2014;50,83;6,62;960,06;65,64;90,71;25,06;8,26;Sanayi;Haftasonu ;8;2014
30.08.2014;32,71;6,63;909,37;53,79;82,26;28,47;11,48;Sanayi;Haftasonu ;8;2014
29.08.2014;53,56;6,65;1170,54;70,42;130,6;60,18;20,03;Sanayi;Haftaici;8;2014
28.08.2014;90,83;8,92;1539,68;108,54;171,74;63,2;27,52;Sanayi;Haftaici;8;2014
27.08.2014;93,45;10,15;1677,16;132,96;268,11;135,15;39,39;Sanayi;Haftaici;8;2014
26.08.2014;62,64;6,47;1246,65;103,54;152,54;49;27,14;Sanayi;Haftaici;8;2014
25.08.2014;61,56;8,33;1266,68;85,95;135,66;49,71;17,64;Sanayi;Haftaici;8;2014
24.08.2014;51,74;7,04;1203,16;78,43;143,96;65,53;21,64;Sanayi;Haftasonu ;8;2014
23.08.2014;44,98;5,82;1076,38;73,01;118,22;45,21;12,77;Sanayi;Haftasonu ;8;2014
22.08.2014;59,03;6,89;1260,72;89,04;136,32;47,27;18,13;Sanayi;Haftaici;8;2014
21.08.2014;75,15;7,97;1635,5;113,41;204,21;90,8;;Sanayi;Haftaici;8;2014
20.08.2014;51,19;6,03;1727,8;85,24;132,4;47,16;12,24;Sanayi;Haftaici;8;2014
19.08.2014;33,01;6,46;1650;68,8;114,28;45,48;;Sanayi;Haftaici;8;2014
18.08.2014;49,31;7,06;1566,42;70,11;108,28;38,16;24,99;Sanayi;Haftaici;8;2014
17.08.2014;72,22;9,46;2109,71;104,66;168,2;63,55;24,78;Sanayi;Haftasonu ;8;2014
16.08.2014;62,03;15,21;2393,6;106,69;224,56;117,87;20,46;Sanayi;Haftasonu ;8;2014
15.08.2014;81,35;11,08;2283,42;123,28;204,01;80,73;29,78;Sanayi;Haftaici;8;2014
14.08.2014;73,31;9,53;2399,53;130,13;222,62;92,48;24,98;Sanayi;Haftaici;8;2014
13.08.2014;41,34;6,16;1633,93;85,09;125,99;40,89;13,13;Sanayi;Haftaici;8;2014
12.08.2014;54,2;6,2;1757,4;83,56;129,94;46,38;18,36;Sanayi;Haftaici;8;2014
11.08.2014;64,56;7,46;1787,06;88,88;133,54;44,66;17,56;Sanayi;Haftaici;8;2014
10.08.2014;34,2;5,9;1354,88;59,44;87,67;28,23;13,74;Sanayi;Haftasonu ;8;2014
9.08.2014;38,54;5,47;1559,32;64,5;96,16;31,66;;Sanayi;Haftasonu ;8;2014
8.08.2014;48,31;9,3;1721,42;87,31;127,04;39,73;21,84;Sanayi;Haftaici;8;2014
7.08.2014;65,47;5,62;1638,49;65,78;90,3;24,52;31,66;Sanayi;Haftaici;8;2014
6.08.2014;52,65;7,31;1656,58;81,07;103,58;22,51;18,48;Sanayi;Haftaici;8;2014
5.08.2014;48,62;;1665,95;64,05;104,26;40,2;22,82;Sanayi;Haftaici;8;2014
4.08.2014;53,36;11,03;1352,3;67,2;99,45;32,24;9,04;Sanayi;Haftaici;8;2014
3.08.2014;73,8;6,41;1567,58;65,52;107,21;41,69;;Sanayi;Haftasonu ;8;2014
2.08.2014;85,42;7,24;1423,89;72,79;99,27;26,48;23,52;Sanayi;Haftasonu ;8;2014
1.08.2014;75,4;7,02;1668,85;88,97;139,49;50,52;22,52;Sanayi;Haftaici;8;2014
31.07.2014;52,57;11,43;1757,7;93,6;170,41;76,81;15,46;Sanayi;Haftaici;7;2014
30.07.2014;70,45;8,91;1236;56,55;89,12;32,56;31,54;Sanayi;Haftaici;7;2014
29.07.2014;46,28;7,33;1160,67;49,19;68,26;19,07;17,7;Sanayi;Haftaici;7;2014
28.07.2014;22,84;6,99;1422,22;64,22;96,8;32,59;;Sanayi;Haftaici;7;2014
27.07.2014;30,46;6,36;1257,73;46,15;63,44;17,29;;Sanayi;Haftasonu ;7;2014
26.07.2014;60,42;5,87;1519,6;65,3;96,22;30,92;14,16;Sanayi;Haftasonu ;7;2014
25.07.2014;44,32;6,03;1654,88;77,2;128,74;51,54;14,9;Sanayi;Haftaici;7;2014
24.07.2014;97,42;8,36;1318,98;65,55;94,94;29,4;43,51;Sanayi;Haftaici;7;2014
23.07.2014;48,44;19,14;1278,05;60,64;87,37;26,73;13,75;Sanayi;Haftaici;7;2014
22.07.2014;49,83;12,58;1213,24;76,18;100,91;24,73;15,97;Sanayi;Haftaici;7;2014
21.07.2014;40,86;5,96;1082,17;58,46;95,25;36,79;13;Sanayi;Haftaici;7;2014
20.07.2014;46,5;5,83;924,53;40,95;57,25;16,3;13,36;Sanayi;Haftasonu ;7;2014
19.07.2014;41,5;10,69;1142,68;55,13;82,41;27,28;14,36;Sanayi;Haftasonu ;7;2014
18.07.2014;58,01;16,3;1189,85;55,56;76,75;21,19;17,4;Sanayi;Haftaici;7;2014
17.07.2014;68,41;18,96;1371,92;66,02;105,6;39,58;17,95;Sanayi;Haftaici;7;2014
16.07.2014;70,09;13,86;1263,69;58,11;85,71;27,59;20,48;Sanayi;Haftaici;7;2014
15.07.2014;47,43;15,48;1168,77;49,32;66,62;17,29;13,56;Sanayi;Haftaici;7;2014
14.07.2014;45,42;15;1180,96;53,89;76,57;22,68;18,25;Sanayi;Haftaici;7;2014
13.07.2014;50,86;15,11;1078,6;38,45;53,28;14,83;12,74;Sanayi;Haftasonu ;7;2014
12.07.2014;96,39;18,84;1374,36;54,84;81,83;26,98;29,09;Sanayi;Haftasonu ;7;2014
11.07.2014;94,37;20,59;1463,82;57,03;90,51;33,48;21,63;Sanayi;Haftaici;7;2014
10.07.2014;86,41;25,11;1725,46;82,36;139,82;57,47;22,91;Sanayi;Haftaici;7;2014
9.07.2014;97,38;16,8;1304,03;68,21;113,29;45,08;20,76;Sanayi;Haftaici;7;2014
8.07.2014;45,64;14,23;1230,48;54,72;93,85;39,13;17,56;Sanayi;Haftaici;7;2014
7.07.2014;38,23;14,82;1247,15;56,55;90,52;33,97;13,26;Sanayi;Haftaici;7;2014
6.07.2014;23,07;8,99;933,98;37,06;57,73;20,67;9,43;Sanayi;Haftasonu ;7;2014
5.07.2014;35,74;6,87;1061,81;49,57;87,76;38,19;11,84;Sanayi;Haftasonu ;7;2014
4.07.2014;48,36;6,37;1512,14;48,3;89,2;40,9;23,08;Sanayi;Haftaici;7;2014
3.07.2014;50,45;23,05;4032,48;62,32;95,05;32,72;13,19;Sanayi;Haftaici;7;2014
2.07.2014;49,56;23,92;3247,75;61,11;97,41;36,3;18,24;Sanayi;Haftaici;7;2014
1.07.2014;53,62;27,08;1559,17;65,18;95,91;30,74;21,27;Sanayi;Haftaici;7;2014
30.06.2014;41,51;18,46;1206,42;54,6;87,23;32,63;13,02;Sanayi;Haftaici;6;2014
29.06.2014;40,67;8,98;972,05;41,46;73,51;32,05;11,99;Sanayi;Haftasonu ;6;2014
28.06.2014;72,08;7,21;1330,97;50,44;73,31;22,87;27,83;Sanayi;Haftasonu ;6;2014
27.06.2014;84,06;20,07;1795,76;66,09;127,01;60,91;28,03;Sanayi;Haftaici;6;2014
26.06.2014;95,71;23,69;1698,45;75,61;129,61;54;23,71;Sanayi;Haftaici;6;2014
25.06.2014;41,3;17,41;1099,03;62,19;99,8;37,61;11,21;Sanayi;Haftaici;6;2014
24.06.2014;33,61;7,39;1191,27;69,55;118,12;48,57;15,39;Sanayi;Haftaici;6;2014
23.06.2014;30,1;6,54;1050,63;61,32;107,63;46,32;9,45;Sanayi;Haftaici;6;2014
22.06.2014;27,7;8,81;842,36;51,54;82;30,47;12,93;Sanayi;Haftasonu ;6;2014
21.06.2014;33,12;10,18;905,64;58,27;90,43;32,16;12,14;Sanayi;Haftasonu ;6;2014
20.06.2014;49,22;7,18;1011,72;64,77;97,21;32,44;12,52;Sanayi;Haftaici;6;2014
19.06.2014;105,33;11,14;1391,41;73,33;123,39;50,06;34,75;Sanayi;Haftaici;6;2014
18.06.2014;57,91;13,79;1344,12;73,19;120,77;47,58;17,31;Sanayi;Haftaici;6;2014
17.06.2014;42,15;10,06;1285,36;86,12;141,74;55,62;13,81;Sanayi;Haftaici;6;2014
16.06.2014;38,96;;1016,43;69,94;97;27,06;14,76;Sanayi;Haftaici;6;2014
15.06.2014;50,15;49,52;1378,65;65,25;105,68;40,43;20,28;Sanayi;Haftasonu ;6;2014
14.06.2014;47,78;46,05;1316,76;74,9;136,93;62,03;15,17;Sanayi;Haftasonu ;6;2014
13.06.2014;46,08;12,69;1206,22;80,38;132,83;52,45;8,49;Sanayi;Haftaici;6;2014
12.06.2014;40,87;8,26;1084,29;60,75;103,33;42,58;12,34;Sanayi;Haftaici;6;2014
11.06.2014;45,61;23,56;1206,9;61,23;97,18;35,95;17,06;Sanayi;Haftaici;6;2014
10.06.2014;47,62;35,85;1373,63;60,32;109,01;48,69;12,14;Sanayi;Haftaici;6;2014
9.06.2014;55,4;21,49;1793,24;75,77;177,25;101,48;29,73;Sanayi;Haftaici;6;2014
8.06.2014;45,84;12,27;1481;59,64;130,74;71,1;19,92;Sanayi;Haftasonu ;6;2014
7.06.2014;43,19;13,32;1230,64;62,7;114,16;51,46;11,71;Sanayi;Haftasonu ;6;2014
6.06.2014;35,16;6,83;1355,91;72,94;147,18;74,24;19,36;Sanayi;Haftaici;6;2014
5.06.2014;100,12;8,74;1313,29;76,61;127,81;51,2;38,44;Sanayi;Haftaici;6;2014
4.06.2014;56,89;24,67;1066,25;48;72,9;24,9;16,48;Sanayi;Haftaici;6;2014
3.06.2014;44,21;15,8;1133,83;67,85;115,77;47,92;14,07;Sanayi;Haftaici;6;2014
2.06.2014;46,13;15,18;1096,95;55,23;96,33;41,1;21,7;Sanayi;Haftaici;6;2014
1.06.2014;27,77;6,56;957,29;49,6;84,74;35,15;11,4;Sanayi;Haftasonu ;6;2014
31.05.2014;41,95;19,77;1070,55;60,25;103,86;43,61;14,24;Sanayi;Haftasonu ;5;2014
30.05.2014;50,49;7,77;1236,94;60,1;112,22;52,12;21,2;Sanayi;Haftaici;5;2014
29.05.2014;63,63;12,58;1211,48;;;;26,56;Sanayi;Haftaici;5;2014
28.05.2014;55,86;19,55;1182,6;37,52;63,28;25,76;18,98;Sanayi;Haftaici;5;2014
27.05.2014;43,74;19,08;1119,01;42,76;66,82;24,06;11,82;Sanayi;Haftaici;5;2014
26.05.2014;60,82;6,2;1193,21;33,88;57,35;23,46;17,65;Sanayi;Haftaici;5;2014
25.05.2014;36,6;2,26;944,3;23,28;37,11;13,83;;Sanayi;Haftasonu ;5;2014
24.05.2014;52,14;3,11;1046,46;28,62;43,84;15,22;24,89;Sanayi;Haftasonu ;5;2014
23.05.2014;51,6;2,07;1033,45;26,78;39,26;12,47;19,11;Sanayi;Haftaici;5;2014
22.05.2014;35,23;4,08;1240,45;27,3;49,36;22,06;13,08;Sanayi;Haftaici;5;2014
21.05.2014;40,64;3,29;1072,84;24,8;40,83;16,03;18,43;Sanayi;Haftaici;5;2014
20.05.2014;34,87;2,62;969,24;24,8;35,08;10,28;9,55;Sanayi;Haftaici;5;2014
19.05.2014;31,49;1,7;922,6;24,64;37,04;12,4;8,38;Sanayi;Haftaici;5;2014
18.05.2014;37,75;4,3;826,69;21,51;31,99;10,48;16,55;Sanayi;Haftasonu ;5;2014
17.05.2014;50,38;3,9;1012,32;27,79;40,85;13,07;20,05;Sanayi;Haftasonu ;5;2014
16.05.2014;38,75;4,96;1157,63;29,99;48,87;18,87;19,45;Sanayi;Haftaici;5;2014
15.05.2014;49,43;1,58;1128,8;24,18;39,46;15,28;18,64;Sanayi;Haftaici;5;2014
14.05.2014;48,74;3,4;1427,55;31,76;57,93;26,17;16,44;Sanayi;Haftaici;5;2014
13.05.2014;54,2;4,4;1162,14;25,58;43,27;17,69;21,66;Sanayi;Haftaici;5;2014
12.05.2014;47,92;3,5;1318,53;27,83;49,21;21,38;19,08;Sanayi;Haftaici;5;2014
11.05.2014;59,04;5,03;1240,74;25,17;41,65;16,48;23,34;Sanayi;Haftasonu ;5;2014
10.05.2014;38,05;1,72;1022,15;29,16;48,08;18,92;13,67;Sanayi;Haftasonu ;5;2014
9.05.2014;31,6;2,59;727,01;16,91;23,36;6,45;7,78;Sanayi;Haftaici;5;2014
8.05.2014;51,25;3,09;1260,31;23,43;42,58;19,16;18,78;Sanayi;Haftaici;5;2014
7.05.2014;33,62;2,69;1055,77;23,27;40,48;17,21;14,33;Sanayi;Haftaici;5;2014
6.05.2014;56,46;1,34;1298,77;26,71;48,08;21,37;18,13;Sanayi;Haftaici;5;2014
5.05.2014;41,69;5,19;1584,48;32,6;59,29;26,69;;Sanayi;Haftaici;5;2014
4.05.2014;77,4;2,9;1010,01;19,33;31,92;12,59;28,59;Sanayi;Haftasonu ;5;2014
3.05.2014;49,33;3,37;1252,58;27,3;46,39;19,1;23,49;Sanayi;Haftasonu ;5;2014
2.05.2014;47,72;3,31;1353,31;29,91;54,1;24,19;16,35;Sanayi;Haftaici;5;2014
1.05.2014;33,33;1,93;1007,3;22,75;38;15,24;14,5;Sanayi;Haftaici;5;2014
30.04.2014;37,5;4,01;1104,62;24,31;41,93;17,62;12,08;Sanayi;Haftaici;4;2014
29.04.2014;34,63;4,59;1030,7;25,13;42,09;16,96;16,71;Sanayi;Haftaici;4;2014
28.04.2014;37,72;3,83;1111,05;25,38;41,93;16,55;16,9;Sanayi;Haftaici;4;2014
27.04.2014;63,35;5,48;1101,49;23,85;39,15;15,29;28,97;Sanayi;Haftasonu ;4;2014
26.04.2014;55,49;6,06;1048,26;24,13;40,28;16,14;21,16;Sanayi;Haftasonu ;4;2014
25.04.2014;82,07;4,77;1330,05;29,74;56,46;26,73;24,45;Sanayi;Haftaici;4;2014
24.04.2014;71,28;;1091,67;35,22;58,89;23,67;29,27;Sanayi;Haftaici;4;2014
23.04.2014;78,56;;1299,07;29,34;50,59;21,26;29,31;Sanayi;Haftaici;4;2014
22.04.2014;69,13;;1447,78;33,93;62,03;28,11;21,25;Sanayi;Haftaici;4;2014
21.04.2014;50,56;;1276,66;30,08;53,57;23,5;22,01;Sanayi;Haftaici;4;2014
20.04.2014;33,43;;1028,45;28,01;41,88;13,87;12,52;Sanayi;Haftasonu ;4;2014
19.04.2014;53,52;;874,78;20,78;31,01;10,23;19,71;Sanayi;Haftasonu ;4;2014
18.04.2014;54,47;;919,88;22,67;35,23;12,56;19,4;Sanayi;Haftaici;4;2014
17.04.2014;60,51;;1004,78;28,3;47,26;18,96;28,79;Sanayi;Haftaici;4;2014
16.04.2014;45;118,26;3274,62;36,11;76,13;40,02;24,05;Sanayi;Haftaici;4;2014
15.04.2014;47,81;74,41;1519,14;33,72;67,39;33,67;18,95;Sanayi;Haftaici;4;2014
14.04.2014;59,47;53,63;1106,52;46,48;72,73;26,25;20,09;Sanayi;Haftaici;4;2014
13.04.2014;42,17;10,64;1063,71;0,01;0,03;0,02;21,42;Sanayi;Haftasonu ;4;2014
12.04.2014;41,38;6,68;884,75;23,44;40,02;16,57;17,6;Sanayi;Haftasonu ;4;2014
11.04.2014;53,33;6,07;935,56;25,53;39,93;14,4;21,02;Sanayi;Haftaici;4;2014
10.04.2014;55,2;2,74;1242,93;34,13;57,11;22,98;19,76;Sanayi;Haftaici;4;2014
9.04.2014;65,52;11,38;1223;36,04;66,6;30,56;21,07;Sanayi;Haftaici;4;2014
8.04.2014;53,73;8,86;1172,71;30,04;58,3;28,27;18,35;Sanayi;Haftaici;4;2014
7.04.2014;64,48;5,5;1316,92;29,73;46,7;16,97;21,33;Sanayi;Haftaici;4;2014
6.04.2014;71,98;12,32;1264,96;27,5;50,71;23,21;29,86;Sanayi;Haftasonu ;4;2014
5.04.2014;75,06;10,41;1720,03;37,54;74,82;37,28;27,99;Sanayi;Haftasonu ;4;2014
4.04.2014;95,35;12,2;1586,82;38,96;75,69;36,73;39,64;Sanayi;Haftaici;4;2014
3.04.2014;81,6;12,03;1419,68;41,56;80,33;38,77;27,69;Sanayi;Haftaici;4;2014
2.04.2014;74,32;13,78;1269,34;31,98;52,61;20,62;26,93;Sanayi;Haftaici;4;2014
1.04.2014;51,61;24,35;1250,15;39,43;76,56;37,12;24,32;Sanayi;Haftaici;4;2014
31.03.2014;81,09;11,11;10224,69;36,83;76,48;39,65;31,83;Sanayi;Haftaici;3;2014
30.03.2014;25,68;7,76;1181;49,25;83,36;34,11;13,72;Sanayi;Haftasonu ;3;2014
29.03.2014;36,91;5,04;578,46;60,71;95,17;34,46;17,22;Sanayi;Haftasonu ;3;2014
28.03.2014;87,87;10;1560,87;80,09;153,18;73,08;41,23;Sanayi;Haftaici;3;2014
27.03.2014;62,46;18,49;1212,01;91,11;173,75;82,64;22;Sanayi;Haftaici;3;2014
26.03.2014;54,61;15,82;1050,31;84,36;153,84;69,47;22,77;Sanayi;Haftaici;3;2014
25.03.2014;57,59;8,37;800,82;71,61;114,16;42,55;21,88;Sanayi;Haftaici;3;2014
24.03.2014;49,24;8,04;1438,59;86,37;152,32;65,94;19,88;Sanayi;Haftaici;3;2014
23.03.2014;74,63;20,23;1784,83;84,72;166,04;81,31;27,55;Sanayi;Haftasonu ;3;2014
22.03.2014;80,39;20,64;1500,48;100,18;215,28;115,11;29,12;Sanayi;Haftasonu ;3;2014
21.03.2014;41,71;9,93;956,26;67,97;108,68;40,7;19,51;Sanayi;Haftaici;3;2014
20.03.2014;51,67;12,72;1108,52;82,34;152,14;69,8;19,56;Sanayi;Haftaici;3;2014
19.03.2014;76,79;16,68;2048,37;95,09;204,82;109,73;33,63;Sanayi;Haftaici;3;2014
18.03.2014;62,79;14,44;1377,59;88,34;177,98;89,65;24,15;Sanayi;Haftaici;3;2014
17.03.2014;56,44;12,05;1799,96;83,28;170,51;87,24;24,19;Sanayi;Haftaici;3;2014
16.03.2014;50,32;8;82,9;41,76;65,55;23,79;19,03;Sanayi;Haftasonu ;3;2014
15.03.2014;48,27;9,49;1074,94;82,82;145,84;63,02;20,13;Sanayi;Haftasonu ;3;2014
14.03.2014;68,27;10,65;1577,39;102,55;215,71;113,16;27,97;Sanayi;Haftaici;3;2014
13.03.2014;46,97;9,05;816,54;70,96;152,86;81,9;22,43;Sanayi;Haftaici;3;2014
12.03.2014;78,06;6,77;1306,73;82,5;136,17;53,66;36,09;Sanayi;Haftaici;3;2014
11.03.2014;41,84;5,32;1431,46;69,45;141,04;71,59;15,81;Sanayi;Haftaici;3;2014
10.03.2014;32,15;5,04;2478,81;73,49;171,78;98,28;22,27;Sanayi;Haftaici;3;2014
9.03.2014;58,59;7,55;1464,86;50,97;87,53;36,56;25,68;Sanayi;Haftasonu ;3;2014
8.03.2014;59,98;6,91;2062,43;77,32;169,74;92,42;22,99;Sanayi;Haftasonu ;3;2014
7.03.2014;56,14;11,54;1092,65;60,97;93,01;32,04;27,93;Sanayi;Haftaici;3;2014
6.03.2014;81,52;11,33;2051,04;90,92;190,19;99,27;25,76;Sanayi;Haftaici;3;2014
5.03.2014;33,34;9,94;606;51,78;72,75;20,96;16,45;Sanayi;Haftaici;3;2014
4.03.2014;40,64;10,06;1464,15;83,23;152,95;69,72;18,28;Sanayi;Haftaici;3;2014
3.03.2014;119,73;11,68;945,58;62,13;96,21;34,08;48,18;Sanayi;Haftaici;3;2014
2.03.2014;111,49;14;733,31;66,17;112,49;46,32;40,88;Sanayi;Haftasonu ;3;2014
1.03.2014;62,85;18,88;943,81;72,6;120,85;48,25;27,11;Sanayi;Haftasonu ;3;2014
28.02.2014;94,69;15,68;2076,16;95,91;215,64;119,73;39,39;Sanayi;Haftaici;2;2014
27.02.2014;53,93;10,31;1803,4;74,59;159,75;85,17;24,87;Sanayi;Haftaici;2;2014
26.02.2014;51,6;16,37;1065,07;59,72;169,94;110,22;25,49;Sanayi;Haftaici;2;2014
25.02.2014;43,58;4,86;1916,18;60,18;193,92;133,74;20,45;Sanayi;Haftaici;2;2014
24.02.2014;82,73;8,02;1152;75,44;138,87;63,43;30,86;Sanayi;Haftaici;2;2014
23.02.2014;95,61;26,9;1225,12;81,68;197,78;116,11;41,22;Sanayi;Haftasonu ;2;2014
22.02.2014;85,56;21,47;1290,69;50,6;230,93;180,34;36,98;Sanayi;Haftasonu ;2;2014
21.02.2014;147,89;37,91;2315,81;60,76;335,57;274,81;57,21;Sanayi;Haftaici;2;2014
20.02.2014;120,64;23,58;2060,31;46,02;400,52;354,5;41,39;Sanayi;Haftaici;2;2014
19.02.2014;144,66;26,29;2106,16;59,09;326;266,91;51,45;Sanayi;Haftaici;2;2014
18.02.2014;135,3;24,3;2440,53;46,18;360,23;314,05;56,32;Sanayi;Haftaici;2;2014
17.02.2014;113,37;16,33;2083,12;56,24;311,59;255,35;48,78;Sanayi;Haftaici;2;2014
16.02.2014;62,03;10,18;900,66;66,51;171,86;105,35;26,39;Sanayi;Haftasonu ;2;2014
15.02.2014;60,26;7,01;2217,94;78,83;282,77;203,94;32,82;Sanayi;Haftasonu ;2;2014
14.02.2014;98,66;10,19;999,8;73,21;148,25;75,03;35,12;Sanayi;Haftaici;2;2014
13.02.2014;95,79;20,15;1928,52;61,2;281,67;220,47;34,9;Sanayi;Haftaici;2;2014
12.02.2014;99,29;20,74;1488,87;73,69;227,11;153,42;39,39;Sanayi;Haftaici;2;2014
11.02.2014;120,76;21,02;1886,74;65,4;283,74;218,33;48,82;Sanayi;Haftaici;2;2014
10.02.2014;79,33;16,65;861,77;68,72;244,55;175,83;26,52;Sanayi;Haftaici;2;2014
9.02.2014;105,92;22,59;1926,73;54,07;278,67;224,6;56,42;Sanayi;Haftasonu ;2;2014
8.02.2014;107,09;29,04;1922,94;74,44;316,74;242,3;46,02;Sanayi;Haftasonu ;2;2014
7.02.2014;130,32;22,78;2484,93;76,48;318,23;241,75;52,17;Sanayi;Haftaici;2;2014
6.02.2014;151,4;22,28;2340,48;80,39;335,79;255,4;59,44;Sanayi;Haftaici;2;2014
5.02.2014;141,8;22,98;2253,4;67,1;314,65;247,54;58,25;Sanayi;Haftaici;2;2014
4.02.2014;123,72;18,93;2576,7;64,9;310,19;245,29;45,56;Sanayi;Haftaici;2;2014
3.02.2014;55,05;14,09;1147,61;63,5;176,89;113,39;24,48;Sanayi;Haftaici;2;2014
2.02.2014;33,5;8,85;645,87;51,11;107,79;56,69;18,76;Sanayi;Haftasonu ;2;2014
1.02.2014;56,29;10,68;937,05;62,55;185,34;122,79;20,75;Sanayi;Haftasonu ;2;2014
31.01.2014;129,8;16,39;2148,75;71,09;264,7;193,61;54,16;Sanayi;Haftaici;1;2014
30.01.2014;53,55;11,38;1498,68;;;;26,36;Sanayi;Haftaici;1;2014
29.01.2014;28,7;3,11;510,98;;;;19,02;Sanayi;Haftaici;1;2014
28.01.2014;63;7,88;2084,49;;;;31,51;Sanayi;Haftaici;1;2014
27.01.2014;40,38;6,1;1000,77;65,39;125,82;60,42;21,79;Sanayi;Haftaici;1;2014
26.01.2014;61,45;4,76;1706,65;48,61;202,77;154,16;30,02;Sanayi;Haftasonu ;1;2014
25.01.2014;65,85;7,8;1221,96;47,78;234,61;186,83;32,24;Sanayi;Haftasonu ;1;2014
24.01.2014;111;15,91;2033,25;54,12;258,4;204,28;46,93;Sanayi;Haftaici;1;2014
23.01.2014;75,75;10,41;787,31;65,7;235,84;170,13;26,78;Sanayi;Haftaici;1;2014
22.01.2014;112,73;12,28;1249,29;53,93;283,7;229,77;44,21;Sanayi;Haftaici;1;2014
21.01.2014;155,38;15,68;1720,22;52,35;342,08;289,72;56,46;Sanayi;Haftaici;1;2014
20.01.2014;221,17;22,55;3732,43;43,99;523,51;479,52;93,12;Sanayi;Haftaici;1;2014
19.01.2014;115,09;17,49;1440,17;58,5;221,28;162,78;44,48;Sanayi;Haftasonu ;1;2014
18.01.2014;176,54;22,78;2132,52;57,32;356,1;298,78;69,37;Sanayi;Haftasonu ;1;2014
17.01.2014;169,31;25,16;2854,8;49,42;381,65;332,23;74,29;Sanayi;Haftaici;1;2014
16.01.2014;263,14;37,55;3274,79;58,44;371,69;313,26;117,84;Sanayi;Haftaici;1;2014
15.01.2014;153,62;13,75;1990,57;57,46;298,88;241,42;61,24;Sanayi;Haftaici;1;2014
14.01.2014;307,7;17,84;4709,36;46,48;464,37;417,9;155,38;Sanayi;Haftaici;1;2014
13.01.2014;129,35;9,72;3616,28;39,29;438,51;399,22;60,42;Sanayi;Haftaici;1;2014
12.01.2014;78,92;2,61;1294,77;53,66;168,28;114,62;37,58;Sanayi;Haftasonu ;1;2014
11.01.2014;135,41;6,82;1900,12;49,14;239,4;190,26;57,53;Sanayi;Haftasonu ;1;2014
10.01.2014;95,29;2,39;1254,87;57,15;215,99;158,84;46,07;Sanayi;Haftaici;1;2014
9.01.2014;209,67;6,61;3014,71;62,69;415,97;353,28;99,72;Sanayi;Haftaici;1;2014
8.01.2014;243,66;9,8;3018,2;72,4;379,16;306,75;119,57;Sanayi;Haftaici;1;2014
7.01.2014;182,75;3,89;2617,74;62,98;339,17;276,19;82,35;Sanayi;Haftaici;1;2014
6.01.2014;132,74;8,49;996,13;50,06;277,04;226,97;55,02;Sanayi;Haftaici;1;2014
5.01.2014;148,25;7,95;1264,93;51,63;252,5;200,87;71,34;Sanayi;Haftasonu ;1;2014
4.01.2014;134,66;20,23;2471,49;39,37;265,82;226,45;64,41;Sanayi;Haftasonu ;1;2014
3.01.2014;154,78;19,71;3107,07;38,71;277,7;238,99;77,28;Sanayi;Haftaici;1;2014
2.01.2014;160,19;11,04;2097,09;50,14;257,49;207,35;72,78;Sanayi;Haftaici;1;2014
1.01.2014;183,89;7,33;1643,61;45,52;253,13;207,61;89,74;Sanayi;Haftaici;1;2014
31.12.2013;158,5;46,92;1147,55;42,32;323,96;281,64;60,41;Sanayi;Haftaici;12;2013
30.12.2013;147,65;32,58;1125,24;58,94;304,9;245,96;56,16;Sanayi;Haftaici;12;2013
29.12.2013;242,56;47,06;3733,48;40,76;417,97;377,2;106,25;Sanayi;Haftasonu ;12;2013
28.12.2013;150,54;52,69;1320,64;72,23;224,84;152,61;61,66;Sanayi;Haftasonu ;12;2013
27.12.2013;281,64;66,37;3265,56;64,39;410,15;345,76;118,29;Sanayi;Haftaici;12;2013
26.12.2013;255,64;50,09;4295,93;36,46;504,71;468,25;106,13;Sanayi;Haftaici;12;2013
25.12.2013;179,31;40,93;2112,1;48,14;250,5;202,36;69,09;Sanayi;Haftaici;12;2013
24.12.2013;154,96;22,55;1549,5;42,38;213,01;170,63;65,64;Sanayi;Haftaici;12;2013
23.12.2013;199,42;11,83;3096,58;58,34;403,22;344,88;88,3;Sanayi;Haftaici;12;2013
22.12.2013;199,96;7,11;2226,41;72,34;284,71;212,37;91,56;Sanayi;Haftasonu ;12;2013
21.12.2013;262,59;8,72;3123,1;62,22;439,48;377,26;126,71;Sanayi;Haftasonu ;12;2013
20.12.2013;137,76;13,21;1898,11;59,75;282,64;222,89;58,7;Sanayi;Haftaici;12;2013
19.12.2013;121,09;14,8;1403,97;70,66;194,24;123,58;48,11;Sanayi;Haftaici;12;2013
18.12.2013;81,08;18,91;1175,06;64,69;161,36;96,67;26,67;Sanayi;Haftaici;12;2013
17.12.2013;113,3;21,44;756,49;64,08;167,61;103,53;44,73;Sanayi;Haftaici;12;2013
16.12.2013;200,54;28,73;2920,13;62,37;295,92;233,55;116,65;Sanayi;Haftaici;12;2013
15.12.2013;146,21;30,77;1757,14;65,88;267,66;201,78;51,41;Sanayi;Haftasonu ;12;2013
14.12.2013;121,42;32,88;1873,87;61,46;281,22;219,76;49,24;Sanayi;Haftasonu ;12;2013
13.12.2013;130,41;24,38;2026,02;66,75;221,71;154,97;51,34;Sanayi;Haftaici;12;2013
12.12.2013;70,3;12,69;1171,23;62,92;195,6;132,69;26,95;Sanayi;Haftaici;12;2013
11.12.2013;87,55;11,94;1408,66;46,63;195,77;149,14;29,77;Sanayi;Haftaici;12;2013
10.12.2013;66,77;8,6;1649,39;58,16;195,11;136,95;29,32;Sanayi;Haftaici;12;2013
9.12.2013;49,55;6,13;1919,33;70,03;187,07;117,04;16,1;Sanayi;Haftaici;12;2013
8.12.2013;22,22;1,09;834,19;50,86;101,88;51,02;11,44;Sanayi;Haftasonu ;12;2013
7.12.2013;122,64;6,37;2590,74;52,87;265,13;212,26;56,43;Sanayi;Haftasonu ;12;2013
6.12.2013;138,75;27,82;1986,56;;;;54,96;Sanayi;Haftaici;12;2013
5.12.2013;164,52;54,26;2966,52;;;;73;Sanayi;Haftaici;12;2013
4.12.2013;113,62;23,3;2558,54;55,63;244,16;188,53;43,62;Sanayi;Haftaici;12;2013
3.12.2013;57,3;8,69;1005,58;52,27;178,24;125,98;21,47;Sanayi;Haftaici;12;2013
2.12.2013;151,29;20,55;2339,42;60,43;374,35;313,92;63,23;Sanayi;Haftaici;12;2013
1.12.2013;172,59;28,82;2076,36;46,89;319,72;272,83;70,57;Sanayi;Haftasonu ;12;2013
30.11.2013;65,21;13,8;1203,28;71,79;170,6;98,81;30,35;Sanayi;Haftasonu ;11;2013
29.11.2013;42,94;7,47;1375,22;58,02;183,19;125,17;16,71;Sanayi;Haftaici;11;2013
28.11.2013;90,64;16,01;1185,2;54,06;246,27;192,2;35,36;Sanayi;Haftaici;11;2013
27.11.2013;145,52;4,11;2620,53;53,48;304,07;250,59;45,03;Sanayi;Haftaici;11;2013
26.11.2013;56,33;2,86;2443,96;63,46;187,75;124,29;30;Sanayi;Haftaici;11;2013
25.11.2013;111,21;9,44;969,01;61,02;161,13;100,11;52,4;Sanayi;Haftaici;11;2013
24.11.2013;154,5;20,77;2178,07;50,37;295,86;245,49;57,6;Sanayi;Haftasonu ;11;2013
23.11.2013;141,68;20,87;2461,18;41,36;294,27;252,91;66,52;Sanayi;Haftasonu ;11;2013
22.11.2013;;21,94;1294,01;66,28;198,89;132,61;65,8;Sanayi;Haftaici;11;2013
21.11.2013;;35,44;2148,85;77,95;363,66;285,71;96,17;Sanayi;Haftaici;11;2013
20.11.2013;209,67;40,11;3574,81;58,3;492,74;434,44;87,5;Sanayi;Haftaici;11;2013
19.11.2013;175,82;39,96;2309,4;61,45;355;293,54;76,34;Sanayi;Haftaici;11;2013
18.11.2013;158,28;32,8;1986,64;59,85;285,69;225,84;95,03;Sanayi;Haftaici;11;2013
17.11.2013;144,21;29,71;1506,37;74,11;252,03;177,92;68,9;Sanayi;Haftasonu ;11;2013
16.11.2013;96,15;25,35;1610,42;71,53;336,86;265,33;42,87;Sanayi;Haftasonu ;11;2013
15.11.2013;86,3;28,29;1330,73;74,33;213,9;139,56;32,09;Sanayi;Haftaici;11;2013
14.11.2013;169,75;47,06;2422,94;79,77;424,83;345,06;68,48;Sanayi;Haftaici;11;2013
13.11.2013;176,9;49,41;2292,28;78,27;436,7;358,43;69,82;Sanayi;Haftaici;11;2013
12.11.2013;214,67;34,13;2971,06;81,98;583,35;501,37;88,96;Sanayi;Haftaici;11;2013
11.11.2013;200,31;30,57;2682,46;78;521,57;443,57;88,7;Sanayi;Haftaici;11;2013
10.11.2013;109,89;27,44;1915,59;74,99;276,26;201,27;45,73;Sanayi;Haftasonu ;11;2013
9.11.2013;75,76;15,13;1209,55;85,57;193,91;108,34;27,51;Sanayi;Haftasonu ;11;2013
8.11.2013;45,8;8,72;1379,26;68,95;183,79;114,84;30,65;Sanayi;Haftaici;11;2013
7.11.2013;133,04;17,6;1435,47;90,56;235,34;144,79;34,93;Sanayi;Haftaici;11;2013
6.11.2013;88,12;19,56;1285,28;84,01;268,16;184,16;29,62;Sanayi;Haftaici;11;2013
5.11.2013;140,06;27,45;1990,62;83,22;379,98;296,76;48,66;Sanayi;Haftaici;11;2013
4.11.2013;196,47;30,34;2769,36;84,09;491,01;406,92;68,83;Sanayi;Haftaici;11;2013
3.11.2013;170,45;36,2;2305,76;81,82;408,29;326,47;66,94;Sanayi;Haftasonu ;11;2013
2.11.2013;146,88;45,6;2159,76;72,21;381,4;309,2;53,16;Sanayi;Haftasonu ;11;2013
1.11.2013;122,17;38,93;2034,3;61,18;363,02;301,84;42,54;Sanayi;Haftaici;11;2013
31.10.2013;134,24;20,08;1965,38;83,8;376,79;292,98;50,82;Sanayi;Haftaici;10;2013
30.10.2013;214,76;39,29;3129,19;77,6;601,98;524,38;83,49;Sanayi;Haftaici;10;2013
29.10.2013;175,49;34,11;2768,91;72,88;500,78;427,9;70,48;Sanayi;Haftaici;10;2013
28.10.2013;148,53;34,06;2182,36;82,41;381,95;299,54;58,88;Sanayi;Haftaici;10;2013
27.10.2013;134,85;35,05;1964,4;60,15;353,72;293,57;55,68;Sanayi;Haftasonu ;10;2013
26.10.2013;161,91;27,06;2550,65;82,77;449,34;366,57;62,85;Sanayi;Haftasonu ;10;2013
25.10.2013;139,39;27,58;2492,94;87,83;390,67;302,85;55,63;Sanayi;Haftaici;10;2013
24.10.2013;94,15;15;1866,78;90,12;304,16;214,04;33,4;Sanayi;Haftaici;10;2013
23.10.2013;101,42;23,57;1457,36;95,08;261,24;166,17;34,26;Sanayi;Haftaici;10;2013
22.10.2013;160,02;35,53;2595,27;89,91;476,61;386,69;66,35;Sanayi;Haftaici;10;2013
21.10.2013;123,85;31,42;2359,5;85,78;388,08;302,3;45,73;Sanayi;Haftaici;10;2013
20.10.2013;60,52;13,77;696,74;68,95;202,36;133,41;23,69;Sanayi;Haftasonu ;10;2013
19.10.2013;40,86;4,35;1242,63;61,61;193,4;131,79;16,66;Sanayi;Haftasonu ;10;2013
18.10.2013;17,85;5,12;696,73;45,57;90,21;44,64;;Sanayi;Haftaici;10;2013
17.10.2013;80,5;5,44;1022,77;48,34;110,26;61,92;31,15;Sanayi;Haftaici;10;2013
16.10.2013;48,01;4,04;327,83;53,44;86,88;33,44;15,83;Sanayi;Haftaici;10;2013
15.10.2013;60,17;11,27;1492,6;68,83;200,68;131,85;26,06;Sanayi;Haftaici;10;2013
14.10.2013;55,37;3,28;1415,23;62,92;203,18;140,27;19,55;Sanayi;Haftaici;10;2013
13.10.2013;47,1;30,11;291,75;76,65;174,05;97,4;;Sanayi;Haftasonu ;10;2013
10.10.2013;167,76;33,94;1220,23;89,58;484,08;394,5;62,87;Sanayi;Haftaici;10;2013
9.10.2013;161,22;21;1503,19;82,78;505,67;422,89;60,07;Sanayi;Haftaici;10;2013
8.10.2013;156,84;34,98;1462,45;79,14;426,06;346,91;57,19;Sanayi;Haftaici;10;2013
7.10.2013;99,56;28,98;1321,11;83,27;345,46;262,19;38;Sanayi;Haftaici;10;2013
6.10.2013;31,36;11,13;696,4;56,9;126,77;69,87;12,94;Sanayi;Haftasonu ;10;2013
5.10.2013;37,62;12,49;1706,67;57,91;178,75;120,84;15,33;Sanayi;Haftasonu ;10;2013
4.10.2013;37,79;9,74;871,66;58,3;172,06;113,76;10,36;Sanayi;Haftaici;10;2013
3.10.2013;45,3;4,65;954,62;56,52;177,57;121,05;19,09;Sanayi;Haftaici;10;2013
2.10.2013;39,14;10,46;2258,39;56,82;172,44;115,63;14,33;Sanayi;Haftaici;10;2013
30.09.2013;128,54;15,42;2375,61;89,95;426,15;336,2;43,79;Sanayi;Haftaici;9;2013
29.09.2013;92,5;23,04;1635,87;77;270,8;193,8;32,01;Sanayi;Haftasonu ;9;2013
28.09.2013;77,92;8,7;1309,13;83,12;271,75;188,64;28,24;Sanayi;Haftasonu ;9;2013
27.09.2013;98,41;12,54;1281,7;111,1;266,12;155,02;31,12;Sanayi;Haftaici;9;2013
26.09.2013;53,62;8,83;1189,26;89,17;209,67;120,5;18,91;Sanayi;Haftaici;9;2013
25.09.2013;70,28;18,96;989,03;85,77;253,53;167,75;21,41;Sanayi;Haftaici;9;2013
24.09.2013;65,81;24,66;791,32;82,68;188,12;105,44;24,01;Sanayi;Haftaici;9;2013
23.09.2013;53,95;10,01;1175,72;75,53;247,44;171,91;18,52;Sanayi;Haftaici;9;2013
22.09.2013;38,59;3,9;743,69;71,71;144,4;72,7;10,37;Sanayi;Haftasonu ;9;2013
21.09.2013;44,14;3,78;746,58;68,97;163,19;94,22;16,27;Sanayi;Haftasonu ;9;2013
20.09.2013;66,29;12,39;1235,19;86,9;195,56;108,66;24,25;Sanayi;Haftaici;9;2013
19.09.2013;89,32;21,99;1668,77;75,18;294,99;219,8;28,28;Sanayi;Haftaici;9;2013
18.09.2013;54,41;14,75;1092,22;81,48;239,46;157,98;21,26;Sanayi;Haftaici;9;2013
17.09.2013;57;8,38;1343,26;107,32;256,67;149,35;24,72;Sanayi;Haftaici;9;2013
16.09.2013;102;12,63;1481,13;191,89;369,73;177,85;;Sanayi;Haftaici;9;2013
15.09.2013;41,81;9,64;637,03;;;;10,18;Sanayi;Haftasonu ;9;2013
14.09.2013;87,03;9,15;709,85;;;;33,7;Sanayi;Haftasonu ;9;2013
13.09.2013;134,29;23,44;1714,62;100,12;309,15;209,03;47,51;Sanayi;Haftaici;9;2013
12.09.2013;102,39;27,28;2126,71;94,92;340,24;245,32;38,92;Sanayi;Haftaici;9;2013
11.09.2013;85,61;17,39;1868,31;102,24;329,68;227,44;30,03;Sanayi;Haftaici;9;2013
10.09.2013;88,11;8,99;2087,71;97,49;332,44;234,96;30,3;Sanayi;Haftaici;9;2013
9.09.2013;46,78;4,97;1022,74;70,08;144,23;74,16;13,71;Sanayi;Haftaici;9;2013
8.09.2013;50,5;6,85;909,7;58,69;110,52;51,83;18,8;Sanayi;Haftasonu ;9;2013
7.09.2013;63,7;9,41;782,22;87,25;195,73;108,48;22,34;Sanayi;Haftasonu ;9;2013
6.09.2013;52,81;7,07;1075,52;78,1;198,47;120,37;18,95;Sanayi;Haftaici;9;2013
5.09.2013;49,7;6,86;917,5;63,14;151,84;88,7;11,57;Sanayi;Haftaici;9;2013
4.09.2013;47,75;6,25;1443,97;63,87;147,85;83,98;19,72;Sanayi;Haftaici;9;2013
3.09.2013;70,77;11,1;1561,77;94,61;183,61;89;19,87;Sanayi;Haftaici;9;2013
2.09.2013;59,25;2,29;1651,93;99,19;201,07;101,88;19,18;Sanayi;Haftaici;9;2013
1.09.2013;33,65;1,3;582,24;57,77;107,22;49,45;14,32;Sanayi;Haftasonu ;9;2013
31.08.2013;52,06;3,76;1320,84;68,75;165,79;97,04;24,87;Sanayi;Haftasonu ;8;2013
30.08.2013;79,46;4,6;953,85;97,67;166,88;69,21;32,4;Sanayi;Haftaici;8;2013
29.08.2013;87,2;10,2;1543,74;112,37;211,97;99,6;31,3;Sanayi;Haftaici;8;2013
28.08.2013;99,68;11,91;1829,04;127,3;344,22;216,92;30,13;Sanayi;Haftaici;8;2013
27.08.2013;101,93;7,4;2129,87;124,95;299,87;174,92;33,95;Sanayi;Haftaici;8;2013
26.08.2013;73,33;6,84;884,95;106,92;181,2;74,29;25,54;Sanayi;Haftaici;8;2013
25.08.2013;56,16;4,84;784,95;85,76;138,87;53,11;20,83;Sanayi;Haftasonu ;8;2013
24.08.2013;59,66;2,57;1758,92;107,73;210,82;103,1;23,36;Sanayi;Haftasonu ;8;2013
23.08.2013;84,19;1,06;554,55;108,84;169,82;60,98;42,13;Sanayi;Haftaici;8;2013
22.08.2013;53,25;10,2;;100,31;187,7;87,39;;Sanayi;Haftaici;8;2013
21.08.2013;51,73;2,83;1749,72;70,78;139,4;68,62;16,56;Sanayi;Haftaici;8;2013
20.08.2013;49,98;3,37;1414,48;59,38;107,34;47,95;16,25;Sanayi;Haftaici;8;2013
19.08.2013;78,48;4,87;1726,72;61,56;141,1;79,54;22,64;Sanayi;Haftaici;8;2013
18.08.2013;50,99;6,37;1478,52;48,27;94,76;46,49;21,35;Sanayi;Haftasonu ;8;2013
17.08.2013;64,26;2,48;1493,42;63,56;119,19;55,63;16,8;Sanayi;Haftasonu ;8;2013
16.08.2013;52,31;2,71;1233,83;58,41;113,31;54,9;;Sanayi;Haftaici;8;2013
15.08.2013;25,83;3,25;1953,82;74,38;134,7;60,32;;Sanayi;Haftaici;8;2013
14.08.2013;30,06;4,47;1703,28;77,81;147,89;70,08;;Sanayi;Haftaici;8;2013
13.08.2013;24,91;4,89;1618,63;77,9;139,82;61,91;;Sanayi;Haftaici;8;2013
12.08.2013;36,16;3,74;1889,19;79,49;137,86;58,37;20,11;Sanayi;Haftaici;8;2013
11.08.2013;13,33;7,96;1386,69;65,62;106,61;40,99;;Sanayi;Haftasonu ;8;2013
10.08.2013;17,62;5,98;1105,26;57,01;87,09;30,08;;Sanayi;Haftasonu ;8;2013
9.08.2013;26,46;3,57;1165,7;33,87;56,42;22,55;14,58;Sanayi;Haftaici;8;2013
8.08.2013;22,76;0,55;1093,62;43,47;82,5;39,02;;Sanayi;Haftaici;8;2013
7.08.2013;27,57;3,63;1542,87;50,93;108,3;57,37;;Sanayi;Haftaici;8;2013
6.08.2013;30,84;1,87;1598,01;53,59;103,38;49,79;12,77;Sanayi;Haftaici;8;2013
5.08.2013;38,29;4,62;1540,59;56,09;118,83;62,74;;Sanayi;Haftaici;8;2013
4.08.2013;39,97;1,14;1219,1;50,03;108,19;58,15;15,63;Sanayi;Haftasonu ;8;2013
3.08.2013;38,3;3,52;1540,37;61,92;137,14;75,22;16,04;Sanayi;Haftasonu ;8;2013
2.08.2013;34,97;2,52;1641,36;68,9;152,32;83,42;;Sanayi;Haftaici;8;2013
1.08.2013;44,29;3,61;1660,25;75,99;148,32;72,32;25,16;Sanayi;Haftaici;8;2013
31.07.2013;46,33;6,81;1679,79;74,55;147,44;72,89;17,56;Sanayi;Haftaici;7;2013
30.07.2013;38,75;5,1;1458,73;73,97;138,77;64,8;17,55;Sanayi;Haftaici;7;2013
29.07.2013;45,33;3,28;1332,96;67,72;134,9;67,19;17,11;Sanayi;Haftaici;7;2013
28.07.2013;40,87;3,12;1445,42;52,07;103,4;51,33;16,62;Sanayi;Haftasonu ;7;2013
27.07.2013;56,45;2,69;1414,33;60,34;107,71;47,37;14,95;Sanayi;Haftasonu ;7;2013
26.07.2013;58,93;4,39;1642,74;74;142,32;68,32;24,88;Sanayi;Haftaici;7;2013
25.07.2013;60,45;4,93;1334,43;70,91;142,88;71,97;14,78;Sanayi;Haftaici;7;2013
24.07.2013;54,97;4,98;1269,97;66,59;131,16;64,58;11,44;Sanayi;Haftaici;7;2013
23.07.2013;52,76;1,18;1506,29;58,54;133,74;75,2;17,73;Sanayi;Haftaici;7;2013
22.07.2013;88,84;5,14;1887,39;61,64;154,53;92,89;21,1;Sanayi;Haftaici;7;2013
21.07.2013;50,83;3,53;1706,42;52;109;57;19,17;Sanayi;Haftasonu ;7;2013
20.07.2013;56,99;6,18;1377,22;69,58;133,44;63,86;20,34;Sanayi;Haftasonu ;7;2013
19.07.2013;55,82;3,62;1066,39;73,26;167,99;94,74;15,13;Sanayi;Haftaici;7;2013
18.07.2013;77,68;4,04;1540,12;70,35;163,44;93,09;27,75;Sanayi;Haftaici;7;2013
17.07.2013;65,9;0,85;1453,58;58,36;143,89;85,53;16,43;Sanayi;Haftaici;7;2013
16.07.2013;83,47;0,27;1031,53;58,89;117,95;59,06;24,23;Sanayi;Haftaici;7;2013
15.07.2013;137,3;2,36;1519,59;66,34;120,74;54,4;52,08;Sanayi;Haftaici;7;2013
14.07.2013;70,24;3,47;1252,02;52,97;93,22;40,25;27,56;Sanayi;Haftasonu ;7;2013
13.07.2013;82,25;3,59;1088,59;63,66;117,23;53,57;29,15;Sanayi;Haftasonu ;7;2013
12.07.2013;122,25;5,07;1414,77;103,32;178,52;75,19;41,94;Sanayi;Haftaici;7;2013
11.07.2013;122,48;3,71;1160,53;103,45;187,71;84,26;;Sanayi;Haftaici;7;2013
10.07.2013;116,53;4,41;1663,1;126,52;196,81;70,28;27,1;Sanayi;Haftaici;7;2013
9.07.2013;94,6;5,22;1610,19;111,33;173,12;61,79;21,61;Sanayi;Haftaici;7;2013
8.07.2013;131,75;3,99;2302,97;144,68;241,96;97,29;33,49;Sanayi;Haftaici;7;2013
7.07.2013;61,43;3,29;1453,52;89,42;137,07;47,65;16,75;Sanayi;Haftasonu ;7;2013
6.07.2013;125,44;4,25;1877,2;113,66;186,1;72,44;26,11;Sanayi;Haftasonu ;7;2013
5.07.2013;150,38;3,55;1537,5;151,42;234,78;83,36;34,11;Sanayi;Haftaici;7;2013
4.07.2013;160,45;7,25;1888,7;154,56;240,45;85,88;34,36;Sanayi;Haftaici;7;2013
3.07.2013;157,64;5,23;1357,7;124,14;195,6;71,46;37,1;Sanayi;Haftaici;7;2013
2.07.2013;128,1;5,61;1650,95;104,32;166,03;61,71;35,99;Sanayi;Haftaici;7;2013
1.07.2013;185,59;8,21;906,57;84,38;131,65;47,27;46,48;Sanayi;Haftaici;7;2013
29.06.2013;130,97;5,59;1304,88;126,81;181,02;54,21;32,86;Sanayi;Haftasonu ;6;2013
28.06.2013;99,33;6,54;1103,65;159,05;239,88;80,83;28,68;Sanayi;Haftaici;6;2013
27.06.2013;86,77;6,02;1706,55;163,45;269,29;105,84;27,13;Sanayi;Haftaici;6;2013
26.06.2013;;6,89;1643,47;137,29;208,86;71,57;44,4;Sanayi;Haftaici;6;2013
25.06.2013;91,49;5,26;1775,76;125,54;200,57;75,03;34,64;Sanayi;Haftaici;6;2013
24.06.2013;74,99;4,84;2194,36;127,55;217,75;90,2;23,02;Sanayi;Haftaici;6;2013
23.06.2013;42,41;2,02;1453,32;91,08;144,29;53,21;13,39;Sanayi;Haftasonu ;6;2013
22.06.2013;44,11;5,5;1637,1;105,09;175,17;70,08;13,99;Sanayi;Haftasonu ;6;2013
21.06.2013;46,14;2,28;1566,66;106,96;174,44;67,48;14,36;Sanayi;Haftaici;6;2013
20.06.2013;75,67;4,18;1982,44;117,71;209,59;91,88;30,02;Sanayi;Haftaici;6;2013
19.06.2013;59,28;2,55;840,36;120,37;212,52;92,15;20,82;Sanayi;Haftaici;6;2013
18.06.2013;97,05;5;1305,65;122,87;205,77;82,9;17,63;Sanayi;Haftaici;6;2013
17.06.2013;74,05;4,28;1470,95;138,56;210,32;71,76;23,29;Sanayi;Haftaici;6;2013
16.06.2013;54,03;5,89;1455,3;108,46;157,33;48,86;15,65;Sanayi;Haftasonu ;6;2013
15.06.2013;85,47;9,44;1800,48;123,08;173,64;50,56;28,88;Sanayi;Haftasonu ;6;2013
14.06.2013;74,14;3,12;763,11;133,71;206,3;72,59;19,82;Sanayi;Haftaici;6;2013
13.06.2013;116,51;3,89;1334,69;141,52;208,91;67,38;26,94;Sanayi;Haftaici;6;2013
12.06.2013;108,93;5,48;1653,01;131,78;213,82;82,04;26,69;Sanayi;Haftaici;6;2013
11.06.2013;83,05;11,79;1592,55;173,34;276,44;103,1;14,97;Sanayi;Haftaici;6;2013
10.06.2013;92,87;4,63;1722,3;138,29;217,1;78,81;12,71;Sanayi;Haftaici;6;2013
9.06.2013;74,67;5,98;1392,3;119,27;200,39;81,12;18,62;Sanayi;Haftasonu ;6;2013
8.06.2013;91,83;6,03;1609,85;132,48;209,88;77,39;23,89;Sanayi;Haftasonu ;6;2013
7.06.2013;70,15;10,94;634,98;128,24;199,97;71,73;16;Sanayi;Haftaici;6;2013
6.06.2013;60,67;6,92;1713,97;126,91;188,07;61,16;18,34;Sanayi;Haftaici;6;2013
5.06.2013;75,66;4,43;1266,95;125,26;193,34;68,08;26,52;Sanayi;Haftaici;6;2013
4.06.2013;78,29;9,5;1435,26;124,75;185,27;60,52;28,31;Sanayi;Haftaici;6;2013
3.06.2013;59,18;10,52;1211,06;122,43;206,14;83,72;20,19;Sanayi;Haftaici;6;2013
2.06.2013;195,59;2,88;1109,82;53,34;92,63;39,29;32,18;Sanayi;Haftasonu ;6;2013
1.06.2013;88,29;12,19;1204,8;145,71;242,13;96,42;22,36;Sanayi;Haftasonu ;6;2013
31.05.2013;174,37;3,24;982,95;124,27;202,8;78,53;35,6;Sanayi;Haftaici;5;2013
30.05.2013;215,14;13,16;2199,72;191,26;353,77;162,51;48,46;Sanayi;Haftaici;5;2013
29.05.2013;86,64;8,27;1585,18;132,51;185,01;52,5;19,25;Sanayi;Haftaici;5;2013
28.05.2013;69,45;14,77;1468,1;164,74;242,52;77,78;18,54;Sanayi;Haftaici;5;2013
27.05.2013;83,8;5,05;2030,45;127,77;204,94;77,17;19,09;Sanayi;Haftaici;5;2013
26.05.2013;74,58;11,63;1549,34;113,7;173,31;59,61;18,02;Sanayi;Haftasonu ;5;2013
25.05.2013;79,62;12,96;1668,28;144,42;232,48;88,06;19,2;Sanayi;Haftasonu ;5;2013
24.05.2013;231,65;4,22;376,82;109,1;168,9;59,8;28,2;Sanayi;Haftaici;5;2013
23.05.2013;113,36;6,7;1547,9;142,68;229,48;86,8;31,5;Sanayi;Haftaici;5;2013
22.05.2013;110,04;13,18;762,44;164,12;257,6;93,48;30,56;Sanayi;Haftaici;5;2013
21.05.2013;78,35;5,43;1569,43;140,86;227,01;86,15;21,54;Sanayi;Haftaici;5;2013
20.05.2013;71,17;3,98;1508,27;125,77;205,42;79,65;17,03;Sanayi;Haftaici;5;2013
19.05.2013;91,27;4,49;1786,42;106,06;175,84;69,77;20,13;Sanayi;Haftasonu ;5;2013
18.05.2013;141,09;7,95;941,91;128,92;209,03;80,12;26,41;Sanayi;Haftasonu ;5;2013
17.05.2013;113,57;9,77;1349,3;151,4;272,61;121,22;26,81;Sanayi;Haftaici;5;2013
16.05.2013;73,13;6,61;1694,01;148,12;248,6;100,49;23,17;Sanayi;Haftaici;5;2013
15.05.2013;93,95;4,01;1268,69;155,98;291,54;135,56;26,43;Sanayi;Haftaici;5;2013
14.05.2013;76,44;2,35;1749,83;160,77;263,28;102,51;26,3;Sanayi;Haftaici;5;2013
13.05.2013;63,92;4,98;1145,67;133,69;209,38;75,69;16,34;Sanayi;Haftaici;5;2013
12.05.2013;58,09;3,36;827,27;110,33;178,15;67,83;25,4;Sanayi;Haftasonu ;5;2013
11.05.2013;81,41;2,16;1285,42;137,31;234,43;97,12;27,05;Sanayi;Haftasonu ;5;2013
10.05.2013;98,27;3,67;1689,85;158,63;254,13;95,5;37,81;Sanayi;Haftaici;5;2013
9.05.2013;107,79;9,52;1234,12;161,8;275,64;113,85;;Sanayi;Haftaici;5;2013
8.05.2013;72,93;0,64;754,59;135,88;191,98;56,1;17,03;Sanayi;Haftaici;5;2013
7.05.2013;73,5;1,67;627,38;146,88;221,69;74,81;21,19;Sanayi;Haftaici;5;2013
6.05.2013;96,01;2,69;1018,44;174,39;300,97;126,58;23,91;Sanayi;Haftaici;5;2013
5.05.2013;97,23;6,11;447,19;129,83;193,27;63,44;18,97;Sanayi;Haftasonu ;5;2013
4.05.2013;97,51;9,2;799,49;177,98;272,78;94,8;27,63;Sanayi;Haftasonu ;5;2013
3.05.2013;91,77;9,13;751,73;169,7;273,38;103,68;17,44;Sanayi;Haftaici;5;2013
2.05.2013;75,15;4,48;621,33;134,93;209,83;74,9;25,35;Sanayi;Haftaici;5;2013
1.05.2013;82,67;4,97;589,83;180,38;305,38;125;18,72;Sanayi;Haftaici;5;2013
30.04.2013;83,69;3,97;669,07;148,52;220,15;71,63;19,67;Sanayi;Haftaici;4;2013
29.04.2013;109,38;11,21;1207,31;210,36;355,58;145,21;24,09;Sanayi;Haftaici;4;2013
28.04.2013;95,08;10,15;830,12;148,21;233,99;85,78;24,01;Sanayi;Haftasonu ;4;2013
27.04.2013;107,17;15,8;614,2;137,81;212,26;74,45;27,48;Sanayi;Haftasonu ;4;2013
26.04.2013;120,06;20,87;410,13;196,73;301,55;104,81;38,53;Sanayi;Haftaici;4;2013
25.04.2013;102,73;15,12;1061,3;114,52;184,39;69,87;26,35;Sanayi;Haftaici;4;2013
24.04.2013;89,43;16,73;1052,55;116,68;212,6;95,92;19,2;Sanayi;Haftaici;4;2013
23.04.2013;89,23;18,93;761,87;103,76;224,03;120,26;24,47;Sanayi;Haftaici;4;2013
22.04.2013;88;6,7;934,3;113,5;207,34;93,84;22,4;Sanayi;Haftaici;4;2013
21.04.2013;70,75;19,79;248,77;79,28;134,59;55,32;14,42;Sanayi;Haftasonu ;4;2013
20.04.2013;75,62;3,85;525,25;96,08;183,72;87,64;22,86;Sanayi;Haftasonu ;4;2013
19.04.2013;87,07;6,05;594,65;101,37;216,05;114,69;21,34;Sanayi;Haftaici;4;2013
18.04.2013;107,11;8,13;664,81;95,79;209,03;113,24;31,39;Sanayi;Haftaici;4;2013
17.04.2013;79,83;1,08;213,81;91,87;174,31;82,45;20,5;Sanayi;Haftaici;4;2013
16.04.2013;56,47;2,46;589,44;123,22;245,43;122,21;18,58;Sanayi;Haftaici;4;2013
15.04.2013;75,89;4,78;1054,33;115,22;218,45;103,23;19,91;Sanayi;Haftaici;4;2013
14.04.2013;100,63;7,81;542,57;82,32;130,38;48,06;24,63;Sanayi;Haftasonu ;4;2013
13.04.2013;99,8;11,15;870,92;107,88;193,15;85,27;26,64;Sanayi;Haftasonu ;4;2013
12.04.2013;83,56;27,3;734,38;116;213,24;97,25;24,34;Sanayi;Haftaici;4;2013
11.04.2013;66,62;;463,9;106,25;187,61;81,36;21,41;Sanayi;Haftaici;4;2013
10.04.2013;78,95;13,23;582,13;104,12;206,3;102,18;21,01;Sanayi;Haftaici;4;2013
9.04.2013;65,74;4,47;523,37;78,78;153,36;74,58;9,32;Sanayi;Haftaici;4;2013
8.04.2013;287,9;;556,55;98,28;175,67;77,39;76,11;Sanayi;Haftaici;4;2013
7.04.2013;170,34;4,02;493,15;66,53;119,36;52,83;36,72;Sanayi;Haftasonu ;4;2013
6.04.2013;214,86;4,67;634,53;100,93;217,63;116,71;44,74;Sanayi;Haftasonu ;4;2013
5.04.2013;103,52;13,93;643,84;109,87;199,3;89,44;25,25;Sanayi;Haftaici;4;2013
4.04.2013;105,6;5,09;1065,59;132,58;256,37;123,79;32,26;Sanayi;Haftaici;4;2013
3.04.2013;366,01;3,73;1080,17;91,33;166,94;75,61;111,37;Sanayi;Haftaici;4;2013
2.04.2013;109,28;7,34;489,07;107,92;201,4;93,48;24,56;Sanayi;Haftaici;4;2013
1.04.2013;148,18;3,15;265,94;76,83;125,66;48,83;37,23;Sanayi;Haftaici;4;2013
31.03.2013;74,9;6,82;272,22;71,54;113,21;41,67;17,33;Sanayi;Haftasonu ;3;2013
30.03.2013;100,57;6,95;762,44;102,62;222,39;119,77;33,13;Sanayi;Haftasonu ;3;2013
29.03.2013;108,95;21,14;583,82;113,95;216,12;102,17;21,39;Sanayi;Haftaici;3;2013
28.03.2013;110,31;13,16;703,02;130,93;272,93;142;26,12;Sanayi;Haftaici;3;2013
27.03.2013;89,18;7,61;706,8;121,22;230,39;109,17;25,65;Sanayi;Haftaici;3;2013
26.03.2013;123,15;5,46;470,13;122,22;196,58;74,36;24,97;Sanayi;Haftaici;3;2013
25.03.2013;124,54;18,39;912,55;167,28;346,84;179,56;29,83;Sanayi;Haftaici;3;2013
24.03.2013;90,98;13,54;505,46;126,28;219,35;93,06;30,5;Sanayi;Haftasonu ;3;2013
23.03.2013;53,44;6,06;242,67;109,02;180,67;71,64;16,18;Sanayi;Haftasonu ;3;2013
22.03.2013;82,03;1,28;228;129,32;229,81;100,49;18,33;Sanayi;Haftaici;3;2013
21.03.2013;216,28;10,69;753,4;162,2;327,21;165,01;52,7;Sanayi;Haftaici;3;2013
20.03.2013;167,42;17,88;715,95;150,66;279,84;129,18;38,35;Sanayi;Haftaici;3;2013
19.03.2013;98,27;6,42;594,92;151,91;305,1;153,19;25,07;Sanayi;Haftaici;3;2013
18.03.2013;94,29;9,1;667,5;159,33;288,68;129,34;29,23;Sanayi;Haftaici;3;2013
17.03.2013;45,76;1,02;225,68;94,08;147,66;53,58;12,56;Sanayi;Haftasonu ;3;2013
16.03.2013;59,81;2,15;623,75;115,88;198,58;82,7;20,95;Sanayi;Haftasonu ;3;2013
15.03.2013;66,76;5,44;249,21;91,52;154,4;62,88;102,5;Sanayi;Haftaici;3;2013
14.03.2013;129,46;5,43;542,21;118,74;225,63;106,89;27,64;Sanayi;Haftaici;3;2013
13.03.2013;199,98;15,32;494,95;148,47;300,16;151,69;47,41;Sanayi;Haftaici;3;2013
12.03.2013;113,19;5,79;573,65;141,06;291,16;150,11;33,42;Sanayi;Haftaici;3;2013
11.03.2013;105,53;2,67;627,52;121,12;239,15;118,03;34,19;Sanayi;Haftaici;3;2013
10.03.2013;80,16;1,07;580,05;136,03;254,81;118,78;24,3;Sanayi;Haftasonu ;3;2013
9.03.2013;83,92;7,19;440,32;153,07;294,57;141,5;22,83;Sanayi;Haftasonu ;3;2013
8.03.2013;103,59;3,67;402,1;127,78;223,39;95,61;21,51;Sanayi;Haftaici;3;2013
7.03.2013;133,41;21,02;625,88;159,21;296,87;137,67;29,39;Sanayi;Haftaici;3;2013
6.03.2013;120,17;24,94;550,51;166,94;314,54;147,6;29,92;Sanayi;Haftaici;3;2013
5.03.2013;106,86;6,54;279,88;124,95;224,09;99,14;24,9;Sanayi;Haftaici;3;2013
4.03.2013;92,84;4,46;329,43;118,8;212,53;93,73;23,58;Sanayi;Haftaici;3;2013
3.03.2013;103;17,34;343,29;111,91;207,34;95,43;26,37;Sanayi;Haftasonu ;3;2013
2.03.2013;137,55;22,55;666,23;166,79;369,92;203,12;31,18;Sanayi;Haftasonu ;3;2013
1.03.2013;99,1;17,42;532,3;173,16;329,98;156,82;25,3;Sanayi;Haftaici;3;2013
28.02.2013;76,92;5,87;381,74;145,49;288,55;143,05;18,02;Sanayi;Haftaici;2;2013
27.02.2013;115,01;14,82;450,19;152,98;312,82;159,84;26,69;Sanayi;Haftaici;2;2013
26.02.2013;191,06;19,38;904,32;168,34;383,94;215,6;45,62;Sanayi;Haftaici;2;2013
25.02.2013;217,38;18,53;1113,96;137,45;280,35;142,9;47,8;Sanayi;Haftaici;2;2013
24.02.2013;174,38;18,15;945,25;139,8;320,66;180,86;41,39;Sanayi;Haftasonu ;2;2013
23.02.2013;178,81;14,87;475,69;170,01;362,05;192,04;41,1;Sanayi;Haftasonu ;2;2013
22.02.2013;188,71;17,27;616,38;172,9;387,05;214,15;79,81;Sanayi;Haftaici;2;2013
21.02.2013;219,53;23,47;1309,01;77,43;214,96;137,54;58,62;Sanayi;Haftaici;2;2013
20.02.2013;52,2;8,25;910,97;72,78;184,88;112,1;13,95;Sanayi;Haftaici;2;2013
19.02.2013;92,29;5,85;715,64;69,06;142,51;73,45;23,4;Sanayi;Haftaici;2;2013
18.02.2013;100,08;7,96;1001,7;76,23;187,65;111,42;22,63;Sanayi;Haftaici;2;2013
17.02.2013;115,29;17,27;900,55;63,65;180,43;116,78;30,56;Sanayi;Haftasonu ;2;2013
16.02.2013;84,82;29,49;737,47;57,52;164,8;107,28;25,89;Sanayi;Haftasonu ;2;2013
15.02.2013;79,74;6,43;979,2;82,84;184,59;101,74;20;Sanayi;Haftaici;2;2013
14.02.2013;93,26;4,38;943,85;64,19;114,72;50,53;15,4;Sanayi;Haftaici;2;2013
13.02.2013;146,31;14,13;1189,21;68,44;167,41;98,97;38,21;Sanayi;Haftaici;2;2013
12.02.2013;135,08;9,96;920,44;73,68;219,68;146;32,58;Sanayi;Haftaici;2;2013
11.02.2013;118,03;6,42;1215,9;84,82;254,3;169,48;22,53;Sanayi;Haftaici;2;2013
10.02.2013;89,66;;1108,69;56,35;113,58;57,23;20,85;Sanayi;Haftasonu ;2;2013
9.02.2013;135,82;6,52;1252,59;73,03;206,7;133,68;26,4;Sanayi;Haftasonu ;2;2013
8.02.2013;117,68;;487,85;37,64;64,44;26,8;19,09;Sanayi;Haftaici;2;2013
7.02.2013;73,25;1,73;606,41;46,27;81,38;35,1;21,46;Sanayi;Haftaici;2;2013
6.02.2013;134,98;;803,58;76,94;228,72;151,78;28,85;Sanayi;Haftaici;2;2013
5.02.2013;257,76;;1721,37;79,46;286,47;207,02;69,67;Sanayi;Haftaici;2;2013
4.02.2013;132,7;5,72;1316,82;84,06;253,99;169,93;27,81;Sanayi;Haftaici;2;2013
3.02.2013;79,5;;995,8;53,44;148,45;95,01;25,47;Sanayi;Haftasonu ;2;2013
2.02.2013;213,8;3,46;1002,12;64,41;173,71;109,3;48,74;Sanayi;Haftasonu ;2;2013
1.02.2013;129,5;;989,46;75,35;225,87;150,52;29,58;Sanayi;Haftaici;2;2013
31.01.2013;124,58;7,52;910,33;75,93;234,97;159,05;29,28;Sanayi;Haftaici;1;2013
30.01.2013;240,08;15,28;1007,26;57,83;164;106,17;43,08;Sanayi;Haftaici;1;2013
29.01.2013;160,59;5,3;864,83;71,41;239,93;168,52;25,57;Sanayi;Haftaici;1;2013
28.01.2013;204,64;14,05;1273,64;77,39;199,87;122,48;43,45;Sanayi;Haftaici;1;2013
27.01.2013;119,3;;1089,21;70,61;204,47;133,86;24,68;Sanayi;Haftasonu ;1;2013
26.01.2013;162,45;4,9;1207,37;69,19;152,74;83,55;28,49;Sanayi;Haftasonu ;1;2013
25.01.2013;128,34;5,79;913,46;80,81;207,53;126,72;26,3;Sanayi;Haftaici;1;2013
24.01.2013;167,89;9,18;941,91;73,07;217,3;144,23;27,35;Sanayi;Haftaici;1;2013
23.01.2013;67,45;5,18;1224,89;80,3;231,18;150,88;19,41;Sanayi;Haftaici;1;2013
22.01.2013;91,11;4,58;851,42;74,92;201,02;126,1;21,77;Sanayi;Haftaici;1;2013
21.01.2013;151,38;5,17;1502,07;61,73;220,22;158,5;31,71;Sanayi;Haftaici;1;2013
20.01.2013;141,27;4,13;774,72;63,14;146,06;82,92;26,21;Sanayi;Haftasonu ;1;2013
19.01.2013;76,61;3,45;982,94;73,44;219,46;146,02;23,42;Sanayi;Haftasonu ;1;2013
18.01.2013;136,58;3,79;578;66,5;146,58;80,08;27,26;Sanayi;Haftaici;1;2013
17.01.2013;;8,73;1233,33;77,25;222,17;144,93;;Sanayi;Haftaici;1;2013
16.01.2013;;33,1;1839,9;74,46;218,27;143,8;;Sanayi;Haftaici;1;2013
15.01.2013;;26,64;1422,9;71,26;203,51;132,25;;Sanayi;Haftaici;1;2013
14.01.2013;;28,33;2039,41;79,15;292,72;213,57;;Sanayi;Haftaici;1;2013
13.01.2013;;25,46;1330,35;62,95;172,92;109,97;;Sanayi;Haftasonu ;1;2013
12.01.2013;;13,67;1377,68;60,07;120,9;60,82;;Sanayi;Haftasonu ;1;2013
11.01.2013;;23,38;1572,23;83,64;205,07;121,43;;Sanayi;Haftaici;1;2013
10.01.2013;135,57;19,54;1623,56;78,43;209,83;131,39;26,9;Sanayi;Haftaici;1;2013
9.01.2013;103,98;25,36;1456,35;60,88;163,15;102,27;26,91;Sanayi;Haftaici;1;2013
8.01.2013;61,6;14,54;1476,29;61,85;171,3;109,45;16,61;Sanayi;Haftaici;1;2013
7.01.2013;140,47;16,23;1363,78;62,46;190,49;128,04;33,16;Sanayi;Haftaici;1;2013
6.01.2013;223,61;31,36;1672,18;67,88;191,15;123,27;45,94;Sanayi;Haftasonu ;1;2013
5.01.2013;94,99;30,09;1546,68;69,98;233,72;163,75;28,2;Sanayi;Haftasonu ;1;2013
4.01.2013;255,41;28,13;1616,78;62,05;219,77;157,72;63,76;Sanayi;Haftaici;1;2013
3.01.2013;344,95;13,77;1365,87;67,53;228,65;161,12;52,95;Sanayi;Haftaici;1;2013
2.01.2013;262,42;20,45;1849,42;67,43;229,43;162,01;60,39;Sanayi;Haftaici;1;2013
1.01.2013;210,73;26,34;1056,42;50,6;183,4;132,8;63,79;Sanayi;Haftaici;1;2013
31.12.2012;290,91;14,78;1850,82;62,72;246,22;183,5;63,46;Sanayi;Haftaici;12;2012
30.12.2012;237,05;9,06;1141,03;52,77;159,06;106,29;32,44;Sanayi;Haftasonu ;12;2012
29.12.2012;478,85;15,75;1470,05;59,09;263,27;204,18;84,89;Sanayi;Haftasonu ;12;2012
28.12.2012;498,09;21,04;2420,71;71,82;425,45;353,63;101,24;Sanayi;Haftaici;12;2012
27.12.2012;262,95;9,75;1655,12;43,96;254,56;210,6;60,85;Sanayi;Haftaici;12;2012
26.12.2012;703,47;19,42;4838,97;;;;168,89;Sanayi;Haftaici;12;2012
25.12.2012;333,03;9,16;2450,95;29,7;271,7;242;62,2;Sanayi;Haftaici;12;2012
24.12.2012;305,51;13,42;2300,39;23,92;215,8;191,88;58,19;Sanayi;Haftaici;12;2012
23.12.2012;152,03;19,42;2626,68;15,83;236,45;220,63;44,68;Sanayi;Haftasonu ;12;2012
22.12.2012;367,02;24,79;2585,91;25,14;234,62;209,48;85,25;Sanayi;Haftasonu ;12;2012
21.12.2012;110,81;15,13;1799,15;15,92;233,05;217,13;25,95;Sanayi;Haftaici;12;2012
20.12.2012;117,65;10,83;2142,14;25,12;228,87;203,75;50,27;Sanayi;Haftaici;12;2012
19.12.2012;155,47;7,32;1656,54;60,87;146,06;85,19;23,85;Sanayi;Haftaici;12;2012
18.12.2012;183,63;7,65;2671,62;23,23;197,15;173,92;64,03;Sanayi;Haftaici;12;2012
17.12.2012;329,95;10,32;3685,13;10,07;306,45;296,38;106,56;Sanayi;Haftaici;12;2012
16.12.2012;226,66;6,55;1991,82;27,11;240,25;213,14;49,34;Sanayi;Haftasonu ;12;2012
15.12.2012;261,82;9,12;2320,65;28,32;279,53;251,2;56,17;Sanayi;Haftasonu ;12;2012
14.12.2012;254,41;9,07;2263,37;53,67;246,27;192,6;58,67;Sanayi;Haftaici;12;2012
13.12.2012;122,53;5,64;1939,26;41,88;235,13;193,24;25,05;Sanayi;Haftaici;12;2012
12.12.2012;71,45;10,34;2035,73;42,23;219,66;177,44;31,84;Sanayi;Haftaici;12;2012
11.12.2012;128,32;9,35;2483,19;79,73;251,48;171,75;38,31;Sanayi;Haftaici;12;2012
10.12.2012;90,42;8,07;2490,83;79,31;232,21;152,9;35,1;Sanayi;Haftaici;12;2012
9.12.2012;96,07;9,55;1910,32;72,53;152,92;80,39;43,88;Sanayi;Haftasonu ;12;2012
8.12.2012;108,85;10,13;1880,31;74,48;162,28;87,8;39,77;Sanayi;Haftasonu ;12;2012
7.12.2012;45,12;6,36;2653,14;84,6;177,74;93,14;22,44;Sanayi;Haftaici;12;2012
6.12.2012;95,21;6,79;2085,66;89,54;203,55;114;27,92;Sanayi;Haftaici;12;2012
5.12.2012;78,39;6,39;1896,08;66,1;161,19;95,09;38,07;Sanayi;Haftaici;12;2012
4.12.2012;24,74;5,34;1892,93;55,15;151,71;96,56;;Sanayi;Haftaici;12;2012
3.12.2012;52,66;8,69;1721,09;86,42;177,03;90,61;23,47;Sanayi;Haftaici;12;2012
2.12.2012;188,25;10,02;2903,8;81,53;320,39;238,86;71,43;Sanayi;Haftasonu ;12;2012
1.12.2012;183,5;11,75;2870,01;92,68;357,18;264,5;67,72;Sanayi;Haftasonu ;12;2012
30.11.2012;257,14;16;3577,36;106,71;439,25;332,54;88,96;Sanayi;Haftaici;11;2012
29.11.2012;85,6;15,49;1692,35;87,2;188,79;101,59;33,32;Sanayi;Haftaici;11;2012
28.11.2012;238,4;20,27;2885,55;108,06;414,46;306,4;99,9;Sanayi;Haftaici;11;2012
27.11.2012;192,52;14,25;2666,82;95,69;292,22;196,53;73,19;Sanayi;Haftaici;11;2012
26.11.2012;162,74;9,3;2686,95;92,84;250,24;157,4;66,8;Sanayi;Haftaici;11;2012
25.11.2012;116,12;6,66;2366,45;80,49;235,31;154,81;38,82;Sanayi;Haftasonu ;11;2012
24.11.2012;157,48;11,87;2744,78;89,19;278,84;189,65;55;Sanayi;Haftasonu ;11;2012
23.11.2012;126,21;9,29;2144,73;84,51;284,29;199,78;43,12;Sanayi;Haftaici;11;2012
22.11.2012;81,77;5,04;1975,14;75,83;175,24;99,42;31,26;Sanayi;Haftaici;11;2012
21.11.2012;118,58;8,14;1958,11;75,02;194,21;119,19;60,99;Sanayi;Haftaici;11;2012
20.11.2012;172,79;8,12;2486,52;84,97;205,2;120,23;81,67;Sanayi;Haftaici;11;2012
19.11.2012;128,05;6,67;2092,02;83,34;258,26;174,92;56,54;Sanayi;Haftaici;11;2012
18.11.2012;123,1;8,66;1771,33;81,45;298,75;217,3;46,3;Sanayi;Haftasonu ;11;2012
17.11.2012;107,41;8,14;2278,2;68,26;128,95;60,69;48,58;Sanayi;Haftasonu ;11;2012
16.11.2012;143,91;9,23;2495,62;94,38;321,87;227,49;48,63;Sanayi;Haftaici;11;2012
15.11.2012;138,59;6,75;2389,63;77,48;232,87;155,39;57,47;Sanayi;Haftaici;11;2012
14.11.2012;169,91;10,57;2917,8;84,59;225,29;140,69;60,16;Sanayi;Haftaici;11;2012
13.11.2012;170,39;8,25;3065,66;80,93;296,88;215,95;74,36;Sanayi;Haftaici;11;2012
12.11.2012;100,59;10,57;2766,62;80,75;240,1;159,35;42,5;Sanayi;Haftaici;11;2012
11.11.2012;45,29;4,14;1717,49;74,04;157,38;83,33;;Sanayi;Haftasonu ;11;2012
10.11.2012;54,96;3,15;2106,28;74,2;154,49;80,3;17,2;Sanayi;Haftasonu ;11;2012
9.11.2012;63,93;7,91;2108,48;78,53;209,4;130,87;20,63;Sanayi;Haftaici;11;2012
8.11.2012;33,98;3,01;2481,62;78,32;152,23;73,91;;Sanayi;Haftaici;11;2012
7.11.2012;61,8;11,17;2594,22;80,02;186,86;106,84;21,77;Sanayi;Haftaici;11;2012
6.11.2012;134,78;7,96;3227,84;82,79;303,1;220,32;;Sanayi;Haftaici;11;2012
5.11.2012;141,12;6,5;2214,61;29,62;70,68;41,07;39,22;Sanayi;Haftaici;11;2012
4.11.2012;136,33;6,41;1962,82;29,35;66;36,66;53,89;Sanayi;Haftasonu ;11;2012
3.11.2012;112,32;5,12;2009,14;30,52;68,49;37,97;46,16;Sanayi;Haftasonu ;11;2012
2.11.2012;118,33;7,58;1756,56;30,7;71,66;40,96;51,64;Sanayi;Haftaici;11;2012
1.11.2012;101,54;5,82;1869,44;32,82;72,77;39,95;49,67;Sanayi;Haftaici;11;2012
31.10.2012;142,75;8,16;1940,32;34,13;78,41;44,28;59,71;Sanayi;Haftaici;10;2012
30.10.2012;64,55;5,24;1776,43;37,94;81,87;43,93;26,02;Sanayi;Haftaici;10;2012
29.10.2012;107,99;5,79;1964,36;36,94;94,67;57,73;40,68;Sanayi;Haftaici;10;2012
28.10.2012;107,95;6,4;2468,07;40,08;111,76;71,68;43,85;Sanayi;Haftasonu ;10;2012
27.10.2012;87,53;7,94;1720,15;43,82;106,79;62,97;32,51;Sanayi;Haftasonu ;10;2012
26.10.2012;74,85;6,37;1703,53;46,33;99,44;53,11;28,57;Sanayi;Haftaici;10;2012
25.10.2012;43,29;6,22;1547,42;44,06;98,44;54,37;28,75;Sanayi;Haftaici;10;2012
24.10.2012;79,28;5,99;1637,23;53,25;111,37;58,12;31,19;Sanayi;Haftaici;10;2012
23.10.2012;144,4;10,18;1989,28;59,59;165,22;105,63;42,81;Sanayi;Haftaici;10;2012
22.10.2012;99,48;7,37;1645,53;16,26;66,35;50,09;41,38;Sanayi;Haftaici;10;2012
21.10.2012;116,04;9,94;1639,18;19,64;70,4;50,76;41,02;Sanayi;Haftasonu ;10;2012
20.10.2012;64,36;10,16;1306,39;21,97;79,8;57,83;18,45;Sanayi;Haftasonu ;10;2012
19.10.2012;85,32;7,71;1575,6;;;;28,43;Sanayi;Haftaici;10;2012
18.10.2012;109,43;6,36;1622,07;16,46;102,42;85,96;37,78;Sanayi;Haftaici;10;2012
17.10.2012;138,01;11,03;1794,51;9,93;157,21;147,28;45,49;Sanayi;Haftaici;10;2012
16.10.2012;134,38;13,43;2136,45;;;;48,74;Sanayi;Haftaici;10;2012
15.10.2012;146,64;7,69;2193,24;118,32;279,48;161,16;54,29;Sanayi;Haftaici;10;2012
14.10.2012;114,12;7,14;2165,63;92,52;255,19;162,67;38,15;Sanayi;Haftasonu ;10;2012
13.10.2012;101,69;5,02;1436;103,14;215,25;112,11;35,72;Sanayi;Haftasonu ;10;2012
12.10.2012;104,81;3,81;1939,81;105;214,57;109,57;37,98;Sanayi;Haftaici;10;2012
11.10.2012;75,17;1,94;1891,39;93,45;220,3;126,85;40,05;Sanayi;Haftaici;10;2012
10.10.2012;87,71;6,64;1710,04;99,32;188,95;89,64;35,13;Sanayi;Haftaici;10;2012
9.10.2012;64,82;5,83;1863,71;87,71;179,2;91,49;22,74;Sanayi;Haftaici;10;2012
8.10.2012;97,23;19,61;1825,91;114,54;205,1;90,56;40,2;Sanayi;Haftaici;10;2012
7.10.2012;87,6;9,55;1765,03;99,98;196,61;96,62;21,28;Sanayi;Haftasonu ;10;2012
6.10.2012;65,48;5,42;1514,98;85,04;152,62;67,58;25,42;Sanayi;Haftasonu ;10;2012
5.10.2012;85,62;10,03;1484,13;100,97;162,98;62,02;36,08;Sanayi;Haftaici;10;2012
4.10.2012;82,01;8,45;1484,01;96,34;150,03;53,69;33,43;Sanayi;Haftaici;10;2012
3.10.2012;86,14;8,97;1806,77;107,33;187,03;79,7;32,23;Sanayi;Haftaici;10;2012
2.10.2012;114;9,79;1318,51;101,22;144,86;43,64;36,08;Sanayi;Haftaici;10;2012
1.10.2012;109,61;14,42;1089,29;110,61;178,1;67,49;39,1;Sanayi;Haftaici;10;2012
30.09.2012;91,53;12,22;1641,53;112,31;205,99;93,68;28,33;Sanayi;Haftasonu ;9;2012
29.09.2012;89,32;11,33;1467,61;114,88;200,52;85,64;24,61;Sanayi;Haftasonu ;9;2012
28.09.2012;106,06;17,38;1558,2;97,91;223,86;125,95;27,81;Sanayi;Haftaici;9;2012
27.09.2012;135,94;17,11;2466,57;155,08;355,5;200,42;40,88;Sanayi;Haftaici;9;2012
26.09.2012;132,61;20,45;2525,28;153,63;356,63;203;47,71;Sanayi;Haftaici;9;2012
25.09.2012;127,56;23,04;2080,23;141,34;299,5;158,16;35,86;Sanayi;Haftaici;9;2012
24.09.2012;118,53;13,14;2522,67;144,96;310,89;165,93;37,21;Sanayi;Haftaici;9;2012
23.09.2012;59,87;5,41;1739,1;102,32;170,62;68,3;21,28;Sanayi;Haftasonu ;9;2012
22.09.2012;54,55;10,87;1583,78;93,37;163,07;69,7;23,53;Sanayi;Haftasonu ;9;2012
21.09.2012;101,26;5,95;1871,17;122,5;208,75;86,25;41,34;Sanayi;Haftaici;9;2012
20.09.2012;109,49;4,22;1757,49;123,81;206,31;82,5;43,4;Sanayi;Haftaici;9;2012
19.09.2012;231,63;12,36;1253,65;120,09;182,02;61,93;55,35;Sanayi;Haftaici;9;2012
18.09.2012;201,07;10,65;1691,8;120,75;224,45;103,7;36,76;Sanayi;Haftaici;9;2012
17.09.2012;231,51;10,36;2172,35;139,15;308,87;169,72;31;Sanayi;Haftaici;9;2012
16.09.2012;135,72;10,99;1151,09;86,35;150,33;63,98;35,05;Sanayi;Haftasonu ;9;2012
15.09.2012;225,16;10;2156,36;139,53;292,22;152,69;46,74;Sanayi;Haftasonu ;9;2012
14.09.2012;231,61;10,27;2147,31;139,5;290,95;151,44;40,56;Sanayi;Haftaici;9;2012
13.09.2012;220,03;8;2166,72;132,25;280,02;147,77;36,04;Sanayi;Haftaici;9;2012
12.09.2012;208,43;7,97;2098,42;128,03;253,93;125,9;27,03;Sanayi;Haftaici;9;2012
11.09.2012;104,44;2,29;1600,94;87,93;135,15;47,22;14,6;Sanayi;Haftaici;9;2012
10.09.2012;104,88;3,09;1668,11;86,03;120,18;34,16;22,21;Sanayi;Haftaici;9;2012
9.09.2012;92,92;4,68;1541,31;82;131,78;49,78;20,18;Sanayi;Haftasonu ;9;2012
8.09.2012;141,1;4,24;1408,57;100,42;144,67;44,25;22,13;Sanayi;Haftasonu ;9;2012
7.09.2012;237,73;12,27;1366,07;112,49;153,9;41,41;35,81;Sanayi;Haftaici;9;2012
6.09.2012;240,35;16,75;2151,69;172,85;354,36;181,5;36,61;Sanayi;Haftaici;9;2012
5.09.2012;146,18;8,28;1031,98;138,87;209,97;71,1;18;Sanayi;Haftaici;9;2012
4.09.2012;236,66;7,26;1830,43;124,55;218,01;93,46;27,96;Sanayi;Haftaici;9;2012
3.09.2012;118,45;4,13;1238,72;119,37;180,23;60,86;18,69;Sanayi;Haftaici;9;2012
2.09.2012;140,49;6,53;1129,41;95,6;132,6;37;26,95;Sanayi;Haftasonu ;9;2012
1.09.2012;109,55;4,94;1329,74;100,47;146,51;46,04;17,31;Sanayi;Haftasonu ;9;2012
31.08.2012;98,13;6,61;1205,28;114,85;175,31;60,47;17,96;Sanayi;Haftaici;8;2012
30.08.2012;86,35;6,09;1219,24;108,03;161,42;53,39;20,79;Sanayi;Haftaici;8;2012
29.08.2012;111,65;7,2;1347,13;111,89;175,4;63,51;13,95;Sanayi;Haftaici;8;2012
28.08.2012;140,59;7,41;1273,27;116,26;151,95;35,69;25,53;Sanayi;Haftaici;8;2012
27.08.2012;198,81;12,75;1108,73;168,21;246,43;78,22;30,85;Sanayi;Haftaici;8;2012
26.08.2012;151,45;14,96;1427,54;142,14;255,02;112,87;20,73;Sanayi;Haftasonu ;8;2012
25.08.2012;97,47;6,08;1183,26;115,83;188,2;72,38;26,61;Sanayi;Haftasonu ;8;2012
24.08.2012;94;5,43;1132,67;122,45;202,69;80,25;18,05;Sanayi;Haftaici;8;2012
23.08.2012;83,39;5,71;963,84;120,94;165,73;44,79;13,84;Sanayi;Haftaici;8;2012
22.08.2012;122,46;5,5;1077,67;112,92;163,8;50,88;25,67;Sanayi;Haftaici;8;2012
21.08.2012;49,71;5,94;987,44;86,77;121,96;35,18;24,32;Sanayi;Haftaici;8;2012
20.08.2012;45,27;5,46;1135,11;88,36;115,13;26,77;13,52;Sanayi;Haftaici;8;2012
19.08.2012;46,1;5,67;1168,89;90,07;113,79;23,72;20,25;Sanayi;Haftasonu ;8;2012
18.08.2012;74,82;4,75;1026,24;108,01;142,27;34,25;18,1;Sanayi;Haftasonu ;8;2012
17.08.2012;113,32;7,38;1332,7;127,59;186,08;58,49;24,12;Sanayi;Haftaici;8;2012
16.08.2012;121,61;7,96;1143,81;152,72;212,97;60,25;17,74;Sanayi;Haftaici;8;2012
15.08.2012;110,4;9,37;1149,26;148,14;207,97;59,83;23,45;Sanayi;Haftaici;8;2012
14.08.2012;115,14;6,61;1241,18;140,6;195,39;54,79;26,25;Sanayi;Haftaici;8;2012
13.08.2012;121,6;3,78;1185,5;133,13;178,17;45,04;28,57;Sanayi;Haftaici;8;2012
12.08.2012;147,83;5,43;1097,43;114,71;146,8;32,09;19,38;Sanayi;Haftasonu ;8;2012
11.08.2012;160,21;3,54;1092,06;108,64;136,82;28,19;37,56;Sanayi;Haftasonu ;8;2012
10.08.2012;137,58;4,25;879,15;119,51;147,95;28,44;17,45;Sanayi;Haftaici;8;2012
9.08.2012;152,77;5,77;1200,54;119,31;187,87;68,55;32,34;Sanayi;Haftaici;8;2012
8.08.2012;130,96;4,88;1262,08;118,94;173,87;54,93;23,75;Sanayi;Haftaici;8;2012
7.08.2012;155,57;5,34;1254,83;118,43;179,7;61,27;38,02;Sanayi;Haftaici;8;2012
6.08.2012;137,89;3,15;1265,45;128,77;182,64;53,87;22,49;Sanayi;Haftaici;8;2012
5.08.2012;100,12;4,48;664,68;101,4;136,32;34,92;25,62;Sanayi;Haftasonu ;8;2012
4.08.2012;100,51;4,05;966,74;117,35;153,19;35,84;29,02;Sanayi;Haftasonu ;8;2012
3.08.2012;103,87;5,86;962,67;120,22;154,31;34,09;40,19;Sanayi;Haftaici;8;2012
2.08.2012;127,77;7,78;1129,03;129,01;160,68;31,66;38,02;Sanayi;Haftaici;8;2012
1.08.2012;114,44;3,52;1870,04;148,68;237;88,32;;Sanayi;Haftaici;8;2012
31.07.2012;66,63;4,75;1349,47;132,33;208,25;75,92;;Sanayi;Haftaici;7;2012
30.07.2012;80,43;3,93;1393,2;161,14;207,76;46,61;;Sanayi;Haftaici;7;2012
29.07.2012;62,96;3,79;1276,43;135,27;162,02;26,75;;Sanayi;Haftasonu ;7;2012
28.07.2012;118,01;4,12;1067,52;113,87;143,34;29,47;;Sanayi;Haftasonu ;7;2012
27.07.2012;110,29;7,56;1009,67;193,17;264,31;71,14;;Sanayi;Haftaici;7;2012
26.07.2012;120,41;5,77;1196,97;189,14;290,93;101,79;;Sanayi;Haftaici;7;2012
25.07.2012;98,04;5,93;873,69;149,46;252,91;103,44;;Sanayi;Haftaici;7;2012
24.07.2012;99,62;5,3;1095,61;134,43;210,98;76,55;;Sanayi;Haftaici;7;2012
23.07.2012;113,05;3,35;1611,09;166,32;255,22;88,9;;Sanayi;Haftaici;7;2012
22.07.2012;68,87;3,33;1007,2;119,88;165,24;45,36;;Sanayi;Haftasonu ;7;2012
21.07.2012;55,95;3,27;792,58;134,73;210,76;76,03;;Sanayi;Haftasonu ;7;2012
20.07.2012;110,83;5,23;1639,55;127,21;185,09;57,87;;Sanayi;Haftaici;7;2012
19.07.2012;102,82;6,4;1686,19;108,78;172,22;63,44;;Sanayi;Haftaici;7;2012
18.07.2012;96,66;4,16;1440,15;;;;42,66;Sanayi;Haftaici;7;2012
17.07.2012;97,98;10,92;1636,29;;;;;Sanayi;Haftaici;7;2012
16.07.2012;84,06;5,12;1124,02;130,85;246,8;115,95;;Sanayi;Haftaici;7;2012
15.07.2012;80,55;4,32;1131,82;114,86;155,58;40,72;;Sanayi;Haftasonu ;7;2012
14.07.2012;134,26;6,12;1438,9;126,99;185,73;58,74;;Sanayi;Haftasonu ;7;2012
13.07.2012;101,52;2,91;1149,94;138,95;177,43;38,48;;Sanayi;Haftaici;7;2012
12.07.2012;96,96;5,46;1242,56;134,52;188,3;53,79;;Sanayi;Haftaici;7;2012
11.07.2012;85,52;5,8;1205,7;137,4;197,3;59,9;;Sanayi;Haftaici;7;2012
10.07.2012;56,29;3,54;1160,43;117,03;151,93;34,9;;Sanayi;Haftaici;7;2012
9.07.2012;141,8;3,15;1416,85;109,95;183,2;69,95;;Sanayi;Haftaici;7;2012
8.07.2012;27;4,91;1441,79;90,37;144,72;35,52;;Sanayi;Haftasonu ;7;2012
7.07.2012;37,41;3,93;1504,68;114,15;193,62;51,94;;Sanayi;Haftasonu ;7;2012
6.07.2012;37,65;7,26;1565,28;114,46;219,54;68,68;20,74;Sanayi;Haftaici;7;2012
5.07.2012;41,28;5,09;1806,06;119,08;233,38;74,7;31,72;Sanayi;Haftaici;7;2012
4.07.2012;45,93;4,23;1738,6;125,96;231,59;69,04;30,67;Sanayi;Haftaici;7;2012
3.07.2012;41,7;5,2;1722,95;116,15;223,73;70,32;24,94;Sanayi;Haftaici;7;2012
2.07.2012;39,09;4,28;1825,35;102,81;207,81;68,63;25,4;Sanayi;Haftaici;7;2012
1.07.2012;27,76;5,37;1739,06;102,93;174,47;46,76;15,31;Sanayi;Haftasonu ;7;2012
30.06.2012;30,46;2,81;1993,5;103,94;204,29;65,59;15,99;Sanayi;Haftasonu ;6;2012
29.06.2012;31,23;4,81;1635,51;108,08;203,82;62,58;18,44;Sanayi;Haftaici;6;2012
28.06.2012;26,05;5,84;1960,73;102,73;246,93;94,25;15,63;Sanayi;Haftaici;6;2012
27.06.2012;42,93;4,9;2046,62;113,66;231,25;76,86;24,61;Sanayi;Haftaici;6;2012
26.06.2012;46,05;3,88;1631,68;123,46;230,99;70,28;24,66;Sanayi;Haftaici;6;2012
25.06.2012;35,66;6,32;1514,53;102,24;219,49;76,64;19,05;Sanayi;Haftaici;6;2012
24.06.2012;36,37;5,68;1311,68;96,96;161,04;41,88;;Sanayi;Haftasonu ;6;2012
23.06.2012;31,44;4,59;2017,2;103,48;196,19;60,6;;Sanayi;Haftasonu ;6;2012
22.06.2012;26,78;4,5;;100,98;192,86;60,05;;Sanayi;Haftaici;6;2012
21.06.2012;29,82;3,09;;106,91;196,55;58,59;13,48;Sanayi;Haftaici;6;2012
20.06.2012;24,28;3,92;1325,57;109,23;186,53;50,52;14,26;Sanayi;Haftaici;6;2012
19.06.2012;34,01;3,43;;85,9;113,37;17,95;9,16;Sanayi;Haftaici;6;2012
18.06.2012;25,46;4,11;;103,14;146,75;28,51;10,88;Sanayi;Haftaici;6;2012
17.06.2012;24,03;4,41;;105,31;178,04;47,54;11,7;Sanayi;Haftasonu ;6;2012
16.06.2012;42,27;3,72;;97,25;242,37;94,85;20,22;Sanayi;Haftasonu ;6;2012
15.06.2012;58,32;4,86;1106,02;114,95;264,89;98;23,31;Sanayi;Haftaici;6;2012
14.06.2012;68,01;7,15;;143,77;271,21;83,29;31,03;Sanayi;Haftaici;6;2012
13.06.2012;47,74;7,45;;151,1;243,78;60,58;23,72;Sanayi;Haftaici;6;2012
12.06.2012;;4,48;;149,69;331,21;118,64;;Sanayi;Haftaici;6;2012
11.06.2012;;8,91;;172,66;378,89;134,79;;Sanayi;Haftaici;6;2012
10.06.2012;;10,65;806,59;146,31;249,34;67,34;;Sanayi;Haftasonu ;6;2012
9.06.2012;;6,25;;142,88;251,37;70,91;;Sanayi;Haftasonu ;6;2012
8.06.2012;;5,06;;131,1;183,6;34,31;;Sanayi;Haftaici;6;2012
7.06.2012;72,94;9,45;705,08;158,33;292,46;87,66;;Sanayi;Haftaici;6;2012
6.06.2012;80,05;9,71;858,79;154,64;222,59;44,42;23,18;Sanayi;Haftaici;6;2012
5.06.2012;59,96;9,14;;169,4;258,61;58,31;22,36;Sanayi;Haftaici;6;2012
4.06.2012;68,57;9,32;763,82;153,49;246,18;60,58;33,92;Sanayi;Haftaici;6;2012
3.06.2012;;8,17;;140,71;188,82;31,45;;Sanayi;Haftasonu ;6;2012
2.06.2012;;8,04;1018,1;157,26;272,75;75,48;;Sanayi;Haftasonu ;6;2012
1.06.2012;;8,81;823,06;165,64;295,74;85,03;;Sanayi;Haftaici;6;2012
31.05.2012;;6,23;760,72;149,3;261,03;73,03;;Sanayi;Haftaici;5;2012
30.05.2012;;8,02;887,09;158,22;278,7;78,75;;Sanayi;Haftaici;5;2012
29.05.2012;;9,6;904,46;151,42;299,41;96,72;;Sanayi;Haftaici;5;2012
28.05.2012;;4,79;749,75;155,91;244,52;57,91;;Sanayi;Haftaici;5;2012
27.05.2012;;6,81;587,72;108,46;155,38;30,67;;Sanayi;Haftasonu ;5;2012
26.05.2012;;7,81;821,33;106,24;224,83;77,51;;Sanayi;Haftasonu ;5;2012
25.05.2012;;7,14;711,22;143,13;241,5;64,29;;Sanayi;Haftaici;5;2012
24.05.2012;;7,08;722,77;144,27;228,13;54,81;;Sanayi;Haftaici;5;2012
23.05.2012;;11,08;704,25;154,3;237,26;54,22;;Sanayi;Haftaici;5;2012
22.05.2012;;8,55;607,31;142,36;177,58;23,02;;Sanayi;Haftaici;5;2012
21.05.2012;;10,34;637,32;160,78;284,62;80,95;;Sanayi;Haftaici;5;2012
20.05.2012;;9,17;586,52;130,13;165,96;23,42;;Sanayi;Haftasonu ;5;2012
19.05.2012;;5,85;611,59;119,54;181,58;40,55;;Sanayi;Haftasonu ;5;2012
18.05.2012;41,8;7,56;579,47;124,65;197,03;47,31;15,56;Sanayi;Haftaici;5;2012
17.05.2012;35,05;6,6;720,78;131,34;236,8;68,93;10,47;Sanayi;Haftaici;5;2012
16.05.2012;41,86;5,89;849,79;120,47;273,58;100,07;;Sanayi;Haftaici;5;2012
15.05.2012;43,05;5,52;792,45;144,13;229,76;55,97;13,12;Sanayi;Haftaici;5;2012
14.05.2012;54,93;6,23;761,38;135,51;266,06;85,32;19,79;Sanayi;Haftaici;5;2012
13.05.2012;35,2;6,98;416,96;135,9;213,57;50,76;;Sanayi;Haftasonu ;5;2012
12.05.2012;57,53;7,47;897,11;163,41;306,18;93,31;;Sanayi;Haftasonu ;5;2012
11.05.2012;46,8;9,9;1006,66;150,24;365,67;140,8;;Sanayi;Haftaici;5;2012
10.05.2012;16,62;7,85;;76,86;177,72;65,92;;Sanayi;Haftaici;5;2012
9.05.2012;14,13;13,34;777,92;72,76;101,01;18,47;;Sanayi;Haftaici;5;2012
8.05.2012;14,21;9,34;808,69;83,77;126,76;28,1;;Sanayi;Haftaici;5;2012
7.05.2012;15,76;9,93;844,49;86,75;158,84;47,12;6,15;Sanayi;Haftaici;5;2012
6.05.2012;12,33;10,79;581,77;62,74;91,58;18,85;;Sanayi;Haftasonu ;5;2012
5.05.2012;14,05;12,54;766,79;78,04;130,07;34;;Sanayi;Haftasonu ;5;2012
4.05.2012;18,67;12,6;;81,66;116,14;22,53;6,78;Sanayi;Haftaici;5;2012
3.05.2012;24,02;4,77;802,62;73,95;121,67;31,19;9,66;Sanayi;Haftaici;5;2012
2.05.2012;14,44;14,42;;65,63;106,87;26,95;;Sanayi;Haftaici;5;2012
1.05.2012;9,88;24,82;897,74;72,07;117,79;29,88;;Sanayi;Haftaici;5;2012
30.04.2012;15,67;27,82;1032,51;68,79;119,33;33,03;;Sanayi;Haftaici;4;2012
29.04.2012;11,06;21,22;896,99;61,58;98,45;24,1;;Sanayi;Haftasonu ;4;2012
28.04.2012;13,82;24,88;932,36;61,36;102,61;26,96;;Sanayi;Haftasonu ;4;2012
27.04.2012;18,72;46,64;861,31;59,82;114,08;35,46;;Sanayi;Haftaici;4;2012
26.04.2012;20,37;14,63;;64,53;128,4;41,74;;Sanayi;Haftaici;4;2012
25.04.2012;15,83;38,45;764,87;67,23;114,6;30,96;;Sanayi;Haftaici;4;2012
24.04.2012;17,13;26,69;1258,68;68,75;149,15;52,55;;Sanayi;Haftaici;4;2012
23.04.2012;13,02;21,27;968,07;56,88;84,98;18,36;;Sanayi;Haftaici;4;2012
22.04.2012;12,39;23,45;1204,78;56,49;102,73;30,22;;Sanayi;Haftasonu ;4;2012
21.04.2012;32,98;32,43;1069,5;56,81;96,49;25,93;;Sanayi;Haftasonu ;4;2012
20.04.2012;14,19;10,51;1344,78;64,15;138,55;48,63;;Sanayi;Haftaici;4;2012
19.04.2012;15,64;29,53;1186,52;62,1;155,19;60,84;;Sanayi;Haftaici;4;2012
18.04.2012;;9,97;1124,8;41,64;53,42;7,7;;Sanayi;Haftaici;4;2012
17.04.2012;13,08;21,42;883,74;58,42;88,24;19,5;;Sanayi;Haftaici;4;2012
16.04.2012;14,22;21,99;1217,43;66,05;132,76;43,6;;Sanayi;Haftaici;4;2012
15.04.2012;18,88;38,35;1108,69;56,37;107,56;33,46;;Sanayi;Haftasonu ;4;2012
14.04.2012;13,07;12,85;956,13;43,31;92,1;31,89;;Sanayi;Haftasonu ;4;2012
13.04.2012;20,73;41,83;1208,75;62,74;136,97;48,52;;Sanayi;Haftaici;4;2012
12.04.2012;18,53;15,4;1555,2;72,01;163,2;59,6;;Sanayi;Haftaici;4;2012
11.04.2012;16,7;15,56;1202,9;60,21;128,19;44,43;;Sanayi;Haftaici;4;2012
10.04.2012;9,66;21,28;1003,07;56,26;95,67;25,76;;Sanayi;Haftaici;4;2012
9.04.2012;10,49;16,04;991,88;64,52;100,13;23,28;;Sanayi;Haftaici;4;2012
8.04.2012;18,09;19,46;986,67;45,24;65,51;13,25;;Sanayi;Haftasonu ;4;2012
7.04.2012;27,1;36;1451,09;65,51;161,71;62,87;;Sanayi;Haftasonu ;4;2012
6.04.2012;23,13;16,94;1531,52;49,47;152,69;67,47;;Sanayi;Haftaici;4;2012
5.04.2012;27,18;29,37;1435,92;58,51;163,73;68,77;;Sanayi;Haftaici;4;2012
4.04.2012;29,22;39,83;1514,58;75,54;177,47;66,62;;Sanayi;Haftaici;4;2012
3.04.2012;24,53;19,76;1448,6;71,88;165,26;61,03;;Sanayi;Haftaici;4;2012
2.04.2012;16,63;15,89;1198,23;62,78;134,89;47,13;;Sanayi;Haftaici;4;2012
1.04.2012;8,91;24,56;1143,55;50,46;68,2;11,6;;Sanayi;Haftasonu ;4;2012
31.03.2012;19,45;13,94;1257,21;62,21;133,84;46,82;25,65;Sanayi;Haftasonu ;3;2012
30.03.2012;13,27;22,51;1072,38;57,43;89,55;20,99;25,65;Sanayi;Haftaici;3;2012
29.03.2012;16,45;20,83;1451,92;66,38;168,3;66,61;25,65;Sanayi;Haftaici;3;2012
28.03.2012;14,01;23,59;1285,9;63,39;154,53;59,57;25,65;Sanayi;Haftaici;3;2012
27.03.2012;11,36;18,82;1236,34;61,32;121,97;39,64;25,65;Sanayi;Haftaici;3;2012
26.03.2012;26,54;28,85;897,52;68,13;106,63;25,16;25,65;Sanayi;Haftaici;3;2012
25.03.2012;31,03;25,17;1468,3;64,82;152,19;57,1;25,65;Sanayi;Haftasonu ;3;2012
24.03.2012;37;36,65;1675,64;66,11;171,9;69,14;25,65;Sanayi;Haftasonu ;3;2012
23.03.2012;30,82;20,8;1510,32;59,78;132,2;47,34;25,65;Sanayi;Haftaici;3;2012
22.03.2012;21,25;17,72;1020,17;65,34;121,19;36,5;25,65;Sanayi;Haftaici;3;2012
21.03.2012;29,75;27,84;1310,11;74,24;143,2;45,08;25,65;Sanayi;Haftaici;3;2012
20.03.2012;55,76;36,75;1969,38;82,64;216,59;87,55;18,17;Sanayi;Haftaici;3;2012
19.03.2012;64,52;17,75;1683,48;74,13;161,42;57,05;18,66;Sanayi;Haftaici;3;2012
18.03.2012;34,98;28,37;1095,25;57,92;98,18;26,31;25,65;Sanayi;Haftasonu ;3;2012
17.03.2012;49,39;19,25;1569,87;71,27;147,8;50,02;25,65;Sanayi;Haftasonu ;3;2012
16.03.2012;26,96;13,29;1149,09;59,95;120,46;39,55;25,65;Sanayi;Haftaici;3;2012
15.03.2012;17,89;17,76;1313,64;60,37;125,75;42,73;25,65;Sanayi;Haftaici;3;2012
14.03.2012;12,22;14,25;1220,77;67,38;164,98;63,79;25,65;Sanayi;Haftaici;3;2012
13.03.2012;27,31;19,69;1502,43;56,52;160,17;67,74;25,65;Sanayi;Haftaici;3;2012
12.03.2012;47,13;17,04;2156,04;64,91;178,94;74,53;25,65;Sanayi;Haftaici;3;2012
11.03.2012;37,33;25,34;1250,59;67,93;132,53;42,22;25,65;Sanayi;Haftasonu ;3;2012
10.03.2012;60,94;33,86;1757,78;78,28;209,1;85,5;25,65;Sanayi;Haftasonu ;3;2012
9.03.2012;47,98;20,35;1405,25;70,51;157,33;56,75;25,65;Sanayi;Haftaici;3;2012
8.03.2012;52,44;27,2;1717,97;84,26;143,91;38,99;25,65;Sanayi;Haftaici;3;2012
7.03.2012;35,85;29,26;1178,12;72,82;115,29;27,76;25,65;Sanayi;Haftaici;3;2012
6.03.2012;37,93;11,11;1178,12;88,88;165,71;;25,65;Sanayi;Haftaici;3;2012
4.03.2012;7,01;23,04;1116,53;47,91;81,98;22,27;25,65;Sanayi;Haftasonu ;3;2012
3.03.2012;10,25;16,35;980,42;57,21;114,33;37,34;25,65;Sanayi;Haftasonu ;3;2012
2.03.2012;11,02;25,9;1046,95;62,4;114,16;33,83;25,65;Sanayi;Haftaici;3;2012
1.03.2012;11,98;12,28;1094,12;61,3;125,71;42,1;25,65;Sanayi;Haftaici;3;2012
29.02.2012;13,93;8,16;916,82;55,23;122,93;44,25;;Sanayi;Haftaici;2;2012
28.02.2012;8,4;18,26;1144,72;56,46;149,79;61;;Sanayi;Haftaici;2;2012
27.02.2012;17,01;35,05;1224,69;60,53;117,9;37,5;6,92;Sanayi;Haftaici;2;2012
26.02.2012;29;24,72;1358,89;60,59;132,3;46,86;11,94;Sanayi;Haftasonu ;2;2012
25.02.2012;23,29;22,04;1284,78;69,42;145,33;49,62;10,58;Sanayi;Haftasonu ;2;2012
24.02.2012;58,57;19,55;1650,73;88,61;212,03;80,67;17,73;Sanayi;Haftaici;2;2012
23.02.2012;65,13;42,52;1595,29;94,14;134,22;26,2;24,34;Sanayi;Haftaici;2;2012
22.02.2012;101,73;51,55;2068,45;121,01;219,86;64,61;40,85;Sanayi;Haftaici;2;2012
21.02.2012;180,42;41,7;1811,98;101,1;226,71;82,1;86,12;Sanayi;Haftaici;2;2012
20.02.2012;165;34,1;1990,75;93,97;180,3;56,42;94,45;Sanayi;Haftaici;2;2012
19.02.2012;75,6;28,65;1113,73;67,88;97,84;19,58;;Sanayi;Haftasonu ;2;2012
18.02.2012;77,32;19,85;1357,37;74,14;144,03;45,68;35,57;Sanayi;Haftasonu ;2;2012
17.02.2012;23,83;12,87;987,93;58,36;105,86;31,05;;Sanayi;Haftaici;2;2012
16.02.2012;30,66;15,2;1045,18;62,02;103,39;27,04;;Sanayi;Haftaici;2;2012
15.02.2012;20,8;2,17;1407,6;66,14;132,97;43,68;;Sanayi;Haftaici;2;2012
14.02.2012;114,28;;2313,76;71,55;257,51;121,55;;Sanayi;Haftaici;2;2012
13.02.2012;106,53;20,37;1332,18;78,88;122,98;28,82;63,74;Sanayi;Haftaici;2;2012
12.02.2012;133,54;12,39;1518,34;78,99;139,23;39,38;;Sanayi;Haftasonu ;2;2012
11.02.2012;54,53;4,7;1393,46;63,17;102,94;25,99;;Sanayi;Haftasonu ;2;2012
10.02.2012;60,36;11,61;1308,08;60,57;142,24;53,38;;Sanayi;Haftaici;2;2012
9.02.2012;55,54;11,34;1612,06;59,18;150,11;59,44;;Sanayi;Haftaici;2;2012
8.02.2012;44,78;3,24;1343,71;57,29;159,24;66,64;;Sanayi;Haftaici;2;2012
7.02.2012;86,36;25,04;2016,66;61,18;206,32;94,87;;Sanayi;Haftaici;2;2012
6.02.2012;128,68;10,16;1910,15;87,44;184,98;63,75;;Sanayi;Haftaici;2;2012
5.02.2012;95,74;15,25;1587,05;75,8;132,76;37,23;;Sanayi;Haftasonu ;2;2012
4.02.2012;104,85;38,7;1701,04;85,73;154,33;44,83;;Sanayi;Haftasonu ;2;2012
3.02.2012;137,8;;2100,22;82,39;218,57;89,01;;Sanayi;Haftaici;2;2012
2.02.2012;148,46;18,52;1869,54;75,97;186,97;72,55;91,08;Sanayi;Haftaici;2;2012
1.02.2012;145,54;11,36;1870,32;69,97;218,9;97,34;84,6;Sanayi;Haftaici;2;2012
31.01.2012;63,77;5,05;1381,79;59,66;153,44;61,29;;Sanayi;Haftaici;1;2012
30.01.2012;83,57;5,94;1427,12;61,37;162,66;66,2;;Sanayi;Haftaici;1;2012
29.01.2012;46,52;1,34;1325,94;54,71;100,38;29,85;;Sanayi;Haftasonu ;1;2012
28.01.2012;70,65;5,16;1539,18;63,9;158,67;61,94;;Sanayi;Haftasonu ;1;2012
27.01.2012;18,05;9,91;1147,8;43,84;113,09;45,26;;Sanayi;Haftaici;1;2012
26.01.2012;51,87;;2206,83;47,64;185,13;89,86;;Sanayi;Haftaici;1;2012
25.01.2012;93,12;15,06;2571,56;48,79;243,99;127,59;;Sanayi;Haftaici;1;2012
24.01.2012;102,74;53,71;1738,38;63,89;158,21;61,65;;Sanayi;Haftaici;1;2012
22.01.2012;20,9;10,41;1445,64;47,71;120,58;47,63;;Sanayi;Haftasonu ;1;2012
20.01.2012;70,98;24,89;1247,65;50,86;111,28;39,49;19,72;Sanayi;Haftaici;1;2012
8.01.2012;43,33;12,86;1663,93;45,33;114,03;68,7;14,78;Sanayi;Haftasonu ;1;2012
7.01.2012;47,74;30,47;1266,41;31,05;50,46;19,59;6,32;Sanayi;Haftasonu ;1;2012
6.01.2012;61,62;27,47;1735,28;48,13;100,06;51,95;18,09;Sanayi;Haftaici;1;2012
5.01.2012;70,06;21,31;1222,65;46,52;99,53;53,02;22,08;Sanayi;Haftaici;1;2012
4.01.2012;87,24;23,52;1402,47;49;109,37;60,36;26,45;Sanayi;Haftaici;1;2012
3.01.2012;166,36;17,58;2428,83;65,29;217,66;152,36;48,55;Sanayi;Haftaici;1;2012
2.01.2012;134,72;12,38;2146,97;58,95;166,8;108;32,44;Sanayi;Haftaici;1;2012
1.01.2012;90,39;10,07;2626,37;53,73;219,71;166;26;Sanayi;Haftasonu ;1;2012
31.12.2011;101,13;23,2;1094,28;52,65;142,05;89,45;28,95;Sanayi;Haftasonu ;12;2011
30.12.2011;143,38;18,1;2400,72;52,6;180,66;128,05;39,11;Sanayi;Haftaici;12;2011
29.12.2011;85,71;11,93;1440,21;58,31;166,7;108,44;22,95;Sanayi;Haftaici;12;2011
28.12.2011;110,48;9,45;1515,51;57,78;187,45;129,67;28,36;Sanayi;Haftaici;12;2011
27.12.2011;78,54;13,52;1908,68;56,64;168,29;111,65;16,35;Sanayi;Haftaici;12;2011
26.12.2011;54,51;14,27;1323,57;47,32;141,79;94,53;11,33;Sanayi;Haftaici;12;2011
25.12.2011;60,02;8,84;1046,04;38,64;102,11;63,54;12,86;Sanayi;Haftasonu ;12;2011
24.12.2011;37,8;6,08;1461,01;43,55;120,94;77,52;10,77;Sanayi;Haftasonu ;12;2011
23.12.2011;39,04;8,07;1024,9;46,57;121,48;74,91;10,75;Sanayi;Haftaici;12;2011
22.12.2011;78,04;26,63;1626,03;54,91;168,09;113,21;18,36;Sanayi;Haftaici;12;2011
21.12.2011;77,26;18,64;1921,51;62,54;187,77;125,23;15,79;Sanayi;Haftaici;12;2011
20.12.2011;62,93;30,62;1341,65;56,66;123,57;66,9;14,09;Sanayi;Haftaici;12;2011
19.12.2011;74,71;35,25;1369,58;50,02;113,19;63,17;16,16;Sanayi;Haftaici;12;2011
18.12.2011;25,33;38,96;1288,5;36,06;65,71;29,69;7,11;Sanayi;Haftasonu ;12;2011
17.12.2011;30,58;25,64;818,43;48,11;97,68;49,69;10,98;Sanayi;Haftasonu ;12;2011
16.12.2011;119,32;32,36;1896,99;55,96;166,04;110,18;33,88;Sanayi;Haftaici;12;2011
15.12.2011;200,39;42,16;2671,86;76,96;260,18;183,27;49,07;Sanayi;Haftaici;12;2011
14.12.2011;194,43;44,07;2786,78;76,58;267,24;190,66;43,68;Sanayi;Haftaici;12;2011
13.12.2011;170,09;36,13;2252,37;66,98;190,45;123,47;39,07;Sanayi;Haftaici;12;2011
12.12.2011;241,47;31,61;3336,01;81,89;318,92;237,02;50,95;Sanayi;Haftaici;12;2011
11.12.2011;92;35,45;1834,72;63,52;209,34;145,82;19,13;Sanayi;Haftasonu ;12;2011
10.12.2011;115,27;24,65;1734,16;57,11;168,64;111,6;24,66;Sanayi;Haftasonu ;12;2011
9.12.2011;80,93;20,69;1723,31;58,56;173,85;115,3;12,61;Sanayi;Haftaici;12;2011
8.12.2011;43,99;11,89;1559,75;57,25;171,58;114,34;11,49;Sanayi;Haftaici;12;2011
7.12.2011;110,48;28,89;2214,32;61,08;233,34;172,3;44;Sanayi;Haftaici;12;2011
6.12.2011;170,5;64,38;2173,06;100,83;408,5;307,67;97,87;Sanayi;Haftaici;12;2011
5.12.2011;224,8;56,44;2971,79;98,61;403,48;304,87;162,51;Sanayi;Haftaici;12;2011
4.12.2011;287,2;58,53;3218,93;103,75;437,81;334,05;191,35;Sanayi;Haftasonu ;12;2011
3.12.2011;267,33;56,56;2941,96;100,05;400,38;300,33;180,93;Sanayi;Haftasonu ;12;2011
2.12.2011;225,44;51,59;2726,61;101,26;353,37;252,11;149,28;Sanayi;Haftaici;12;2011
1.12.2011;264,63;62,66;3334,21;100,73;420,65;319,92;172,67;Sanayi;Haftaici;12;2011
30.11.2011;232,52;46,64;2984,75;97,35;392,14;294,79;165,12;Sanayi;Haftaici;11;2011
29.11.2011;207,78;37,67;2659,02;84,97;309,93;224,96;123,3;Sanayi;Haftaici;11;2011
28.11.2011;266,1;42,33;2736,44;105,94;330,32;224,38;129,91;Sanayi;Haftaici;11;2011
27.11.2011;230,96;49,98;2519,56;88,02;266,08;178,06;117,63;Sanayi;Haftasonu ;11;2011
26.11.2011;;36,68;3068,36;114,21;398,91;284,7;140,86;Sanayi;Haftasonu ;11;2011
25.11.2011;248,04;28,51;2469,18;98,86;307,08;208,22;109,43;Sanayi;Haftaici;11;2011
24.11.2011;188,17;22,79;2316,18;91,51;274,92;183,41;90,46;Sanayi;Haftaici;11;2011
23.11.2011;182,79;22,47;3296,83;57,23;156,63;99,39;92,35;Sanayi;Haftaici;11;2011
22.11.2011;267,35;25,92;3916,24;10,11;64,78;54,66;134,01;Sanayi;Haftaici;11;2011
21.11.2011;297,84;21,21;4497,62;9,88;60,14;50,32;155,06;Sanayi;Haftaici;11;2011
20.11.2011;169,94;17,87;3311,53;6,75;43,3;36,55;84,46;Sanayi;Haftasonu ;11;2011
19.11.2011;141,3;14,03;3436,1;7,33;33,61;33,28;71,76;Sanayi;Haftasonu ;11;2011
18.11.2011;92,34;11,78;2498,52;5,83;24,07;18,23;35,58;Sanayi;Haftaici;11;2011
17.11.2011;145,17;10,48;2733,3;7,87;28,67;20,8;51,13;Sanayi;Haftaici;11;2011
16.11.2011;119,88;4,93;1654,42;6,62;31,38;24,76;48,67;Sanayi;Haftaici;11;2011
15.11.2011;113,58;5,39;1954,29;8,12;27,76;19,63;50,76;Sanayi;Haftaici;11;2011
14.11.2011;105,02;5,65;1512,06;7,7;23,98;16,28;46,92;Sanayi;Haftaici;11;2011
13.11.2011;66,92;3,59;1000,38;5,27;18,47;13,19;33,44;Sanayi;Haftasonu ;11;2011
12.11.2011;67,34;1,55;1772,88;5,44;18,41;12,97;26,16;Sanayi;Haftasonu ;11;2011
11.11.2011;57,13;4,58;1234,69;6,85;22,67;15,82;34,34;Sanayi;Haftaici;11;2011
10.11.2011;130,88;3,67;1591,51;8,35;31,71;23,37;56,91;Sanayi;Haftaici;11;2011
9.11.2011;297,71;6,99;3279,03;7,05;52,87;45,83;119,4;Sanayi;Haftaici;11;2011
8.11.2011;191,55;4,52;1918,82;6,96;28,45;21,49;81,7;Sanayi;Haftaici;11;2011
7.11.2011;100,84;2,51;1257,57;6,3;21,28;14,97;46,39;Sanayi;Haftaici;11;2011
6.11.2011;163,41;1,44;1925,62;7,11;25,91;18,8;67,31;Sanayi;Haftasonu ;11;2011
5.11.2011;220,17;3,76;2396,63;6,69;35,27;28,58;80,39;Sanayi;Haftasonu ;11;2011
4.11.2011;119,13;5,02;1585,82;7,81;29,74;21,93;49,45;Sanayi;Haftaici;11;2011
3.11.2011;126,45;1,67;1917;7,88;29,13;21,24;48,17;Sanayi;Haftaici;11;2011
2.11.2011;158,94;1,93;1952,28;10,14;31,49;21,35;50,21;Sanayi;Haftaici;11;2011
1.11.2011;289,25;4,32;2868,15;8,67;43,49;34,81;101,4;Sanayi;Haftaici;11;2011
31.10.2011;258,33;3,85;2240,87;7,63;33,33;25,7;84,2;Sanayi;Haftaici;10;2011
30.10.2011;210,58;2,85;2081,56;5,84;24,45;18,61;93,66;Sanayi;Haftasonu ;10;2011
29.10.2011;163,56;4,3;1843,73;6,15;21,67;15,52;68,25;Sanayi;Haftasonu ;10;2011
28.10.2011;133,36;6,67;1837,52;24,28;64,57;40,29;51,22;Sanayi;Haftaici;10;2011
27.10.2011;191,8;11,48;2115,47;77,48;227,74;150,26;67,29;Sanayi;Haftaici;10;2011
26.10.2011;120,21;20,02;1025,98;71,89;172,38;100,5;38,36;Sanayi;Haftaici;10;2011
25.10.2011;155,25;19,53;1605,08;87,11;201,21;114,09;69,04;Sanayi;Haftaici;10;2011
24.10.2011;141,25;19,58;1461,14;82,37;198,46;116,09;41,65;Sanayi;Haftaici;10;2011
23.10.2011;110,3;26,05;1253,19;74,1;168,52;94,43;44,72;Sanayi;Haftasonu ;10;2011
22.10.2011;288,77;23,27;2649,51;99,66;354,8;255,14;;Sanayi;Haftasonu ;10;2011
21.10.2011;362,81;20,67;2897,64;119,28;366,6;247,32;;Sanayi;Haftaici;10;2011
20.10.2011;263,62;20,79;2096,55;105,21;314,23;209,02;70;Sanayi;Haftaici;10;2011
19.10.2011;148,01;11,75;1493,29;75,41;211,64;136,23;28,26;Sanayi;Haftaici;10;2011
18.10.2011;73,04;6,22;581,68;50,87;119,15;68,27;;Sanayi;Haftaici;10;2011
17.10.2011;;;;;;;;Sanayi;Haftaici;10;2011
11.10.2011;158;9,59;1517,34;80,13;234,07;153,93;60,53;Sanayi;Haftaici;10;2011
10.10.2011;55,81;4,96;453,78;42,09;65,96;23,87;21,3;Sanayi;Haftaici;10;2011
9.10.2011;153,76;10,24;850,17;52,57;122,38;69,81;37,17;Sanayi;Haftasonu ;10;2011
8.10.2011;170,49;18,55;1657,22;100,94;262,33;161,39;45,68;Sanayi;Haftasonu ;10;2011
7.10.2011;247,59;25,44;2417;138,16;417,86;279,7;76,66;Sanayi;Haftaici;10;2011
2.10.2011;73,77;14,42;775,79;69,48;152,7;83,57;27,79;Sanayi;Haftasonu ;10;2011
1.10.2011;109,26;14,6;1336,18;83,96;229,15;145,46;35,33;Sanayi;Haftasonu ;10;2011
30.09.2011;54,6;6,27;621,41;69,61;166,79;97,95;23,47;Sanayi;Haftaici;9;2011
29.09.2011;69,6;7,28;707,78;86,4;175,35;89,82;25,4;Sanayi;Haftaici;9;2011
28.09.2011;89,79;8,53;847,42;85,18;173,88;89,26;32,38;Sanayi;Haftaici;9;2011
27.09.2011;80,26;7,15;812,09;76,28;145,89;70,21;29,3;Sanayi;Haftaici;9;2011
23.09.2011;89,18;5,82;943,66;86,7;186,95;100,64;33,03;Sanayi;Haftaici;9;2011
22.09.2011;140,24;9,47;736,64;84,7;157,26;72,73;36,48;Sanayi;Haftaici;9;2011
21.09.2011;116,88;12,72;934,91;107,86;177,5;69,82;35,09;Sanayi;Haftaici;9;2011
20.09.2011;134,9;20,96;1108,83;110,25;252,56;142,51;39,31;Sanayi;Haftaici;9;2011
19.09.2011;92,5;9,27;848,76;106,84;183,27;76,69;32,58;Sanayi;Haftaici;9;2011
18.09.2011;68,33;10,55;840,51;66,1;118,21;52,43;24,62;Sanayi;Haftasonu ;9;2011
17.09.2011;79,03;8,59;554,33;82,22;149,11;67,17;33,73;Sanayi;Haftasonu ;9;2011
16.09.2011;117,56;6,36;1111,49;87,53;176,03;88,87;45,07;Sanayi;Haftaici;9;2011
15.09.2011;92,99;7,97;1084,66;107,78;216,76;109,21;35,78;Sanayi;Haftaici;9;2011
14.09.2011;80,17;9,11;718,25;79,8;183,9;104,45;30,42;Sanayi;Haftaici;9;2011
13.09.2011;80,36;8,07;1061,62;80,96;194,02;113,49;33,5;Sanayi;Haftaici;9;2011
12.09.2011;73,64;3,91;672,51;79,18;156,58;77,71;23,54;Sanayi;Haftaici;9;2011
11.09.2011;70,13;7,05;699,5;71,66;122,99;51,84;36,75;Sanayi;Haftasonu ;9;2011
10.09.2011;94,04;18,8;955,01;85,27;167,74;82,9;32,77;Sanayi;Haftasonu ;9;2011
9.09.2011;107,05;26,93;772,93;98,08;180,87;83,36;36,85;Sanayi;Haftaici;9;2011
8.09.2011;224,62;16,39;1869,44;128,86;312,03;183,56;38,01;Sanayi;Haftaici;9;2011
7.09.2011;58,9;4,08;755,89;95,32;164,43;69,6;38,01;Sanayi;Haftaici;9;2011
6.09.2011;51,57;7,54;753,46;100,06;162,79;63,11;26,4;Sanayi;Haftaici;9;2011
5.09.2011;53,06;4,65;791,18;96,37;178,74;82,88;31,58;Sanayi;Haftaici;9;2011
4.09.2011;37,7;4,82;484,15;62,82;118,21;56,08;27,82;Sanayi;Haftasonu ;9;2011
3.09.2011;51,64;5,66;658,93;74,97;120,3;45,96;31,58;Sanayi;Haftasonu ;9;2011
2.09.2011;43,57;4,58;542,25;73,73;118,34;45,09;26,96;Sanayi;Haftaici;9;2011
1.09.2011;41,06;6,67;719,83;71,17;109,71;39,29;30,59;Sanayi;Haftaici;9;2011
31.08.2011;35,29;14,76;534,28;67,45;106,29;39,36;;Sanayi;Haftaici;8;2011
30.08.2011;54,5;2,49;571,25;62,11;87,54;26,06;31,21;Sanayi;Haftaici;8;2011
29.08.2011;49,04;2,73;1198,83;85,4;176,6;91,72;26,99;Sanayi;Haftaici;8;2011
28.08.2011;29,88;5,25;477,77;62,05;100,77;39,33;;Sanayi;Haftasonu ;8;2011
27.08.2011;40,49;4,5;418,38;77,52;129,2;52,37;25,86;Sanayi;Haftasonu ;8;2011
26.08.2011;134,09;1,41;494,58;77,38;136,67;59,87;23,19;Sanayi;Haftaici;8;2011
25.08.2011;43,92;6,02;800,12;87,92;175,29;89,04;24,18;Sanayi;Haftaici;8;2011
24.08.2011;40,92;5,15;579,92;78,94;161,7;83,97;22,51;Sanayi;Haftaici;8;2011
23.08.2011;56,89;;861,21;74,32;144,9;71,37;27,14;Sanayi;Haftaici;8;2011
22.08.2011;73,61;5,44;642,95;72,23;144,61;73,36;23,2;Sanayi;Haftaici;8;2011
21.08.2011;55,43;3,45;527,71;60,23;110,9;51,77;24,14;Sanayi;Haftasonu ;8;2011
20.08.2011;66,66;5,68;626,1;64,79;106,4;42,22;27,42;Sanayi;Haftasonu ;8;2011
19.08.2011;85,91;6,03;822,94;77,8;170,64;94,01;20,32;Sanayi;Haftaici;8;2011
18.08.2011;104,11;5,21;1003,2;77,39;154,4;78,3;41,55;Sanayi;Haftaici;8;2011
17.08.2011;82,15;8,17;766,88;74,86;139,62;65,44;27,83;Sanayi;Haftaici;8;2011
16.08.2011;;14,39;738,82;83,25;148,57;66,2;;Sanayi;Haftaici;8;2011
15.08.2011;;;;;;;;Sanayi;Haftaici;8;2011
14.08.2011;114,7;3,78;513,41;60,55;105,13;44,93;29,41;Sanayi;Haftasonu ;8;2011
13.08.2011;94,19;2,73;729,37;65,79;133,56;68,52;30,7;Sanayi;Haftasonu ;8;2011
12.08.2011;63,62;7;713,15;71,9;136,74;65,72;29,48;Sanayi;Haftaici;8;2011
11.08.2011;89,76;5,24;675,19;73,5;135,18;62,58;44,68;Sanayi;Haftaici;8;2011
10.08.2011;47,12;5,97;773,08;87,63;146,22;58,82;;Sanayi;Haftaici;8;2011
9.08.2011;51,48;8,05;776,35;97,78;159,78;62,56;30,93;Sanayi;Haftaici;8;2011
8.08.2011;54,4;2,6;868,46;99,62;180,75;81,46;29,16;Sanayi;Haftaici;8;2011
7.08.2011;28,16;3,88;440;46,49;81,77;35,6;;Sanayi;Haftasonu ;8;2011
6.08.2011;36,4;6,51;529,72;53,46;99,74;47,04;22,79;Sanayi;Haftasonu ;8;2011
5.08.2011;38,76;5,01;732,58;62,41;131,68;69,76;;Sanayi;Haftaici;8;2011
4.08.2011;39,59;5,29;689,16;59,15;132,64;75,15;;Sanayi;Haftaici;8;2011
3.08.2011;46,39;3,21;777,55;66,32;146,84;81,16;25,06;Sanayi;Haftaici;8;2011
2.08.2011;51,42;4,09;674,44;59,21;112,59;53,59;34,6;Sanayi;Haftaici;8;2011
1.08.2011;81,78;1,9;1101,62;88,92;152,12;63,95;26,59;Sanayi;Haftaici;8;2011
29.07.2011;67,22;6,3;1123,69;111,59;182,32;71,19;31,19;Sanayi;Haftaici;7;2011
28.07.2011;58,1;5,45;925,09;77,02;156,82;80,9;23,3;Sanayi;Haftaici;7;2011
27.07.2011;72,02;6,93;986,23;95,66;165,82;70,93;43,19;Sanayi;Haftaici;7;2011
26.07.2011;74,6;11,62;1238,94;99,95;194,81;95,38;;Sanayi;Haftaici;7;2011
25.07.2011;64,59;5,81;542,37;71,14;132,33;61,64;;Sanayi;Haftaici;7;2011
24.07.2011;40,96;7,49;455,55;59,24;92,36;33,47;;Sanayi;Haftasonu ;7;2011
23.07.2011;38,09;5,86;832,2;63;135,12;72,85;;Sanayi;Haftasonu ;7;2011
22.07.2011;60,39;5,94;795,53;76,41;143,37;67,66;38,01;Sanayi;Haftaici;7;2011
21.07.2011;94,43;11,35;982,11;;;;38,16;Sanayi;Haftaici;7;2011
20.07.2011;65,73;8,28;933,33;91,03;166,91;76,64;38,19;Sanayi;Haftaici;7;2011
19.07.2011;52,86;5,7;888,47;67,48;148,59;82,05;39,24;Sanayi;Haftaici;7;2011
18.07.2011;49,16;9,15;663,14;67,16;124,52;57,55;32,1;Sanayi;Haftaici;7;2011
17.07.2011;43,3;6,46;913,13;55,95;106,89;51,5;;Sanayi;Haftasonu ;7;2011
16.07.2011;42,91;2,89;757,17;64,26;125,52;62;30,82;Sanayi;Haftasonu ;7;2011
15.07.2011;36,76;3,64;809,93;68,78;137,23;69,08;;Sanayi;Haftaici;7;2011
14.07.2011;47,14;3,61;957,66;68,27;148,9;82,16;;Sanayi;Haftaici;7;2011
13.07.2011;38,11;5,55;763,55;61,87;140,4;79,91;;Sanayi;Haftaici;7;2011
12.07.2011;31,42;2,31;678,94;50,26;111,51;62,52;;Sanayi;Haftaici;7;2011
11.07.2011;38,44;4,97;793,26;72,29;150,34;79,05;22,44;Sanayi;Haftaici;7;2011
10.07.2011;23,88;4,76;655,65;46,91;97,7;51,5;;Sanayi;Haftasonu ;7;2011
9.07.2011;36,43;4,46;903,21;60,59;132,15;72,76;;Sanayi;Haftasonu ;7;2011
8.07.2011;45,22;6,49;642,56;85,9;145,55;60,12;31;Sanayi;Haftaici;7;2011
7.07.2011;54,1;9,01;1071,22;86,46;174,05;88,02;;Sanayi;Haftaici;7;2011
6.07.2011;47,29;7,9;838,16;75,75;131,4;56,19;;Sanayi;Haftaici;7;2011
5.07.2011;32,71;10,75;805;87,49;165,82;79,33;;Sanayi;Haftaici;7;2011
4.07.2011;45,42;12,61;830,27;78,23;146,56;68,53;36,32;Sanayi;Haftaici;7;2011
3.07.2011;43,78;13,7;634,28;68,51;118,46;50,58;;Sanayi;Haftasonu ;7;2011
2.07.2011;49,35;6,15;967,31;65,52;135,55;70,81;29,44;Sanayi;Haftasonu ;7;2011
1.07.2011;56,52;20,42;859,29;84,32;153,82;70,27;37,13;Sanayi;Haftaici;7;2011
30.06.2011;76,74;11,22;1236,6;90,82;232,1;143,35;39,01;Sanayi;Haftaici;6;2011
29.06.2011;;8,33;800,22;78,06;153,32;76,09;29,34;Sanayi;Haftaici;6;2011
28.06.2011;;11,12;801,18;70,63;141,7;71,77;;Sanayi;Haftaici;6;2011
27.06.2011;;4,74;599,24;59,55;134,22;76;;Sanayi;Haftaici;6;2011
26.06.2011;28,41;6,75;634,85;53,87;103,85;50,97;;Sanayi;Haftasonu ;6;2011
25.06.2011;69,25;20,14;1287,24;108,57;215,33;107,29;37,28;Sanayi;Haftasonu ;6;2011
24.06.2011;67,22;9,1;926,93;79,9;164,28;84,92;35,04;Sanayi;Haftaici;6;2011
23.06.2011;40,77;5,81;816,94;64,21;141,21;77,8;;Sanayi;Haftaici;6;2011
22.06.2011;38,92;7,34;820,53;;;;;Sanayi;Haftaici;6;2011
21.06.2011;52,88;5,88;778,94;67,83;152,47;85,98;30,53;Sanayi;Haftaici;6;2011
20.06.2011;57,42;26,74;817,74;88,56;170,28;82,44;34,85;Sanayi;Haftaici;6;2011
19.06.2011;43,28;1,31;869,99;57,95;111,21;53,59;34,28;Sanayi;Haftasonu ;6;2011
18.06.2011;31,1;4,19;815,8;61,55;128,6;67,87;;Sanayi;Haftasonu ;6;2011
17.06.2011;52,97;5,36;1098,38;79,2;165,02;86,53;40,37;Sanayi;Haftaici;6;2011
16.06.2011;54,8;5,64;1163,61;88,36;198,97;110,82;29,63;Sanayi;Haftaici;6;2011
12.06.2011;31,8;5,15;243,4;;;;;Sanayi;Haftasonu ;6;2011
11.06.2011;42,9;11,58;779,97;67;137,24;71,68;;Sanayi;Haftasonu ;6;2011
10.06.2011;59,08;7,14;1280,45;84,63;167,87;83,98;41,05;Sanayi;Haftaici;6;2011
9.06.2011;93,07;16,18;947,63;;;;34,95;Sanayi;Haftaici;6;2011
8.06.2011;66,12;25,23;922,93;97,81;189,52;92,57;33,39;Sanayi;Haftaici;6;2011
7.06.2011;;10,36;979,79;81,78;154,9;73,76;;Sanayi;Haftaici;6;2011
6.06.2011;62,18;8,49;1134,14;86,86;173,05;86,84;45,07;Sanayi;Haftaici;6;2011
5.06.2011;;5,61;697,86;60,95;121,39;60,99;;Sanayi;Haftasonu ;6;2011
4.06.2011;54,57;7,69;779,83;66,27;146,91;81,62;;Sanayi;Haftasonu ;6;2011
3.06.2011;;10,38;768,45;68,85;154,75;86,96;;Sanayi;Haftaici;6;2011
2.06.2011;49,46;6,76;923,07;77,78;142,65;64,9;;Sanayi;Haftaici;6;2011
1.06.2011;63,66;7,69;943,27;97,73;176,23;78,38;;Sanayi;Haftaici;6;2011
31.05.2011;52,5;7,16;786,08;75,22;147,01;72,17;30,65;Sanayi;Haftaici;5;2011
30.05.2011;;9,31;899,2;70,63;139,13;69,08;;Sanayi;Haftaici;5;2011
29.05.2011;66,88;6,71;985,7;63,98;132,62;69,47;29,44;Sanayi;Haftasonu ;5;2011
28.05.2011;49,43;5,95;1088,74;85,12;185,5;100,85;35,62;Sanayi;Haftasonu ;5;2011
27.05.2011;37,45;5,45;656,72;58,82;113,88;55,65;;Sanayi;Haftaici;5;2011
26.05.2011;69,06;10,47;1228,75;89,25;195,76;107,17;45,17;Sanayi;Haftaici;5;2011
25.05.2011;75,42;11,29;1229,51;85,51;183,69;98,21;42,3;Sanayi;Haftaici;5;2011
24.05.2011;47,58;2,75;854,31;59,34;138,58;80,18;;Sanayi;Haftaici;5;2011
23.05.2011;46,27;8,49;695,29;61,49;119,82;59,02;;Sanayi;Haftaici;5;2011
22.05.2011;31,59;7,5;909,83;60,22;131,62;71,94;;Sanayi;Haftasonu ;5;2011
21.05.2011;39,51;12,08;815,36;73,53;142,64;69,79;;Sanayi;Haftasonu ;5;2011
20.05.2011;41,25;7,93;1087,6;;;;;Sanayi;Haftaici;5;2011
19.05.2011;64,13;7,19;897,83;75,61;142,11;67,52;33,12;Sanayi;Haftaici;5;2011
18.05.2011;50,24;8,96;818,59;80,87;146,88;66,7;;Sanayi;Haftaici;5;2011
17.05.2011;54,69;12,6;864,76;65,24;124,9;60,5;;Sanayi;Haftaici;5;2011
16.05.2011;45,28;10,15;856,47;74,9;160,64;86,64;;Sanayi;Haftaici;5;2011
15.05.2011;91,89;6,58;1202,57;61,33;127,15;66,87;42,22;Sanayi;Haftasonu ;5;2011
14.05.2011;99,74;7,55;1118,93;77,21;181,03;105,14;39,92;Sanayi;Haftasonu ;5;2011
12.05.2011;34,79;6,39;1237,95;98,32;185,77;87,58;;Sanayi;Haftaici;5;2011
11.05.2011;42,62;6,58;1232,84;92,37;179;87,13;;Sanayi;Haftaici;5;2011
10.05.2011;52,17;8,57;1100,15;85,88;188,1;103,36;29,47;Sanayi;Haftaici;5;2011
9.05.2011;50,12;11,78;938,75;82,51;163,63;81,52;;Sanayi;Haftaici;5;2011
8.05.2011;39,01;8,94;968,23;66,62;133,85;68,37;;Sanayi;Haftasonu ;5;2011
7.05.2011;34,88;5,82;602,69;46,39;89,6;43,96;;Sanayi;Haftasonu ;5;2011
6.05.2011;37,14;8,55;1023,47;68,27;174,09;106,74;;Sanayi;Haftaici;5;2011
5.05.2011;45,95;7,54;1121,53;67,69;168,83;101,77;30,64;Sanayi;Haftaici;5;2011
4.05.2011;68,45;6,67;897,23;;;;34,22;Sanayi;Haftaici;5;2011
3.05.2011;71,27;12,48;1030,15;75,16;156,41;82,37;34,73;Sanayi;Haftaici;5;2011
2.05.2011;98,67;8,49;1116,53;75,32;159,46;85,08;47,91;Sanayi;Haftaici;5;2011
29.04.2011;86,54;12,2;1459,02;79,15;182,21;103,57;48;Sanayi;Haftaici;4;2011
28.04.2011;86,28;10,68;870,92;71,8;138,47;67,47;42,02;Sanayi;Haftaici;4;2011
27.04.2011;50,79;12,11;762,8;58,09;110,61;53,27;;Sanayi;Haftaici;4;2011
26.04.2011;72,42;18,35;1278,51;93,84;197,52;104,66;44,94;Sanayi;Haftaici;4;2011
25.04.2011;78,65;11;1100,63;73,07;185,81;113,73;35,98;Sanayi;Haftaici;4;2011
24.04.2011;45,79;8,87;1323,53;80,3;184,13;104,69;;Sanayi;Haftasonu ;4;2011
23.04.2011;140,84;14,72;871,57;69,12;148,11;80,32;47,56;Sanayi;Haftasonu ;4;2011
22.04.2011;88,93;23,64;1559,25;79,5;213,07;134,42;44,99;Sanayi;Haftaici;4;2011
20.04.2011;44,03;12,36;1036,69;83,16;182,08;100,16;;Sanayi;Haftaici;4;2011
19.04.2011;68,64;8,86;1433,81;99,82;235,45;136,4;;Sanayi;Haftaici;4;2011
18.04.2011;93,82;10,09;1801,14;74,28;227,68;154,07;76,68;Sanayi;Haftaici;4;2011
17.04.2011;121,53;19,13;1633,77;76,55;182,52;106,38;85,87;Sanayi;Haftasonu ;4;2011
16.04.2011;64,8;13,33;1293,64;94,97;191,26;97,25;38,86;Sanayi;Haftasonu ;4;2011
15.04.2011;74,91;19,69;1376,64;86,3;205,84;121,39;40,64;Sanayi;Haftaici;4;2011
14.04.2011;;5,48;842,47;60,8;122,68;62,83;33,87;Sanayi;Haftaici;4;2011
13.04.2011;;10,82;1091,52;;;;31,12;Sanayi;Haftaici;4;2011
12.04.2011;38,52;9,98;886,65;;;;24,81;Sanayi;Haftaici;4;2011
11.04.2011;37,8;8,89;894,57;62,72;137,21;75,83;;Sanayi;Haftaici;4;2011
10.04.2011;39,24;6,34;595,66;54,72;106,95;53;;Sanayi;Haftasonu ;4;2011
9.04.2011;41,3;10,5;887,59;;;;27,71;Sanayi;Haftasonu ;4;2011
8.04.2011;32,82;11,4;943,52;63,28;130,42;68,89;;Sanayi;Haftaici;4;2011
7.04.2011;57,51;9,14;1179,03;88,58;200,12;112,83;;Sanayi;Haftaici;4;2011
6.04.2011;64,79;11,78;1310,81;83,2;203,39;121,18;34,41;Sanayi;Haftaici;4;2011
5.04.2011;85,57;14,48;1236,59;86,82;207,24;120,47;40,16;Sanayi;Haftaici;4;2011
4.04.2011;78,96;12,02;1449,83;84,49;211,47;127,63;50,11;Sanayi;Haftaici;4;2011
3.04.2011;36,1;8;564,48;36,55;63,38;27,08;;Sanayi;Haftasonu ;4;2011
2.04.2011;62,51;10,63;847,07;57,76;101,58;43,87;38,94;Sanayi;Haftasonu ;4;2011
1.04.2011;98,27;17,88;1569,97;81,63;192,39;111,1;52,06;Sanayi;Haftaici;4;2011
31.03.2011;81,63;22,9;1579,11;237,11;353,34;116,57;51,45;Sanayi;Haftaici;3;2011
30.03.2011;95,55;16,53;2090,44;458,21;580,76;122,64;55,86;Sanayi;Haftaici;3;2011
29.03.2011;94,46;21,52;2056,67;415,43;520,8;105,38;56,48;Sanayi;Haftaici;3;2011
28.03.2011;65,73;10,76;1723,87;427,1;543,06;116,1;36,26;Sanayi;Haftaici;3;2011
27.03.2011;75,66;14,12;1435,61;95;163,13;68,47;41,19;Sanayi;Haftasonu ;3;2011
26.03.2011;82,7;14,89;1555,96;110,4;197,18;86,91;46,89;Sanayi;Haftasonu ;3;2011
25.03.2011;90,25;20,08;1562,3;116,72;198,23;81,74;54,98;Sanayi;Haftaici;3;2011
24.03.2011;79,25;14,45;1340,05;106,76;183,59;76,87;48,03;Sanayi;Haftaici;3;2011
23.03.2011;74,26;7,59;936,1;82,92;124,42;41,25;47,6;Sanayi;Haftaici;3;2011
22.03.2011;95,66;12,59;1203;100,49;178,39;77,84;48,27;Sanayi;Haftaici;3;2011
21.03.2011;96,75;9,96;1193,47;102,47;177,06;74,47;35,31;Sanayi;Haftaici;3;2011
20.03.2011;64,02;13,14;1206,36;90,45;143,85;53,89;39,78;Sanayi;Haftasonu ;3;2011
19.03.2011;138,52;14,94;1579,67;100,63;179,99;79,58;67,83;Sanayi;Haftasonu ;3;2011
18.03.2011;59,44;11,11;1878,07;96,2;168,54;72,44;39,55;Sanayi;Haftaici;3;2011
16.03.2011;262,41;11,11;1908,18;144,81;288,99;143,9;96,91;Sanayi;Haftaici;3;2011
15.03.2011;158,91;11,11;1818,97;121,21;187,94;66,92;69,29;Sanayi;Haftaici;3;2011
14.03.2011;136,22;30,24;1687,71;143,3;209,78;66,67;78,9;Sanayi;Haftaici;3;2011
13.03.2011;130,79;42,25;1808,65;88,88;165,71;74,94;94,01;Sanayi;Haftasonu ;3;2011
12.03.2011;124,5;43,93;1624,91;88,88;165,71;74,94;104,25;Sanayi;Haftasonu ;3;2011
11.03.2011;85,39;53,79;1410,4;88,88;165,71;74,94;59,42;Sanayi;Haftaici;3;2011
10.03.2011;37,93;30,32;878,8;88,88;165,71;74,94;25,65;Sanayi;Haftaici;3;2011
9.03.2011;34;16,08;880,66;102,32;150,17;48,2;25,65;Sanayi;Haftaici;3;2011
8.03.2011;33,38;8,75;953,45;75,65;121,91;46,82;25,65;Sanayi;Haftaici;3;2011
7.03.2011;58,16;8,53;1246,48;88,88;165,71;74,94;32,25;Sanayi;Haftaici;3;2011
6.03.2011;67,58;15,4;1923,82;88,88;165,71;74,94;25,65;Sanayi;Haftasonu ;3;2011
5.03.2011;90,95;11,11;1552,26;88,88;165,71;74,94;60,09;Sanayi;Haftasonu ;3;2011
4.03.2011;81,27;39,5;1603,71;88,88;165,71;74,94;40,56;Sanayi;Haftaici;3;2011
3.03.2011;119,62;27,78;2043,85;160,11;293,4;133,36;75,15;Sanayi;Haftaici;3;2011
2.03.2011;65,66;33,19;1419,12;120,95;217,87;96,76;37,6;Sanayi;Haftaici;3;2011
1.03.2011;71,05;20,25;1452,19;143,15;271,61;128,63;41,43;Sanayi;Haftaici;3;2011
28.02.2011;72,96;15,74;1665,94;112,63;241,38;97,47;45,59;Sanayi;Haftaici;2;2011
26.02.2011;54,36;11,75;1154,34;131,29;242,04;110,82;;Sanayi;Haftasonu ;2;2011
25.02.2011;96,13;18,27;1185,06;118,52;195,08;76,6;39,4;Sanayi;Haftaici;2;2011
24.02.2011;91,85;16,28;1254,57;102,35;174,13;71,93;45,75;Sanayi;Haftaici;2;2011
23.02.2011;75,88;9,97;2940,02;;;;;Sanayi;Haftaici;2;2011
18.02.2011;6,08;25,09;2651,66;60,45;129,86;70,53;;Sanayi;Haftaici;2;2011
17.02.2011;;22,41;2320,42;68,07;140,76;73,73;;Sanayi;Haftaici;2;2011
16.02.2011;95,68;14,38;2281,62;72,18;158,56;87,38;50,89;Sanayi;Haftaici;2;2011
15.02.2011;72,36;12,57;2216,56;65,59;131,91;67,27;53,51;Sanayi;Haftaici;2;2011
14.02.2011;71,73;21,06;2177,32;68,55;135,93;68,25;40,99;Sanayi;Haftaici;2;2011
13.02.2011;62,03;19,23;2166,77;55,84;120,18;65,46;37,05;Sanayi;Haftasonu ;2;2011
12.02.2011;62,54;19,66;2053,42;69,14;142,49;74,41;33,8;Sanayi;Haftasonu ;2;2011
11.02.2011;71,17;16,39;2234,02;68,51;134,19;66,81;37,41;Sanayi;Haftaici;2;2011
10.02.2011;64,55;13,7;1758,79;60,75;107,92;47,9;32,07;Sanayi;Haftaici;2;2011
9.02.2011;130,51;24,25;2651,14;77,1;173,62;97,53;64,2;Sanayi;Haftaici;2;2011
8.02.2011;124,17;25,92;2669,47;74,4;151,15;77,86;74,97;Sanayi;Haftaici;2;2011
7.02.2011;221,69;37,29;3664,16;102,29;225,13;123,42;134,02;Sanayi;Haftaici;2;2011
6.02.2011;121,5;25,71;2623,95;77,35;153,39;77,01;68,19;Sanayi;Haftasonu ;2;2011
5.02.2011;127,39;23,22;2418,77;81,96;143,8;62,9;76,6;Sanayi;Haftasonu ;2;2011
4.02.2011;140,23;21,41;2347,26;71,72;121,65;50,98;100,93;Sanayi;Haftaici;2;2011
3.02.2011;118,98;20,21;2204,12;71,02;102,34;32,24;75,16;Sanayi;Haftaici;2;2011
2.02.2011;92,93;25,32;2148,7;72,92;145,09;73,12;53,44;Sanayi;Haftaici;2;2011
1.02.2011;109,7;13,72;2526,39;67,54;140,92;74,4;69,99;Sanayi;Haftaici;2;2011
31.01.2011;89,91;8,77;2050,21;67,19;126,12;59,86;41,68;Sanayi;Haftaici;1;2011
30.01.2011;51,69;5,91;2048,7;59,53;112,71;54,18;38,27;Sanayi;Haftasonu ;1;2011
29.01.2011;51,1;6,37;1944,53;58,26;112,58;55,06;;Sanayi;Haftasonu ;1;2011
28.01.2011;75,65;16,65;2092,83;63,1;129,84;67,82;48,25;Sanayi;Haftaici;1;2011
27.01.2011;71,41;7,18;2185,5;66,73;144,02;77,98;41,77;Sanayi;Haftaici;1;2011
26.01.2011;77,35;5,99;2002,48;66,09;162,55;96,41;;Sanayi;Haftaici;1;2011
25.01.2011;33,15;4,17;1708,41;66,65;122,19;55,65;;Sanayi;Haftaici;1;2011
24.01.2011;43,3;10,6;1969,24;64,18;147,97;83,88;;Sanayi;Haftaici;1;2011
23.01.2011;33,05;21,73;1300,56;43;76,22;33,27;;Sanayi;Haftasonu ;1;2011
22.01.2011;97,8;22,14;2452,08;63,62;150,99;87,34;73,15;Sanayi;Haftasonu ;1;2011
21.01.2011;338,57;14,14;5179,79;125,16;439,43;313,94;228,69;Sanayi;Haftaici;1;2011
20.01.2011;108,66;16,94;2268,39;61,62;163,54;101,92;77,09;Sanayi;Haftaici;1;2011
19.01.2011;86,86;13,04;1940,91;64,88;157,04;92,17;53,3;Sanayi;Haftaici;1;2011
18.01.2011;105,77;23,34;2496,41;63,25;188,4;125,09;70,76;Sanayi;Haftaici;1;2011
17.01.2011;123,64;26,12;2760,9;56,32;171,11;115,19;78,68;Sanayi;Haftaici;1;2011
16.01.2011;102,67;20,89;2191,16;56,08;126,44;70,3;71,67;Sanayi;Haftasonu ;1;2011
15.01.2011;103,34;9,39;2124,51;59,31;149,88;90,63;62,87;Sanayi;Haftasonu ;1;2011
14.01.2011;104,4;9,42;1948,64;65,62;153,37;87,9;71,35;Sanayi;Haftaici;1;2011
13.01.2011;125,89;9,79;2396,05;57,17;152,71;95,66;96,72;Sanayi;Haftaici;1;2011
12.01.2011;;8,19;1641,95;55,99;103,43;47,48;49,79;Sanayi;Haftaici;1;2011
11.01.2011;86;9,27;1993,6;63,93;147,13;83,3;48,36;Sanayi;Haftaici;1;2011
10.01.2011;103,18;12,95;1979,17;66,88;175;108,28;49,97;Sanayi;Haftaici;1;2011
9.01.2011;90,32;14;1692,66;61,39;142,75;81,47;45,13;Sanayi;Haftasonu ;1;2011
8.01.2011;139,53;10,02;2543,42;73,03;192,99;119,76;76,86;Sanayi;Haftasonu ;1;2011
7.01.2011;81,48;6,66;1930,98;56,1;140,88;84,99;45,37;Sanayi;Haftaici;1;2011
6.01.2011;90,69;8,1;2603,99;59,73;178,17;118,49;67,29;Sanayi;Haftaici;1;2011
5.01.2011;86,09;7,74;2362,56;61,19;176,72;115,52;50,68;Sanayi;Haftaici;1;2011
4.01.2011;104,69;6,39;2265,41;58,27;160,13;101,59;48,1;Sanayi;Haftaici;1;2011
3.01.2011;136,4;16,8;3344,68;61,6;182,73;121,47;;Sanayi;Haftaici;1;2011
2.01.2011;140,19;13,87;2760,46;60,32;165,78;105,43;;Sanayi;Haftasonu ;1;2011
1.01.2011;51,45;6,61;1132,11;53,95;116,31;62,28;;Sanayi;Haftasonu ;1;2011
31.12.2010;93,36;8,19;2179,24;64,31;178,96;114,56;;Sanayi;Haftaici;12;2010
30.12.2010;49,1;5,24;2257,64;49,09;141,04;92,03;;Sanayi;Haftaici;12;2010
29.12.2010;159,99;25,4;3040,62;81,91;239,73;157,82;91,19;Sanayi;Haftaici;12;2010
28.12.2010;193,96;30,66;4385,52;83,18;306,46;223,45;118,71;Sanayi;Haftaici;12;2010
27.12.2010;318,84;15,38;5375,83;82,87;327,73;244,91;193,89;Sanayi;Haftaici;12;2010
26.12.2010;243,29;;;;;;187,04;Sanayi;Haftasonu ;12;2010
25.12.2010;205,46;10,73;3211,89;;;;114,23;Sanayi;Haftasonu ;12;2010
24.12.2010;61,03;11,44;908,09;;;;35,58;Sanayi;Haftaici;12;2010
23.12.2010;139,37;;1566,63;;;;75,42;Sanayi;Haftaici;12;2010
22.12.2010;107,69;;;;;;57,3;Sanayi;Haftaici;12;2010
21.12.2010;189,27;;;;;;116,37;Sanayi;Haftaici;12;2010
20.12.2010;138,18;;1890,71;;;;73,36;Sanayi;Haftaici;12;2010
19.12.2010;115,03;17,89;1597,58;;;;56,85;Sanayi;Haftasonu ;12;2010
18.12.2010;82,4;8,38;;;;;48,2;Sanayi;Haftasonu ;12;2010
17.12.2010;82,3;;;;;;46,38;Sanayi;Haftaici;12;2010
16.12.2010;33,31;7,59;;;;;;Sanayi;Haftaici;12;2010
15.12.2010;136,84;16,53;;;;;80,81;Sanayi;Haftaici;12;2010
14.12.2010;89,68;4,61;;;;;;Sanayi;Haftaici;12;2010
13.12.2010;70,9;16,17;1511,81;;;;56,91;Sanayi;Haftaici;12;2010
12.12.2010;43,6;5,52;1299,41;;;;34,82;Sanayi;Haftasonu ;12;2010
11.12.2010;34,79;2,07;1070,57;;;;;Sanayi;Haftasonu ;12;2010
10.12.2010;25,94;;;;;;;Sanayi;Haftaici;12;2010
9.12.2010;256,19;;;;;;164,18;Sanayi;Haftaici;12;2010
8.12.2010;194,94;;;;;;126,75;Sanayi;Haftaici;12;2010
7.12.2010;172,58;;;;;;111,1;Sanayi;Haftaici;12;2010
6.12.2010;77,32;;1667,11;;;;38,61;Sanayi;Haftaici;12;2010
5.12.2010;135,83;;;;;;83,88;Sanayi;Haftasonu ;12;2010
4.12.2010;192,3;19,06;2568,41;;;;86,25;Sanayi;Haftasonu ;12;2010
3.12.2010;131,8;15,77;2105,95;;;;63,78;Sanayi;Haftaici;12;2010
2.12.2010;238,29;18,39;3416,28;;;;129,68;Sanayi;Haftaici;12;2010
1.12.2010;168,62;19,58;2673,43;;;;85,4;Sanayi;Haftaici;12;2010
30.11.2010;168,03;13,26;3791,01;;;;96,93;Sanayi;Haftaici;11;2010
29.11.2010;111,56;14,37;1217,27;;;;52,27;Sanayi;Haftaici;11;2010
28.11.2010;161,48;10,69;3274,28;;;;111,38;Sanayi;Haftasonu ;11;2010
27.11.2010;44,84;6,12;1135,8;;;;25,4;Sanayi;Haftasonu ;11;2010
26.11.2010;43,06;3,63;1187,49;;;;25,17;Sanayi;Haftaici;11;2010
25.11.2010;44,72;6,05;1783,65;;;;;Sanayi;Haftaici;11;2010
24.11.2010;32,59;6,27;1740,43;;;;;Sanayi;Haftaici;11;2010
2.11.2010;;;2956,56;;;;148,41;Sanayi;Haftaici;11;2010
1.11.2010;;;2798,71;;;;137,12;Sanayi;Haftaici;11;2010
31.10.2010;127,52;;2039,74;50,35;168,86;118,56;75,38;Sanayi;Haftasonu ;10;2010
30.10.2010;106,34;;2266,74;61,37;208,23;147,07;61,85;Sanayi;Haftasonu ;10;2010
29.10.2010;41,94;;1103,69;44,97;117,83;73,27;;Sanayi;Haftaici;10;2010
28.10.2010;59,93;;971,21;54,08;147,88;93,8;41,94;Sanayi;Haftaici;10;2010
27.10.2010;161,15;;;63,17;199,97;136,93;;Sanayi;Haftaici;10;2010
26.10.2010;182,13;;;64,81;228,12;163,41;101,01;Sanayi;Haftaici;10;2010
25.10.2010;153,69;;;;;;;Sanayi;Haftaici;10;2010
24.10.2010;90,53;;;;;;;Sanayi;Haftasonu ;10;2010
23.10.2010;51,95;;231,71;;;;;Sanayi;Haftasonu ;10;2010
22.10.2010;58,14;;184,43;45,05;142,46;98,3;;Sanayi;Haftaici;10;2010
21.10.2010;102,91;;196,81;53,37;171,4;118,58;;Sanayi;Haftaici;10;2010
20.10.2010;57,23;4,11;335,92;49,66;152,48;103,6;;Sanayi;Haftaici;10;2010
19.10.2010;87,18;1,38;214,45;53;164,6;111,77;;Sanayi;Haftaici;10;2010
18.10.2010;;6,94;347,47;48,92;110,63;62,03;;Sanayi;Haftaici;10;2010
17.10.2010;92,54;1,28;268,79;42,63;127,64;85,09;;Sanayi;Haftasonu ;10;2010
16.10.2010;140,47;2,07;245,83;55,46;227,42;172,21;;Sanayi;Haftasonu ;10;2010
15.10.2010;108,98;4,45;;48,89;163;114,53;;Sanayi;Haftaici;10;2010
14.10.2010;57,18;5,56;;50,48;178,82;129,47;;Sanayi;Haftaici;10;2010
13.10.2010;99,36;9,95;;53,94;194,95;141,16;;Sanayi;Haftaici;10;2010
12.10.2010;114,43;10,1;;67,89;176,43;108,69;;Sanayi;Haftaici;10;2010
11.10.2010;77,46;4,59;;56,04;159,3;104,4;;Sanayi;Haftaici;10;2010
10.10.2010;81,15;15,62;;49,11;143,07;94,48;;Sanayi;Haftasonu ;10;2010
9.10.2010;44,35;2,96;;42,24;111,8;71,25;;Sanayi;Haftasonu ;10;2010
8.10.2010;51;4,75;;44,85;135,5;91,04;;Sanayi;Haftaici;10;2010
7.10.2010;60,19;3,96;;49,95;158,74;110,33;;Sanayi;Haftaici;10;2010
6.10.2010;104,51;11,03;;57,54;146,91;89,84;;Sanayi;Haftaici;10;2010
5.10.2010;79,45;9;;63,84;166,87;103,67;47,69;Sanayi;Haftaici;10;2010
4.10.2010;57,49;7,16;;50,71;129,52;79,89;;Sanayi;Haftaici;10;2010
3.10.2010;32,68;12,98;;36,09;84,85;49,44;;Sanayi;Haftasonu ;10;2010
2.10.2010;50,52;9,19;;53,66;125,5;72,91;;Sanayi;Haftasonu ;10;2010
1.10.2010;63,6;7,33;;63,14;145,18;82,98;46,03;Sanayi;Haftaici;10;2010
30.09.2010;53,93;6,51;;57,06;133,84;77,43;;Sanayi;Haftaici;9;2010
29.09.2010;157,75;11,31;1368,97;52,03;175,73;123,86;102,84;Sanayi;Haftaici;9;2010
28.09.2010;59,39;13,28;905,84;55,73;128,92;73,94;;Sanayi;Haftaici;9;2010
27.09.2010;124,39;12,3;1465,45;54,28;168,2;114,41;;Sanayi;Haftaici;9;2010
26.09.2010;109,85;9,83;1319,72;48,49;135,56;87,2;;Sanayi;Haftasonu ;9;2010
25.09.2010;94,93;12,02;1607,74;60,25;176,73;117,25;;Sanayi;Haftasonu ;9;2010
24.09.2010;88,9;7;719,87;52,94;121,42;68,78;;Sanayi;Haftaici;9;2010
23.09.2010;92,12;2,16;419,11;42,75;94,14;51,57;;Sanayi;Haftaici;9;2010
22.09.2010;69,99;4,22;724,95;48,75;111,17;62,71;;Sanayi;Haftaici;9;2010
21.09.2010;81,64;6,99;809,96;57,25;129,07;72,2;;Sanayi;Haftaici;9;2010
20.09.2010;109,28;14,92;2143,95;55,37;208,06;152,74;;Sanayi;Haftaici;9;2010
19.09.2010;74,27;8,1;1234,62;31,62;77,92;46,42;;Sanayi;Haftasonu ;9;2010
18.09.2010;67,58;13,97;1259,18;36,68;90,22;53,8;;Sanayi;Haftasonu ;9;2010
17.09.2010;69,26;8,09;1117,29;34,88;77,4;43,32;;Sanayi;Haftaici;9;2010
16.09.2010;94,37;6,23;1360,38;44,67;118,83;74,66;;Sanayi;Haftaici;9;2010
15.09.2010;91,81;11,67;1879,87;40,36;114,76;74,7;38,9;Sanayi;Haftaici;9;2010
14.09.2010;51,56;9,02;1025,7;33,31;78,33;45,57;33,89;Sanayi;Haftaici;9;2010
13.09.2010;35,36;7,85;1180,19;27,84;64,34;37,03;26,46;Sanayi;Haftaici;9;2010
12.09.2010;34,59;5,83;572,76;21,22;44,24;23,28;;Sanayi;Haftasonu ;9;2010
11.09.2010;29,89;3,37;831,92;26,62;53,43;27,1;;Sanayi;Haftasonu ;9;2010
10.09.2010;25,09;2,8;523;22,11;51,34;29,61;;Sanayi;Haftaici;9;2010
9.09.2010;23,42;4,99;630,59;24,42;50,67;26,46;;Sanayi;Haftaici;9;2010
8.09.2010;40,52;5,38;761,58;34,59;72,39;37,99;27,33;Sanayi;Haftaici;9;2010
7.09.2010;55,02;5,52;967,08;29,45;68,12;38,9;36,03;Sanayi;Haftaici;9;2010
6.09.2010;59,2;4,58;800,52;28,71;66,44;38,02;34,48;Sanayi;Haftaici;9;2010
5.09.2010;68,97;9,92;664,8;33,66;67,61;34,07;34,11;Sanayi;Haftasonu ;9;2010
4.09.2010;70,6;8,79;1480,16;38,92;84,63;45,76;38,03;Sanayi;Haftasonu ;9;2010
3.09.2010;73,72;4,51;757,1;31,12;68,41;37,57;31,27;Sanayi;Haftaici;9;2010
2.09.2010;46,54;12,86;874,82;34,58;84,09;49,98;28,05;Sanayi;Haftaici;9;2010
1.09.2010;91,27;6,55;994,42;26,02;59,19;33,47;45,1;Sanayi;Haftaici;9;2010
31.08.2010;108,91;10,1;1102,14;41,48;93,4;51,94;50,27;Sanayi;Haftaici;8;2010
30.08.2010;80,69;9,68;1483,28;38,19;88,52;50,33;41,63;Sanayi;Haftaici;8;2010
29.08.2010;74,43;8,83;898,48;30,32;75,06;44,71;36,62;Sanayi;Haftasonu ;8;2010
28.08.2010;86,69;10,04;1355,93;37,46;91,16;53,61;43,52;Sanayi;Haftasonu ;8;2010
27.08.2010;63,33;1,75;999,24;41,51;93,78;52,69;39,55;Sanayi;Haftaici;8;2010
26.08.2010;64,69;6,75;989,93;60,55;149,78;91,77;35,61;Sanayi;Haftaici;8;2010
25.08.2010;70,04;8,55;1086,96;81,3;160,39;80,47;30,54;Sanayi;Haftaici;8;2010
24.08.2010;97,09;9,67;1463,3;93,45;194,26;101,3;48,39;Sanayi;Haftaici;8;2010
23.08.2010;64,8;6,23;869,4;61,98;135,99;74,28;36,24;Sanayi;Haftaici;8;2010
22.08.2010;38,53;2,99;817,94;40,1;81,11;42,08;30,78;Sanayi;Haftasonu ;8;2010
21.08.2010;64,03;5,74;931,61;50,6;116,75;67,44;37,39;Sanayi;Haftasonu ;8;2010
20.08.2010;74,2;8,97;842,74;69,86;133,82;65,05;49,57;Sanayi;Haftaici;8;2010
19.08.2010;109,22;3,12;1990,62;82,84;156,32;74,19;49,29;Sanayi;Haftaici;8;2010
18.08.2010;;;;;;;;Sanayi;Haftaici;8;2010
25.07.2010;95,49;13,79;1246,72;61,6;171,62;112,04;43,53;Sanayi;Haftasonu ;7;2010
24.07.2010;48,11;18,05;1188,09;57,4;137,92;81,53;36,52;Sanayi;Haftasonu ;7;2010
23.07.2010;54,56;;1646,04;63,12;141,65;79,65;37,62;Sanayi;Haftaici;7;2010
21.07.2010;52,83;;1395,74;68,49;127,92;60,21;34,5;Sanayi;Haftaici;7;2010
20.07.2010;48,61;;;60,94;104;43,24;27,14;Sanayi;Haftaici;7;2010
18.07.2010;38,63;9,64;715,02;46,94;96,82;50,6;23,3;Sanayi;Haftasonu ;7;2010
17.07.2010;44,07;5,23;826,19;58,06;131,2;74,52;28,4;Sanayi;Haftasonu ;7;2010
16.07.2010;54,19;0,92;1068,24;61,11;147,16;87,66;29,48;Sanayi;Haftaici;7;2010
15.07.2010;47,34;3,09;1088,57;64,48;135,51;71,52;30,9;Sanayi;Haftaici;7;2010
14.07.2010;49,72;;;59,19;130,48;71,86;35,21;Sanayi;Haftaici;7;2010
11.07.2010;81,27;11,75;902,35;70,26;126,1;56;28,41;Sanayi;Haftasonu ;7;2010
10.07.2010;61,5;18,16;1085,01;75,68;143,46;68,13;32,72;Sanayi;Haftasonu ;7;2010
9.07.2010;65,43;14,86;990,55;76,09;142,15;66,24;31,42;Sanayi;Haftaici;7;2010
8.07.2010;52,54;2,57;1255,68;81,25;166,02;85,23;34,26;Sanayi;Haftaici;7;2010
7.07.2010;50,97;11,98;925,17;85,39;159,36;74,42;31,14;Sanayi;Haftaici;7;2010
6.07.2010;60,16;8,44;934,05;77;140,93;64,04;32,07;Sanayi;Haftaici;7;2010
5.07.2010;58,84;6,31;901,57;71,16;137,12;66,45;25,49;Sanayi;Haftaici;7;2010
4.07.2010;53,66;2,86;839;57,63;100,67;44,29;25,24;Sanayi;Haftasonu ;7;2010
3.07.2010;43;5,25;752,8;64,57;131,44;67,47;36,26;Sanayi;Haftasonu ;7;2010
2.07.2010;40,56;4,58;1008,55;62,21;114,21;52;23,7;Sanayi;Haftaici;7;2010
1.07.2010;55,98;23,43;1081,91;77,93;153,95;77,72;35,36;Sanayi;Haftaici;7;2010
30.06.2010;62,53;8,8;;72,61;136,34;64,07;34,61;Sanayi;Haftaici;6;2010
29.06.2010;57,94;12,74;946,83;73,86;151,5;78,95;29,07;Sanayi;Haftaici;6;2010
28.06.2010;41,92;3,98;1171,55;70,17;127,3;57,48;26,92;Sanayi;Haftaici;6;2010
27.06.2010;40,2;6,29;765,55;56,23;104,42;48,84;;Sanayi;Haftasonu ;6;2010
26.06.2010;60,97;12,24;968,04;56,49;127,04;71,14;;Sanayi;Haftasonu ;6;2010
25.06.2010;41,77;16,31;1189,76;;;;;Sanayi;Haftaici;6;2010
24.06.2010;34,46;25,81;1006,95;89,87;204,03;117,31;24,58;Sanayi;Haftaici;6;2010
23.06.2010;48,03;5,4;959,2;92,52;192,06;101,68;;Sanayi;Haftaici;6;2010
22.06.2010;61,43;11,77;879,99;101,47;212,84;113,59;;Sanayi;Haftaici;6;2010
21.06.2010;61,18;10,16;1054,38;104,79;238,65;136,34;;Sanayi;Haftaici;6;2010
20.06.2010;37,94;1,29;824,29;85,73;154,4;69,87;;Sanayi;Haftasonu ;6;2010
19.06.2010;60,41;2,51;842,59;92,65;156,74;64,3;;Sanayi;Haftasonu ;6;2010
18.06.2010;45,38;3,09;1248,39;;;;;Sanayi;Haftaici;6;2010
17.06.2010;82,81;;1615,57;;;;;Sanayi;Haftaici;6;2010
14.06.2010;92,15;;1051,76;;;;41,82;Sanayi;Haftaici;6;2010
12.06.2010;73,14;5,22;1189,02;;;;19,9;Sanayi;Haftasonu ;6;2010
11.06.2010;69,18;5,63;1420,51;;;;24,61;Sanayi;Haftaici;6;2010
10.06.2010;47,41;5,27;1227,83;;;;28,34;Sanayi;Haftaici;6;2010
9.06.2010;49,82;5,22;980,2;;;;24,08;Sanayi;Haftaici;6;2010
8.06.2010;60,15;12,63;700,7;;;;24,61;Sanayi;Haftaici;6;2010
7.06.2010;80,67;7,96;969,96;;;;27,34;Sanayi;Haftaici;6;2010
6.06.2010;70,77;6,12;1555,96;;;;34,03;Sanayi;Haftasonu ;6;2010
5.06.2010;86,39;;734,49;;;;22,14;Sanayi;Haftasonu ;6;2010
4.06.2010;94,97;;;;;;28,17;Sanayi;Haftaici;6;2010
3.06.2010;67,71;;;;;;32,47;Sanayi;Haftaici;6;2010
2.06.2010;67,9;;657,23;;;;28,87;Sanayi;Haftaici;6;2010
1.06.2010;90,68;;;;;;28,09;Sanayi;Haftaici;6;2010
31.05.2010;87,63;;964,2;;;;;Sanayi;Haftaici;5;2010
30.05.2010;43,93;;937,59;;;;;Sanayi;Haftasonu ;5;2010
29.05.2010;48,85;;884,64;;;;;Sanayi;Haftasonu ;5;2010
28.05.2010;85,71;;910,62;;;;;Sanayi;Haftaici;5;2010
27.05.2010;69,43;9,11;1214,2;;;;;Sanayi;Haftaici;5;2010
26.05.2010;59,05;17,04;1156,37;;;;;Sanayi;Haftaici;5;2010
25.05.2010;42,43;6,96;936,69;;;;;Sanayi;Haftaici;5;2010
24.05.2010;60,96;21,08;1312,9;;;;;Sanayi;Haftaici;5;2010
23.05.2010;34,04;9,07;783,02;;;;;Sanayi;Haftasonu ;5;2010
22.05.2010;34,56;4,11;1119,06;;;;;Sanayi;Haftasonu ;5;2010
21.05.2010;41,03;12,45;763,2;;;;;Sanayi;Haftaici;5;2010
20.05.2010;46,64;9,49;1100,08;;;;;Sanayi;Haftaici;5;2010
19.05.2010;30,32;9,2;966,66;;;;;Sanayi;Haftaici;5;2010
18.05.2010;45,46;20,95;983,11;;;;;Sanayi;Haftaici;5;2010
17.05.2010;41,59;5,66;983,2;;;;;Sanayi;Haftaici;5;2010
16.05.2010;113,77;10;447,61;;;;;Sanayi;Haftasonu ;5;2010
15.05.2010;62,89;11,45;1028,3;;;;;Sanayi;Haftasonu ;5;2010
14.05.2010;87,82;11,53;963,2;;;;;Sanayi;Haftaici;5;2010
13.05.2010;73,55;16,9;1242,51;;;;35,97;Sanayi;Haftaici;5;2010
12.05.2010;50,36;19,91;1271,86;;;;22,92;Sanayi;Haftaici;5;2010
11.05.2010;50,02;10,98;1040,39;;;;28,23;Sanayi;Haftaici;5;2010
10.05.2010;44,96;12,55;789,75;;;;26,63;Sanayi;Haftaici;5;2010
9.05.2010;85,06;9,58;1341,83;43,54;167,33;127,68;39,9;Sanayi;Haftasonu ;5;2010
8.05.2010;59;17,56;1137,93;;;;22,2;Sanayi;Haftasonu ;5;2010
7.05.2010;;16,42;1306,95;;;;;Sanayi;Haftaici;5;2010
6.05.2010;;38,56;1420,77;;;;34,51;Sanayi;Haftaici;5;2010
5.05.2010;;32,57;1119,44;;;;24,98;Sanayi;Haftaici;5;2010
4.05.2010;;25,75;1020,91;;;;24,39;Sanayi;Haftaici;5;2010
3.05.2010;;17,27;1275,81;70,73;200,31;133,23;23,68;Sanayi;Haftaici;5;2010
2.05.2010;45,46;11,85;964,75;;;;;Sanayi;Haftasonu ;5;2010
1.05.2010;55,03;18,33;1297,48;;;;14,67;Sanayi;Haftasonu ;5;2010
30.04.2010;40,81;9,89;855,98;52,61;141,7;94,08;17,27;Sanayi;Haftaici;4;2010
29.04.2010;;9,07;753,19;54,33;143,31;93,89;16,44;Sanayi;Haftaici;4;2010
28.04.2010;;12,36;1190,72;61,49;168,02;110,36;24,63;Sanayi;Haftaici;4;2010
27.04.2010;;8,28;977,38;59,2;167,05;111,64;23,96;Sanayi;Haftaici;4;2010
26.04.2010;38,41;8,76;762,94;62,34;154,54;95,31;17,61;Sanayi;Haftaici;4;2010
25.04.2010;48,76;10,33;871,17;73,3;146,05;75,07;27;Sanayi;Haftasonu ;4;2010
24.04.2010;;19,22;1395,84;76,73;198,78;125,65;;Sanayi;Haftasonu ;4;2010
23.04.2010;;16,88;1273,35;66,07;186,19;122,66;;Sanayi;Haftaici;4;2010
22.04.2010;60,56;9,6;1319,67;65,73;186,79;125,01;;Sanayi;Haftaici;4;2010
21.04.2010;51,43;6,8;712,96;53;146,31;98,31;;Sanayi;Haftaici;4;2010
20.04.2010;;7,47;1093,61;65,13;199,36;136,71;;Sanayi;Haftaici;4;2010
19.04.2010;;8,03;920,12;56,48;143,89;91,54;;Sanayi;Haftaici;4;2010
18.04.2010;56,14;9,47;1146,79;53,76;148,03;97,51;;Sanayi;Haftasonu ;4;2010
17.04.2010;57,93;10,68;904,74;61,28;155,9;101,44;;Sanayi;Haftasonu ;4;2010
16.04.2010;61,69;15,56;1299,75;61,85;191,36;132,87;;Sanayi;Haftaici;4;2010
15.04.2010;77,75;28,63;1762,7;67,04;198,5;135,88;;Sanayi;Haftaici;4;2010
14.04.2010;64,79;15,78;1191,65;80,26;166,35;85,99;30,41;Sanayi;Haftaici;4;2010
13.04.2010;66,52;18,24;1453,09;79,04;201,12;122,2;33,19;Sanayi;Haftaici;4;2010
12.04.2010;41,88;17,3;1332,29;61,94;198,98;137,15;35,65;Sanayi;Haftaici;4;2010
11.04.2010;48,97;17,78;1166,4;59,95;150,33;90,68;26,98;Sanayi;Haftasonu ;4;2010
10.04.2010;52,44;12,97;1455,55;61,34;196,61;135,56;32,6;Sanayi;Haftasonu ;4;2010
9.04.2010;35,26;10,53;1284,89;55,14;174,86;120,16;19,65;Sanayi;Haftaici;4;2010
8.04.2010;54,72;5,7;1481,2;66,73;199,17;132,71;25,81;Sanayi;Haftaici;4;2010
7.04.2010;41,07;9,89;1410,18;57,69;174,9;117,3;21,16;Sanayi;Haftaici;4;2010
6.04.2010;65,36;13,45;803,24;70,69;131,2;61,16;24,42;Sanayi;Haftaici;4;2010
5.04.2010;;15,47;1260,79;70,86;143;77,75;;Sanayi;Haftaici;4;2010
4.04.2010;;11,69;1273,5;64,05;133,72;74,83;;Sanayi;Haftasonu ;4;2010
3.04.2010;;15,09;1430,06;58,06;181,05;129,22;;Sanayi;Haftasonu ;4;2010
2.04.2010;58,33;16,69;1036,87;71,01;149,46;83,47;25,16;Sanayi;Haftaici;4;2010
1.04.2010;77,65;18,81;2164,22;65,57;217,93;158,03;35,48;Sanayi;Haftaici;4;2010
31.03.2010;94,23;14,75;1902;56,26;219,7;171,34;48,04;Sanayi;Haftaici;3;2010
30.03.2010;49,96;11,36;1481,72;59,15;186,22;132,89;24,92;Sanayi;Haftaici;3;2010
29.03.2010;34,93;13,27;1579,92;51;138,3;92,81;20,39;Sanayi;Haftaici;3;2010
28.03.2010;82,18;15,55;594,78;45,27;80,98;41,15;32,08;Sanayi;Haftasonu ;3;2010
27.03.2010;96,42;27,3;1963,9;72,64;224,67;158,18;44,02;Sanayi;Haftasonu ;3;2010
26.03.2010;67,73;21,67;1360,75;57,35;203,22;151,75;37,05;Sanayi;Haftaici;3;2010
25.03.2010;75,93;34,27;1770,26;56,75;253,46;203,16;25,65;Sanayi;Haftaici;3;2010
24.03.2010;135,7;9,31;2686,19;215,64;266,07;55,78;25,65;Sanayi;Haftaici;3;2010
23.03.2010;76,52;9,31;1480,14;162,09;176,61;19,81;25,65;Sanayi;Haftaici;3;2010
22.03.2010;106,74;13,5;2412,85;204,48;257,55;58,05;25,65;Sanayi;Haftaici;3;2010
21.03.2010;101,22;11,35;2308,81;162,9;200,16;42,29;25,65;Sanayi;Haftasonu ;3;2010
20.03.2010;99,03;11,11;2232,24;185,18;238,15;57,9;25,65;Sanayi;Haftasonu ;3;2010
19.03.2010;77,82;10,05;1857,62;168,24;195,93;32,71;25,65;Sanayi;Haftaici;3;2010
18.03.2010;52,96;9,34;1867,84;168,07;206,63;43,63;25,65;Sanayi;Haftaici;3;2010
17.03.2010;53,14;4,87;1236,63;171,67;194,36;27,7;25,65;Sanayi;Haftaici;3;2010
16.03.2010;50,55;8,2;1477,02;94,64;214,55;125,19;25,65;Sanayi;Haftaici;3;2010
15.03.2010;68,91;6,29;1108,66;54,28;174,44;125,55;25,65;Sanayi;Haftaici;3;2010
14.03.2010;53,01;12,18;1254,18;54;155,02;106,44;25,65;Sanayi;Haftasonu ;3;2010
13.03.2010;69,23;11,24;1696,22;72,87;171,05;103,46;25,65;Sanayi;Haftasonu ;3;2010
12.03.2010;96,71;33,33;1582,48;69,91;218,97;155,3;25,65;Sanayi;Haftaici;3;2010
11.03.2010;207,49;30,81;4052,88;109,79;436,2;332,13;56,6;Sanayi;Haftaici;3;2010
10.03.2010;98,67;21,57;1972,82;121,81;257,49;140,81;32,62;Sanayi;Haftaici;3;2010
9.03.2010;140,61;18,17;1601,97;97,94;241,28;148,45;49,94;Sanayi;Haftaici;3;2010
8.03.2010;146,33;6,95;2705,73;93,11;320,67;232,78;47,78;Sanayi;Haftaici;3;2010
7.03.2010;55,82;15,16;1587,04;112,88;242,91;135,2;20,57;Sanayi;Haftasonu ;3;2010
6.03.2010;31,92;3,83;1430,44;97,4;213,63;121,43;14,47;Sanayi;Haftasonu ;3;2010
5.03.2010;70,99;9,52;1812,52;110,98;253,94;147,95;27,2;Sanayi;Haftaici;3;2010
4.03.2010;96,55;20,42;1899,11;110,34;249,27;144,61;43,62;Sanayi;Haftaici;3;2010
3.03.2010;54,04;7,29;1115,06;105,26;198,64;98,98;18,3;Sanayi;Haftaici;3;2010
2.03.2010;62,33;13,17;1386,14;76,52;185,74;115,63;25,65;Sanayi;Haftaici;3;2010
1.03.2010;105,01;11,11;1178,12;88,88;165,71;74,94;25,65;Sanayi;Haftaici;3;2010
28.02.2010;61,81;;;22,48;156,76;148,14;;Sanayi;Haftasonu ;2;2010
27.02.2010;73,75;;;25,78;188,89;183,18;;Sanayi;Haftasonu ;2;2010
26.02.2010;104,5;;;;;;;Sanayi;Haftaici;2;2010
25.02.2010;95,85;6,76;2754,3;;;;56,24;Sanayi;Haftaici;2;2010
24.02.2010;90,29;8,83;2203,28;;;;34,53;Sanayi;Haftaici;2;2010
23.02.2010;85,64;16,01;1649,66;38,91;173,66;143,5;31,84;Sanayi;Haftaici;2;2010
22.02.2010;91,59;9,96;1963,28;39,5;142,79;110,17;37,66;Sanayi;Haftaici;2;2010
21.02.2010;40,2;5,9;1242,39;34,77;97,22;69,88;22,04;Sanayi;Haftasonu ;2;2010
20.02.2010;170,18;35,36;1649,76;;;;59,26;Sanayi;Haftasonu ;2;2010
19.02.2010;63,08;18,37;2275,57;27,77;163,48;145,11;43,02;Sanayi;Haftaici;2;2010
18.02.2010;54,68;27,09;1895,73;;;;37,88;Sanayi;Haftaici;2;2010
17.02.2010;118,35;32,94;4294,11;;;;96,84;Sanayi;Haftaici;2;2010
16.02.2010;77,35;14,7;2061,27;39,42;158,68;126,25;37,65;Sanayi;Haftaici;2;2010
15.02.2010;105,13;15,84;1470,36;29,43;126,71;106,05;41,05;Sanayi;Haftaici;2;2010
14.02.2010;97,47;21,52;1343,25;32,43;126,63;105,67;34,65;Sanayi;Haftasonu ;2;2010
13.02.2010;102,02;19,42;842,97;37,08;82,06;51,72;32,77;Sanayi;Haftasonu ;2;2010
12.02.2010;137,31;16,24;3630,48;;;;67,85;Sanayi;Haftaici;2;2010
11.02.2010;73,67;16,86;1106,43;34,37;131,99;111,58;24,28;Sanayi;Haftaici;2;2010
10.02.2010;69,4;19,89;1254,54;39,81;113,29;80,46;25,71;Sanayi;Haftaici;2;2010
9.02.2010;93,44;12,4;3361,88;;;;71,76;Sanayi;Haftaici;2;2010
8.02.2010;33,34;15,16;899,74;38,81;80,6;48,17;17,51;Sanayi;Haftaici;2;2010
7.02.2010;46,44;26,51;963,38;41,98;85,18;49,69;24,02;Sanayi;Haftasonu ;2;2010
6.02.2010;91,98;14,52;1599,2;39,88;149,91;118,66;40,03;Sanayi;Haftasonu ;2;2010
5.02.2010;104,22;12,44;2030,25;;;;35,4;Sanayi;Haftaici;2;2010
4.02.2010;72,7;14,18;1601,12;30,36;161,84;140,88;26,31;Sanayi;Haftaici;2;2010
3.02.2010;40,44;14,2;1111,2;29,48;146,12;124,66;12,39;Sanayi;Haftaici;2;2010
2.02.2010;29,57;19,14;709,86;59,14;106,32;47,07;;Sanayi;Haftaici;2;2010
1.02.2010;87,85;22,38;1510,24;80,84;194,15;113,31;;Sanayi;Haftaici;2;2010
31.01.2010;115,54;15,04;1954,8;61,24;210,68;149,44;;Sanayi;Haftasonu ;1;2010
30.01.2010;83,76;20,93;1886,05;62,45;245,56;183,2;;Sanayi;Haftasonu ;1;2010
29.01.2010;45,35;18,95;1249,68;74,87;176,05;101,52;;Sanayi;Haftaici;1;2010
28.01.2010;208,25;10,63;3185,06;84,3;302,94;218,97;;Sanayi;Haftaici;1;2010
27.01.2010;136,14;35,66;2296,68;87,74;283,26;196,11;;Sanayi;Haftaici;1;2010
26.01.2010;76,69;15,46;1640,51;72,35;215,97;143,82;43,04;Sanayi;Haftaici;1;2010
25.01.2010;66,63;10,41;1271,05;72,8;185,78;112,52;33,83;Sanayi;Haftaici;1;2010
24.01.2010;68,36;9,52;1468,89;56,04;193,29;136,93;23,52;Sanayi;Haftasonu ;1;2010
23.01.2010;42,72;7,53;1551,98;62,91;209,62;146,87;25,43;Sanayi;Haftasonu ;1;2010
22.01.2010;54,41;8,22;1513,25;67,36;236,98;170,7;42,35;Sanayi;Haftaici;1;2010
21.01.2010;92,72;6,74;1838,6;65,72;242,45;177,59;21,05;Sanayi;Haftaici;1;2010
20.01.2010;;11,71;2200,69;50,56;322,38;272,1;;Sanayi;Haftaici;1;2010
19.01.2010;111,77;10,1;1970,05;52,29;280,75;228,56;;Sanayi;Haftaici;1;2010
18.01.2010;111,3;14,29;1791,99;62,38;234,86;172,08;;Sanayi;Haftaici;1;2010
17.01.2010;66,01;8;1905,83;44,89;190,38;145,99;51,59;Sanayi;Haftasonu ;1;2010
16.01.2010;103,09;7,12;1660,96;44,63;227,98;184,04;72,92;Sanayi;Haftasonu ;1;2010
15.01.2010;139,05;10,2;2592,21;55,22;394,93;339,93;69,62;Sanayi;Haftaici;1;2010
14.01.2010;86,11;12,4;1979,21;65,62;259,65;194,18;57,42;Sanayi;Haftaici;1;2010
13.01.2010;66,98;15,86;1861,86;73,98;217,89;144,07;63,1;Sanayi;Haftaici;1;2010
12.01.2010;;26,74;1888,89;75,56;196,8;121,16;46,52;Sanayi;Haftaici;1;2010
11.01.2010;89,48;20,15;2063,11;80,03;232,86;152,58;39,16;Sanayi;Haftaici;1;2010
10.01.2010;200,21;44,05;3361,96;38,77;366,01;326,85;125,26;Sanayi;Haftasonu ;1;2010
9.01.2010;230,1;42,8;3581,29;56,8;376,93;320,72;136,98;Sanayi;Haftasonu ;1;2010
8.01.2010;256,16;39,39;3141,63;69,26;484,83;416,04;151,47;Sanayi;Haftaici;1;2010
7.01.2010;332,07;36,21;4472,77;68,41;542,25;473,94;202,62;Sanayi;Haftaici;1;2010
6.01.2010;220,88;20,88;4277,68;58,16;375,98;317,56;150;Sanayi;Haftaici;1;2010
5.01.2010;106,52;11,8;2032,77;72,03;219,2;147,92;54,08;Sanayi;Haftaici;1;2010
4.01.2010;66,02;7,47;1117,19;61,71;194,36;132,61;23,81;Sanayi;Haftaici;1;2010
3.01.2010;49,43;6,88;1148,46;60,63;122,94;62,06;16,3;Sanayi;Haftasonu ;1;2010
2.01.2010;56,42;10,66;675,76;60,83;122,05;61,32;17,41;Sanayi;Haftasonu ;1;2010
1.01.2010;111,12;23,09;1283,3;60,83;212,95;152,01;54,28;Sanayi;Haftaici;1;2010
